0 0.396849 0.745880 0.038852 0.039000
0 0.191910 0.296670 0.034487 0.034950
0 0.540086 0.293412 0.052058 0.050062
0 0.266468 0.541002 0.023526 0.023162
0 0.355625 0.623095 0.040375 0.039655
0 0.283072 0.323211 0.022760 0.022483
0 0.594090 0.716657 0.027853 0.030738
0 0.142928 0.418653 0.032058 0.032360
0 0.045390 0.841775 0.037701 0.037366
0 0.209745 0.786121 0.049650 0.049541
0 0.343439 0.023711 0.024168 0.023474
0 0.451816 0.525010 0.019474 0.019274
0 0.483950 0.685980 0.024436 0.024607
0 0.104832 0.207360 0.020762 0.020602
0 0.195191 0.081504 0.019129 0.019095
0 0.191189 0.013554 0.018715 0.020025
0 0.155856 0.565722 0.024436 0.024069
0 0.171373 0.276309 0.019666 0.020434
