0 0.103978 0.637394 0.060657 0.056849
0 0.937143 0.280154 0.071243 0.067632
0 0.608028 0.533606 0.071385 0.066186
0 0.487966 0.569734 0.045816 0.043428
0 0.202905 0.948439 0.042787 0.040111
0 0.266890 0.039056 0.041289 0.039148
0 0.033414 0.155631 0.040764 0.040329
0 0.552888 0.351362 0.036017 0.034782
0 0.759315 0.722647 0.051442 0.051066
0 0.317499 0.144843 0.033417 0.032226
0 0.089313 0.713421 0.049109 0.046831
0 0.237697 0.436525 0.034405 0.034631
0 0.330162 0.687530 0.035570 0.035018
0 0.651898 0.269806 0.039610 0.038040
0 0.375730 0.426515 0.029401 0.028898
0 0.131543 0.600002 0.034863 0.034318
0 0.648935 0.492346 0.036500 0.035442
0 0.830495 0.241596 0.043571 0.041289
0 0.575314 0.302581 0.037741 0.035667
0 0.097512 0.035485 0.044651 0.042482
0 0.159253 0.274389 0.040826 0.039149
0 0.256660 0.370494 0.039333 0.039005
0 0.656058 0.563926 0.042700 0.041061
0 0.758020 0.201118 0.047320 0.046252
0 0.834001 0.885121 0.056811 0.054925
0 0.324167 0.871859 0.038970 0.037992
0 0.400966 0.181753 0.114309 0.109881
0 0.011994 0.316947 0.023988 0.039910
0 0.037503 0.489178 0.035095 0.035107
0 0.986366 0.105955 0.027269 0.045667
0 0.035145 0.247946 0.034298 0.033196
0 0.783832 0.943894 0.035639 0.034051
0 0.621580 0.581230 0.034797 0.033069
0 0.709318 0.499064 0.028390 0.027741
0 0.501316 0.427876 0.030482 0.029528
0 0.955110 0.960821 0.049575 0.046899
0 0.939276 0.585176 0.043532 0.041892
0 0.796496 0.613841 0.034177 0.034425
0 0.517129 0.219457 0.034553 0.033017
0 0.010994 0.451708 0.021987 0.031410
0 0.740867 0.666383 0.031850 0.031178
0 0.658382 0.614333 0.072253 0.068172
0 0.776706 0.046224 0.027752 0.026967
0 0.859024 0.602506 0.046968 0.045668
0 0.343172 0.962336 0.031353 0.030695
0 0.868797 0.743633 0.029012 0.028693
0 0.751543 0.177959 0.028791 0.028387
0 0.652122 0.011354 0.047079 0.022632
0 0.972413 0.878071 0.028431 0.027627
0 0.785131 0.011290 0.034060 0.022580
0 0.850229 0.149269 0.042407 0.041111
0 0.391832 0.017728 0.058840 0.034634
0 0.404238 0.910859 0.036870 0.036466
0 0.461803 0.059196 0.032037 0.031849
0 0.305660 0.295472 0.041423 0.040218
0 0.900140 0.064893 0.033531 0.033842
0 0.304578 0.807499 0.028058 0.027748
0 0.931950 0.081521 0.028171 0.027641
0 0.041497 0.325721 0.034450 0.034181
0 0.773348 0.335811 0.030011 0.030287
0 0.413875 0.557862 0.029382 0.029121
0 0.961191 0.450243 0.038422 0.038593
0 0.885318 0.011862 0.037274 0.023537
0 0.934828 0.052186 0.027225 0.027225
0 0.556715 0.787211 0.033310 0.033010
0 0.548438 0.246340 0.027752 0.026835
0 0.709426 0.312960 0.032700 0.032634
0 0.645294 0.657283 0.029687 0.028500
0 0.030586 0.592152 0.033922 0.033344
0 0.193772 0.434928 0.039493 0.036776
0 0.053456 0.460669 0.034365 0.033658
0 0.778276 0.520142 0.030219 0.030197
0 0.695954 0.588276 0.039131 0.037698
0 0.098999 0.256970 0.033184 0.032420
0 0.731598 0.597816 0.026273 0.024507
0 0.730441 0.855387 0.039814 0.039829
0 0.873985 0.092547 0.031803 0.031144
0 0.160411 0.644212 0.039468 0.039379
0 0.971246 0.493611 0.026271 0.025901
0 0.026087 0.068888 0.026851 0.026441
0 0.670010 0.383327 0.029161 0.028235
0 0.583994 0.612021 0.023783 0.023610
0 0.247201 0.219220 0.036216 0.034514
0 0.582576 0.227598 0.029203 0.029073
0 0.833940 0.667584 0.023184 0.022555
0 0.089173 0.454447 0.032999 0.031312
0 0.103453 0.224846 0.033170 0.031474
0 0.279071 0.350183 0.028869 0.027683
0 0.970028 0.534143 0.028909 0.028423
0 0.981691 0.672388 0.035213 0.038489
0 0.213139 0.209940 0.037291 0.036085
0 0.886063 0.323245 0.022372 0.022288
0 0.849953 0.429640 0.027739 0.025701
0 0.699198 0.372076 0.028074 0.028841
0 0.373156 0.771737 0.032875 0.034274
0 0.754392 0.579252 0.032738 0.031787
0 0.743867 0.121765 0.039501 0.036513
0 0.267052 0.793011 0.030104 0.028326
0 0.193564 0.546017 0.037735 0.037401
0 0.121415 0.054585 0.027451 0.027681
0 0.293158 0.404337 0.055487 0.055349
0 0.240906 0.617034 0.033965 0.032309
0 0.351070 0.621931 0.027147 0.026009
