0 0.398489 0.457107 0.067115 0.066744
0 0.512313 0.700102 0.037019 0.036775
0 0.985023 0.591245 0.023769 0.023076
0 0.764296 0.193015 0.025876 0.026255
0 0.194548 0.477319 0.039038 0.039408
0 0.521888 0.250959 0.058258 0.057590
0 0.262175 0.245691 0.027588 0.027482
0 0.814358 0.349213 0.023269 0.023109
0 0.298189 0.548352 0.027258 0.027431
0 0.515697 0.581178 0.046900 0.046789
0 0.067542 0.088920 0.022177 0.022469
0 0.971763 0.641838 0.030872 0.031151
0 0.354428 0.312578 0.039958 0.040291
0 0.656267 0.395626 0.037574 0.037419
0 0.376626 0.894152 0.027556 0.027635
0 0.472255 0.478055 0.020454 0.020294
0 0.386687 0.217519 0.133634 0.139939
0 0.481483 0.439077 0.030783 0.031407
0 0.423548 0.393945 0.069165 0.067789
0 0.905336 0.680853 0.189328 0.200122
0 0.918663 0.325212 0.020911 0.021225
0 0.844055 0.784398 0.018124 0.018726
