0 0.745768 0.672458 0.268530 0.265932
0 0.890911 0.805339 0.026531 0.026466
0 0.352252 0.723484 0.110673 0.112313
0 0.592588 0.649920 0.043190 0.043929
0 0.689129 0.487378 0.039224 0.039501
0 0.441408 0.897534 0.042778 0.043532
0 0.567919 0.245322 0.030854 0.030953
0 0.413218 0.473129 0.023579 0.023801
0 0.619021 0.434570 0.176719 0.177334
0 0.426601 0.592279 0.024376 0.024646
0 0.758190 0.378300 0.031685 0.031525
0 0.124208 0.061167 0.029639 0.029298
0 0.825105 0.936764 0.034702 0.034540
0 0.369784 0.497744 0.028791 0.027993
0 0.327808 0.401051 0.084663 0.083893
0 0.653036 0.196150 0.032160 0.031775
0 0.588011 0.360787 0.022549 0.022487
0 0.896496 0.434477 0.041765 0.042247
0 0.761419 0.828101 0.031060 0.030967
0 0.368064 0.654710 0.026134 0.026234
0 0.792475 0.280117 0.142258 0.141629
0 0.392226 0.414351 0.022472 0.022223
0 0.615989 0.549417 0.027836 0.027679
0 0.511634 0.609970 0.129349 0.130803
0 0.718063 0.433142 0.041350 0.041250
0 0.760767 0.930081 0.024224 0.024167
0 0.429322 0.064492 0.031721 0.031351
0 0.352256 0.376451 0.025916 0.026030
0 0.313838 0.481822 0.021434 0.021490
0 0.206034 0.603443 0.038301 0.038041
0 0.264205 0.741520 0.022140 0.021713
0 0.462153 0.824103 0.022180 0.022486
0 0.957077 0.955063 0.021318 0.021528
0 0.957986 0.123602 0.021502 0.021171
0 0.031171 0.162432 0.024767 0.024979
0 0.084933 0.622987 0.168438 0.267307
0 0.488354 0.416880 0.022819 0.022801
0 0.893869 0.250144 0.022301 0.021573
0 0.256410 0.610405 0.189717 0.187673
0 0.449620 0.038119 0.033968 0.034369
0 0.431962 0.422993 0.021882 0.021968
0 0.730344 0.128051 0.025609 0.024857
0 0.270475 0.066988 0.030101 0.029785
0 0.931375 0.474799 0.070584 0.072856
0 0.974229 0.020582 0.022408 0.022500
0 0.055265 0.857566 0.023445 0.023046
0 0.218513 0.184747 0.021321 0.021366
0 0.237205 0.510357 0.052821 0.053224
0 0.886709 0.316377 0.020372 0.020284
0 0.231841 0.605744 0.021076 0.023234
0 0.574854 0.534961 0.054955 0.055301
0 0.350905 0.837278 0.040613 0.040294
0 0.036695 0.570509 0.037357 0.036621
0 0.047765 0.531669 0.040463 0.040032
0 0.874351 0.177899 0.116785 0.119918
0 0.372396 0.621293 0.020412 0.020255
0 0.455749 0.452672 0.019599 0.019708
0 0.712662 0.664140 0.021760 0.021175
0 0.860193 0.222273 0.021010 0.020613
0 0.568398 0.826474 0.020763 0.020797
0 0.698188 0.149310 0.033021 0.033159
0 0.970387 0.989867 0.037114 0.020265
0 0.224835 0.829694 0.245900 0.277652
0 0.966932 0.610986 0.051233 0.051441
0 0.955546 0.352580 0.088490 0.191109
0 0.008183 0.560829 0.015785 0.040776
0 0.360886 0.439552 0.031378 0.031340
0 0.328990 0.612476 0.019277 0.019344
0 0.961883 0.217641 0.019964 0.019585
0 0.091315 0.959575 0.094918 0.080629
0 0.410146 0.787347 0.096711 0.094919
0 0.878506 0.171682 0.020560 0.020379
0 0.005785 0.868645 0.011569 0.071874
0 0.697402 0.958958 0.024121 0.024452
0 0.111067 0.347914 0.222090 0.386462
0 0.810652 0.838657 0.019296 0.019283
0 0.290292 0.452836 0.018868 0.018874
0 0.955969 0.180432 0.018820 0.018976
0 0.550814 0.687627 0.020289 0.020433
0 0.669513 0.924001 0.076427 0.077962
