0 0.447413 0.512757 0.192570 0.145285
0 0.370923 0.359438 0.140867 0.105755
0 0.293645 0.612655 0.099186 0.075708
0 0.207742 0.336715 0.098570 0.077028
0 0.286815 0.878054 0.274934 0.204061
0 0.152814 0.503898 0.080405 0.058415
0 0.546390 0.455928 0.079282 0.061410
0 0.197459 0.568449 0.102453 0.080808
0 0.210305 0.765135 0.081185 0.059736
0 0.115999 0.368588 0.076663 0.056805
0 0.254843 0.242192 0.152281 0.116638
0 0.438514 0.641744 0.106901 0.089218
0 0.364133 0.716551 0.127287 0.088728
0 0.124572 0.643118 0.052246 0.037238
0 0.217745 0.475234 0.060529 0.046567
0 0.356521 0.652702 0.081386 0.063765
0 0.110910 0.563345 0.084078 0.061388
0 0.105159 0.415343 0.081469 0.060740
0 0.534559 0.643311 0.067616 0.053150
0 0.195361 0.413446 0.054051 0.041377
0 0.047709 0.761062 0.057091 0.047001
0 0.541556 0.580887 0.075492 0.066011
0 0.221348 0.705876 0.056404 0.044296
0 0.184291 0.721230 0.053717 0.046536
0 0.801789 0.495402 0.060721 0.045883
0 0.491841 0.987902 0.040035 0.023848
0 0.650061 0.600432 0.052779 0.044742
0 0.008821 0.629242 0.017643 0.047566
0 0.560742 0.617944 0.055671 0.044889
0 0.173785 0.870501 0.159273 0.121510
0 0.988808 0.506201 0.022383 0.024450
0 0.705274 0.234352 0.582692 0.468703
0 0.339651 0.965233 0.130643 0.069330
0 0.276626 0.399703 0.115701 0.093793
