0 0.151420 0.672028 0.138743 0.141195
0 0.892128 0.951557 0.030136 0.030374
0 0.529046 0.636577 0.055207 0.055281
0 0.660031 0.915003 0.035013 0.034851
0 0.667933 0.216659 0.045841 0.046313
0 0.539691 0.075267 0.076234 0.075771
0 0.960013 0.388338 0.029880 0.029690
0 0.716710 0.872928 0.045858 0.046126
0 0.693109 0.285075 0.034815 0.034467
0 0.276928 0.355613 0.026905 0.027186
0 0.651168 0.948331 0.032190 0.031654
0 0.962075 0.187943 0.048008 0.047731
0 0.220929 0.387741 0.071034 0.070283
0 0.188249 0.427241 0.037266 0.036816
0 0.866467 0.436724 0.024676 0.024545
0 0.942969 0.812362 0.027038 0.027116
0 0.873637 0.826320 0.084472 0.084870
0 0.493249 0.090946 0.028465 0.029085
0 0.147197 0.049259 0.023044 0.022866
0 0.806057 0.438082 0.034473 0.034157
0 0.038271 0.362193 0.076542 0.105251
0 0.286126 0.937890 0.023405 0.023630
0 0.332306 0.018905 0.030905 0.030406
0 0.886146 0.067177 0.041963 0.040681
0 0.989977 0.915200 0.019977 0.026581
0 0.328566 0.332595 0.021345 0.021074
0 0.777078 0.713043 0.021816 0.021447
0 0.074343 0.503619 0.028548 0.028126
0 0.138857 0.192272 0.027584 0.028157
0 0.866463 0.764350 0.029913 0.029674
0 0.637400 0.496052 0.022235 0.022056
0 0.430863 0.397202 0.020439 0.020233
0 0.805965 0.666402 0.079475 0.080469
0 0.184639 0.110963 0.019341 0.019589
0 0.317269 0.278187 0.023143 0.023152
0 0.173428 0.468767 0.060715 0.057922
0 0.703678 0.041414 0.025618 0.025344
0 0.038210 0.237458 0.075904 0.105568
0 0.763675 0.642213 0.020226 0.020158
0 0.764878 0.325708 0.025992 0.026187
0 0.589922 0.168165 0.022920 0.022983
0 0.161232 0.388421 0.022325 0.022750
0 0.576235 0.470533 0.018848 0.018887
0 0.786610 0.064358 0.019923 0.019945
0 0.991878 0.804602 0.016190 0.026957
