0 0.547847 0.209887 0.305325 0.254668
0 0.675960 0.385175 0.072090 0.065060
0 0.757158 0.110422 0.191387 0.159896
0 0.706401 0.466767 0.094835 0.081841
0 0.954270 0.832637 0.042372 0.033258
0 0.489161 0.479973 0.064871 0.056598
0 0.212531 0.078020 0.050760 0.043950
0 0.250216 0.521203 0.040448 0.034728
0 0.593041 0.412587 0.049013 0.043728
0 0.831617 0.522506 0.063101 0.054429
0 0.155127 0.483284 0.069647 0.059607
0 0.498502 0.023301 0.085837 0.046603
0 0.538110 0.374775 0.041263 0.037687
0 0.297081 0.412131 0.040881 0.034527
0 0.677231 0.438333 0.056837 0.051010
0 0.093820 0.738066 0.134892 0.117834
0 0.814411 0.906550 0.061305 0.049848
0 0.415099 0.652127 0.125096 0.099496
0 0.961151 0.359076 0.045307 0.035209
0 0.203419 0.239799 0.051114 0.043942
0 0.264644 0.341668 0.043755 0.036363
0 0.222448 0.485754 0.067329 0.056167
0 0.954593 0.516583 0.057330 0.050169
0 0.718732 0.643181 0.111676 0.097860
0 0.928009 0.110879 0.038324 0.034140
0 0.533289 0.112583 0.082533 0.070125
0 0.838444 0.170565 0.038000 0.030474
0 0.626144 0.020267 0.052607 0.039792
0 0.925326 0.144508 0.149073 0.177532
0 0.014694 0.800648 0.029285 0.043847
0 0.784388 0.956475 0.090665 0.077830
0 0.529487 0.757961 0.385778 0.267396
0 0.783065 0.877892 0.067582 0.063101
0 0.434257 0.506606 0.057585 0.050130
0 0.738421 0.986088 0.055870 0.026916
0 0.605466 0.151396 0.098098 0.083401
0 0.162149 0.336588 0.073107 0.054146
0 0.174329 0.259308 0.068097 0.055335
0 0.826002 0.820950 0.048210 0.044625
0 0.507814 0.657863 0.035866 0.031335
0 0.441484 0.703881 0.032899 0.027704
0 0.098424 0.566764 0.063902 0.050315
0 0.266360 0.215097 0.057606 0.048574
0 0.682533 0.109464 0.044405 0.037929
0 0.956594 0.403427 0.086811 0.077864
0 0.905326 0.910640 0.135814 0.110555
0 0.489798 0.723031 0.065149 0.055130
0 0.652291 0.041203 0.043249 0.034843
0 0.198803 0.377402 0.044912 0.039527
0 0.313193 0.335944 0.035608 0.028916
0 0.824583 0.269483 0.029144 0.025497
0 0.626797 0.083536 0.085806 0.067689
0 0.559862 0.609985 0.050118 0.047176
0 0.938923 0.455768 0.096510 0.079287
0 0.974155 0.778612 0.047548 0.040450
0 0.153323 0.536194 0.043350 0.036410
0 0.809984 0.236750 0.035909 0.031092
0 0.624141 0.988976 0.037207 0.021855
0 0.263435 0.894763 0.031676 0.027174
0 0.972578 0.456765 0.038461 0.036956
