0 0.773011 0.144640 0.109803 0.085932
0 0.513168 0.360039 0.072294 0.056584
0 0.627036 0.304377 0.091926 0.068890
0 0.120529 0.954396 0.105831 0.082985
0 0.415709 0.820244 0.116489 0.089916
0 0.852161 0.806077 0.101150 0.077025
0 0.651929 0.143848 0.082952 0.060977
0 0.887517 0.027077 0.044737 0.032468
0 0.885711 0.610649 0.066012 0.051958
0 0.235589 0.360380 0.057379 0.045000
0 0.289900 0.890306 0.199310 0.152593
0 0.328033 0.561214 0.067630 0.046974
0 0.868252 0.354105 0.049375 0.035892
0 0.272984 0.309549 0.095858 0.071339
0 0.393717 0.642902 0.073820 0.061178
0 0.671984 0.091696 0.077469 0.056059
0 0.772250 0.021764 0.063911 0.043149
0 0.791775 0.227516 0.086029 0.060243
0 0.757644 0.455864 0.044445 0.034104
0 0.241407 0.413054 0.053568 0.039584
0 0.817520 0.929898 0.074712 0.057297
0 0.497038 0.754025 0.132430 0.098532
0 0.879273 0.924175 0.047471 0.036943
0 0.697911 0.055653 0.046174 0.035250
0 0.127563 0.498068 0.059507 0.040924
0 0.503897 0.794623 0.062835 0.048136
0 0.140606 0.107645 0.074040 0.060771
0 0.915985 0.214556 0.040911 0.031485
0 0.395594 0.288010 0.041830 0.032830
0 0.828492 0.744675 0.049941 0.038067
0 0.545351 0.494430 0.089572 0.067665
0 0.116604 0.561924 0.169894 0.127256
0 0.845226 0.502885 0.309548 0.380060
0 0.607833 0.542157 0.222823 0.180384
0 0.201192 0.036311 0.051899 0.039795
0 0.210070 0.079076 0.049127 0.036819
0 0.414513 0.135458 0.035926 0.029561
0 0.862620 0.318176 0.039099 0.030179
0 0.435009 0.393257 0.168286 0.131423
0 0.982226 0.265511 0.035264 0.051708
0 0.447988 0.967875 0.032851 0.025861
0 0.341247 0.065601 0.055437 0.041178
0 0.414196 0.064688 0.035230 0.028332
0 0.621855 0.385931 0.159105 0.116642
0 0.555988 0.624504 0.264139 0.181543
