0 0.727490 0.535169 0.276787 0.244774
0 0.308204 0.905422 0.228243 0.186056
0 0.077870 0.304007 0.098691 0.078249
0 0.122072 0.430336 0.128827 0.108012
0 0.057882 0.866794 0.115764 0.190938
0 0.618886 0.754272 0.044179 0.034801
0 0.381755 0.365976 0.262813 0.220893
0 0.041696 0.176974 0.073665 0.058577
0 0.135585 0.248489 0.067129 0.052803
0 0.241507 0.446655 0.101171 0.083635
0 0.442358 0.136335 0.109937 0.094253
0 0.933556 0.281328 0.130629 0.126401
0 0.203072 0.772519 0.048387 0.042935
0 0.081965 0.112497 0.054074 0.044271
0 0.307055 0.653997 0.060137 0.051228
0 0.440181 0.520445 0.300509 0.250205
0 0.126826 0.662670 0.112998 0.091370
0 0.158367 0.160421 0.048006 0.039814
0 0.167182 0.532112 0.251023 0.198135
0 0.203192 0.214514 0.103781 0.083531
0 0.025168 0.232908 0.050335 0.047027
0 0.068340 0.043716 0.060881 0.046962
0 0.511574 0.771657 0.269445 0.213426
0 0.294343 0.262857 0.086934 0.067937
0 0.234639 0.133488 0.041918 0.035647
0 0.718751 0.138421 0.111379 0.090530
0 0.047522 0.013411 0.042112 0.026082
0 0.122578 0.574040 0.117103 0.095309
0 0.451402 0.468525 0.045016 0.040135
0 0.134097 0.876735 0.031176 0.029588
0 0.918883 0.701020 0.032461 0.028407
0 0.974977 0.569590 0.027360 0.025965
0 0.479413 0.099677 0.039236 0.033917
0 0.042999 0.548481 0.040303 0.036123
0 0.554675 0.966055 0.210159 0.067570
0 0.979612 0.886178 0.040775 0.075024
0 0.863368 0.692524 0.271537 0.359396
0 0.955122 0.633863 0.069828 0.064796
0 0.561471 0.632794 0.146438 0.121565
0 0.021084 0.615904 0.042168 0.149996
0 0.810402 0.189363 0.119958 0.093835
0 0.876221 0.416714 0.127470 0.097806
0 0.408212 0.019962 0.043660 0.034719
0 0.101965 0.150464 0.049294 0.039313
0 0.030676 0.980542 0.061351 0.038670
0 0.772078 0.009060 0.046374 0.018121
0 0.379451 0.072745 0.072570 0.062413
0 0.584438 0.584457 0.026955 0.025113
0 0.027790 0.116935 0.055373 0.069605
