0 0.355703 0.443692 0.062800 0.061966
0 0.207991 0.914044 0.190938 0.167268
0 0.527517 0.801452 0.057794 0.056113
0 0.776134 0.708057 0.045566 0.043823
0 0.266250 0.141505 0.180236 0.175084
0 0.677753 0.701889 0.035384 0.034481
0 0.138887 0.042749 0.041145 0.040989
0 0.700830 0.071853 0.229521 0.143322
0 0.604360 0.705615 0.026074 0.026520
0 0.724565 0.176805 0.129278 0.118918
0 0.118190 0.178059 0.034060 0.032286
0 0.551872 0.463907 0.023501 0.023108
0 0.622923 0.487657 0.057031 0.057305
0 0.141832 0.427090 0.164295 0.162193
0 0.876898 0.089555 0.101240 0.100028
0 0.311579 0.672520 0.020179 0.019968
0 0.339879 0.854336 0.111695 0.107581
0 0.336110 0.586956 0.020036 0.019921
0 0.401823 0.313099 0.021380 0.020730
0 0.858119 0.113595 0.148103 0.142113
0 0.968779 0.732135 0.019988 0.020068
0 0.223584 0.166003 0.019905 0.019975
