0 0.225503 0.764194 0.029309 0.028954
0 0.247354 0.450154 0.027055 0.026709
0 0.315855 0.248649 0.114449 0.105910
0 0.402717 0.341625 0.054160 0.053248
0 0.573153 0.716908 0.026074 0.026396
0 0.310696 0.541265 0.024978 0.024648
0 0.321014 0.765997 0.026951 0.026448
0 0.949869 0.436116 0.049514 0.048538
0 0.167916 0.796730 0.055736 0.053988
0 0.513214 0.640130 0.027784 0.027199
0 0.891375 0.563894 0.066330 0.064498
0 0.018594 0.419496 0.030123 0.029585
0 0.183406 0.060875 0.093373 0.087874
0 0.249290 0.422728 0.031326 0.031063
0 0.488854 0.684337 0.030794 0.029996
0 0.727604 0.847579 0.026169 0.026169
0 0.831543 0.125095 0.030123 0.029788
0 0.231535 0.061579 0.050401 0.049338
0 0.778293 0.946383 0.176388 0.107234
0 0.480117 0.517433 0.030785 0.030919
0 0.243728 0.480206 0.021401 0.021067
0 0.268461 0.807933 0.022018 0.022167
0 0.781148 0.772626 0.437704 0.451544
0 0.393818 0.384514 0.027679 0.026048
0 0.497416 0.575117 0.028773 0.027944
0 0.672966 0.672244 0.033463 0.033244
0 0.519317 0.671798 0.027455 0.026190
0 0.280048 0.148120 0.020274 0.020461
0 0.902013 0.045224 0.025662 0.024806
0 0.046972 0.068042 0.020056 0.019793
0 0.019981 0.187329 0.039963 0.043551
0 0.021582 0.588192 0.020574 0.020586
0 0.087281 0.151889 0.021895 0.020834
0 0.504269 0.475238 0.021486 0.021359
0 0.282310 0.783321 0.024580 0.024585
0 0.660655 0.986802 0.037280 0.026396
0 0.371898 0.439382 0.022214 0.022236
0 0.279408 0.962415 0.023487 0.023587
0 0.498179 0.209704 0.020889 0.021403
0 0.546617 0.992937 0.048873 0.013861
0 0.933088 0.268621 0.044460 0.043638
0 0.839472 0.573733 0.028498 0.029235
0 0.492495 0.432548 0.022741 0.022305
0 0.528350 0.698532 0.021608 0.021694
0 0.432689 0.222355 0.021941 0.022201
0 0.147721 0.177097 0.021359 0.020888
0 0.223427 0.605458 0.030076 0.030040
0 0.129167 0.836112 0.021687 0.021605
0 0.497147 0.109595 0.024598 0.023947
0 0.036842 0.930689 0.023588 0.023969
0 0.519925 0.152756 0.026147 0.026176
0 0.963047 0.199541 0.021391 0.020979
