0 0.818102 0.529040 0.037186 0.037127
0 0.235796 0.058106 0.046176 0.046640
0 0.466305 0.677536 0.028829 0.028953
0 0.736955 0.274290 0.035729 0.035466
0 0.909489 0.376349 0.043699 0.043171
0 0.036633 0.129548 0.058189 0.058094
0 0.033758 0.506545 0.065565 0.067220
0 0.850455 0.200442 0.025585 0.025447
0 0.473869 0.400335 0.029689 0.029517
0 0.641584 0.410949 0.022882 0.022698
0 0.576239 0.976545 0.029082 0.028999
0 0.258326 0.776680 0.029021 0.028203
0 0.760239 0.220917 0.024048 0.024441
0 0.171297 0.700940 0.033772 0.033276
0 0.861630 0.488961 0.023450 0.023670
0 0.902673 0.751379 0.026426 0.025924
0 0.100373 0.260966 0.032387 0.032514
0 0.950575 0.686834 0.022461 0.022465
0 0.971741 0.495970 0.024182 0.023696
0 0.065582 0.198448 0.026018 0.025441
0 0.661228 0.281910 0.022284 0.022465
0 0.991804 0.831039 0.016392 0.026299
0 0.133966 0.039762 0.029041 0.028576
0 0.553452 0.448123 0.023115 0.023180
0 0.516867 0.800726 0.021492 0.021418
0 0.111711 0.160822 0.022006 0.021936
0 0.082631 0.508587 0.026292 0.026309
0 0.485477 0.196638 0.020197 0.020220
0 0.944519 0.991020 0.021237 0.017960
0 0.852114 0.978720 0.021292 0.021159
0 0.806542 0.324567 0.020202 0.020355
0 0.033805 0.009714 0.027443 0.019226
0 0.557090 0.594484 0.031103 0.030825
0 0.931932 0.675600 0.020634 0.019762
0 0.832033 0.859140 0.019471 0.019760
0 0.845350 0.416808 0.020736 0.020957
0 0.840426 0.883259 0.020203 0.020147
0 0.406048 0.808981 0.019732 0.019941
0 0.679799 0.347259 0.020769 0.020558
0 0.038620 0.729570 0.022525 0.022270
0 0.988428 0.565326 0.020958 0.021387
0 0.894985 0.931148 0.020136 0.019862
0 0.110882 0.571441 0.221763 0.374379
0 0.982344 0.119953 0.019015 0.019098
0 0.184813 0.727628 0.019927 0.020422
0 0.399908 0.438536 0.020525 0.020101
0 0.936780 0.578323 0.020813 0.020745
0 0.904599 0.830812 0.019050 0.019041
0 0.578162 0.542086 0.019625 0.019507
0 0.936029 0.424164 0.018645 0.018625
0 0.277134 0.233839 0.018156 0.018398
0 0.204618 0.336348 0.081970 0.083876
0 0.084971 0.150208 0.020236 0.020502
0 0.279974 0.731794 0.019381 0.019129
0 0.088473 0.214007 0.018571 0.018954
0 0.990975 0.974435 0.016895 0.018820
