0 0.895767 0.390286 0.193522 0.191958
0 0.458831 0.233835 0.049465 0.049473
0 0.548315 0.207070 0.030553 0.030817
0 0.243231 0.359367 0.036911 0.036976
0 0.175528 0.565056 0.058217 0.057986
0 0.174492 0.907513 0.034298 0.033894
0 0.322127 0.780586 0.045471 0.045585
0 0.460242 0.525165 0.036996 0.036898
0 0.866048 0.588691 0.068226 0.068009
0 0.510234 0.585069 0.080635 0.080801
0 0.662612 0.126869 0.028453 0.028406
0 0.017712 0.406015 0.035423 0.043554
0 0.542020 0.657813 0.101848 0.099511
0 0.531269 0.097664 0.028508 0.028160
0 0.830826 0.263617 0.031167 0.031398
0 0.288263 0.431749 0.038202 0.037990
0 0.534499 0.245761 0.027155 0.027461
0 0.190766 0.451993 0.032437 0.032048
0 0.840915 0.650045 0.061512 0.061168
0 0.913280 0.498328 0.153884 0.151034
0 0.740543 0.272295 0.028966 0.029191
0 0.246885 0.086312 0.030559 0.030577
0 0.422896 0.576414 0.115548 0.120922
0 0.411576 0.199835 0.025786 0.025869
0 0.092297 0.549412 0.022370 0.022189
0 0.990839 0.817541 0.018322 0.029744
0 0.882206 0.392542 0.034044 0.033973
0 0.662631 0.591544 0.072086 0.074135
0 0.814362 0.302576 0.029746 0.029934
0 0.725519 0.006866 0.029746 0.013253
0 0.579265 0.090158 0.020568 0.020528
0 0.775888 0.539531 0.054746 0.054002
0 0.363840 0.642516 0.124790 0.120206
0 0.526492 0.045731 0.021798 0.021629
0 0.435153 0.717145 0.021163 0.021173
0 0.317165 0.199093 0.077332 0.078235
0 0.526154 0.446064 0.100217 0.098542
0 0.055971 0.103483 0.026640 0.026562
0 0.099126 0.851540 0.076522 0.076331
0 0.078698 0.792005 0.036871 0.037854
0 0.463032 0.878536 0.051154 0.050960
0 0.215531 0.424384 0.053413 0.054061
0 0.718127 0.302697 0.023517 0.024013
0 0.404760 0.684869 0.031452 0.030843
0 0.553283 0.432847 0.022198 0.021268
