0 0.617853 0.081619 0.026871 0.027297
0 0.110322 0.599109 0.026085 0.025494
0 0.336953 0.682829 0.053512 0.053761
0 0.218815 0.795146 0.063081 0.063418
0 0.073586 0.778145 0.024449 0.024220
0 0.900935 0.409997 0.041580 0.041131
0 0.010981 0.918290 0.021962 0.026378
0 0.009327 0.876685 0.018654 0.033823
0 0.162053 0.503761 0.028944 0.028185
0 0.268834 0.137800 0.034203 0.034080
0 0.438017 0.777416 0.023788 0.023553
0 0.108296 0.011172 0.024170 0.022343
0 0.743616 0.658720 0.022501 0.022462
0 0.417468 0.936647 0.186985 0.126309
0 0.487748 0.092514 0.034886 0.034968
0 0.523423 0.076974 0.028808 0.028794
0 0.749829 0.845472 0.042741 0.042359
0 0.845010 0.401515 0.022768 0.023313
0 0.189614 0.532061 0.030722 0.030425
0 0.239385 0.147618 0.026648 0.026402
0 0.169563 0.813053 0.021223 0.020970
0 0.210471 0.152132 0.021716 0.021917
0 0.625687 0.869442 0.037379 0.037644
0 0.268857 0.485012 0.021016 0.021353
0 0.795022 0.182799 0.020677 0.020747
0 0.350447 0.247911 0.023711 0.023799
0 0.924158 0.655882 0.020368 0.020490
0 0.065941 0.958585 0.018539 0.018295
0 0.871730 0.790588 0.031656 0.032027
0 0.277283 0.607000 0.264951 0.259346
0 0.563653 0.950810 0.067837 0.070654
0 0.591087 0.238574 0.020408 0.020366
0 0.723617 0.713309 0.020540 0.020834
0 0.013899 0.495438 0.018906 0.018580
0 0.144114 0.709336 0.018466 0.017995
0 0.717490 0.913623 0.046743 0.047124
0 0.908365 0.938205 0.043030 0.043247
0 0.949855 0.328761 0.018556 0.018197
