0 0.432635 0.445433 0.224913 0.218651
0 0.308080 0.622058 0.252418 0.237525
0 0.853263 0.241104 0.149965 0.143155
0 0.111800 0.085872 0.149717 0.146155
0 0.488001 0.083131 0.070283 0.068374
0 0.034139 0.121117 0.032650 0.032243
0 0.519220 0.558111 0.100582 0.097298
0 0.281344 0.474115 0.102696 0.101254
0 0.045398 0.761199 0.026070 0.026100
0 0.759115 0.590691 0.087134 0.085925
0 0.478042 0.824166 0.052264 0.052383
0 0.742852 0.834585 0.032102 0.032714
0 0.032162 0.309975 0.025644 0.025464
0 0.958857 0.811537 0.082285 0.100039
0 0.710905 0.909498 0.036341 0.035697
0 0.530939 0.956586 0.041199 0.041056
0 0.958852 0.907232 0.027414 0.027133
0 0.802318 0.885304 0.037891 0.038103
0 0.079094 0.224485 0.024306 0.024027
0 0.118367 0.317390 0.034660 0.034036
0 0.024281 0.845428 0.048562 0.064519
0 0.914117 0.334732 0.047749 0.046623
0 0.437799 0.152505 0.048232 0.047295
0 0.512863 0.223806 0.148087 0.149978
0 0.433765 0.933929 0.037248 0.036562
0 0.655349 0.642922 0.036660 0.036271
0 0.847523 0.754964 0.035080 0.034218
0 0.775545 0.805018 0.040481 0.040634
0 0.087635 0.178112 0.021650 0.021598
0 0.859508 0.839535 0.024773 0.024885
0 0.379879 0.838714 0.025587 0.025426
0 0.463886 0.777906 0.022227 0.022478
0 0.224426 0.348256 0.047983 0.046808
0 0.553713 0.842691 0.025962 0.026116
0 0.411981 0.311616 0.048233 0.047546
0 0.319005 0.336606 0.039944 0.039807
0 0.709914 0.657808 0.030103 0.029721
0 0.632032 0.294988 0.024574 0.023927
0 0.180509 0.151735 0.031681 0.032265
0 0.931354 0.669537 0.051555 0.050851
0 0.690795 0.013997 0.037410 0.027993
0 0.297746 0.269699 0.030561 0.030192
0 0.132150 0.925263 0.030283 0.031367
0 0.551654 0.010408 0.027720 0.020710
0 0.906326 0.862077 0.040627 0.041083
0 0.035191 0.218481 0.023451 0.023683
0 0.193788 0.948499 0.044884 0.046237
0 0.379786 0.800818 0.050185 0.049170
0 0.864892 0.428069 0.088881 0.086875
0 0.287083 0.227968 0.028260 0.028005
0 0.847637 0.816383 0.036464 0.036234
0 0.893396 0.605614 0.213207 0.366370
0 0.263750 0.378377 0.039665 0.040086
0 0.806832 0.326485 0.038731 0.037967
0 0.369829 0.340382 0.052294 0.052461
0 0.554115 0.109771 0.035123 0.033971
0 0.114716 0.513887 0.229125 0.256208
0 0.130231 0.232566 0.066417 0.065596
0 0.678339 0.462407 0.280647 0.283153
0 0.005471 0.795885 0.010942 0.036411
0 0.096533 0.349609 0.034383 0.033978
0 0.295773 0.933067 0.038559 0.038349
0 0.271559 0.184105 0.023898 0.023913
0 0.248000 0.957573 0.057715 0.057445
0 0.355757 0.992192 0.021666 0.015337
0 0.279046 0.893764 0.022097 0.021868
0 0.216548 0.750925 0.067863 0.069820
0 0.718441 0.063194 0.022234 0.022214
0 0.864858 0.887555 0.026479 0.026329
0 0.035750 0.629679 0.047238 0.047994
0 0.934166 0.024741 0.030270 0.029474
0 0.851949 0.025005 0.057008 0.048949
0 0.770292 0.438198 0.023766 0.024501
0 0.985864 0.331810 0.028272 0.059279
0 0.935959 0.864369 0.035200 0.036547
0 0.890682 0.789874 0.036681 0.036917
0 0.987528 0.318746 0.024877 0.033106
0 0.429565 0.280085 0.022494 0.022354
