0 0.473195 0.026533 0.066316 0.052950
0 0.151535 0.632448 0.038961 0.038710
0 0.178381 0.573204 0.027785 0.027611
0 0.115864 0.361318 0.032968 0.032768
0 0.673246 0.577875 0.030929 0.030053
0 0.975535 0.630032 0.039565 0.039636
0 0.288547 0.843760 0.039362 0.039158
0 0.127576 0.129126 0.039764 0.039651
0 0.237587 0.650051 0.025123 0.024953
0 0.626148 0.186540 0.095298 0.093604
0 0.271381 0.625690 0.022337 0.022454
0 0.566794 0.259037 0.024962 0.024970
0 0.710175 0.033355 0.022738 0.022825
0 0.708801 0.905923 0.023324 0.023291
0 0.080394 0.784368 0.021701 0.021826
0 0.555608 0.377303 0.095441 0.095874
