0 0.932174 0.481427 0.108220 0.110362
0 0.573107 0.194303 0.087435 0.085784
0 0.571174 0.462018 0.150273 0.153368
0 0.640911 0.149507 0.025910 0.025986
0 0.874513 0.660588 0.072857 0.071079
0 0.893043 0.771691 0.055433 0.055227
0 0.924007 0.736475 0.039047 0.038662
0 0.792125 0.107606 0.064358 0.065106
0 0.798092 0.841883 0.032246 0.032433
0 0.119691 0.630840 0.067288 0.067370
0 0.828419 0.794933 0.029620 0.029392
0 0.818969 0.625487 0.041651 0.041756
0 0.768622 0.721179 0.034935 0.034921
0 0.310808 0.746579 0.062669 0.062719
0 0.920264 0.569407 0.040052 0.038950
0 0.925137 0.670253 0.034140 0.034213
0 0.893155 0.599716 0.041573 0.041762
0 0.890479 0.107700 0.039984 0.040125
0 0.882920 0.525289 0.028980 0.028929
0 0.470835 0.036842 0.038752 0.038538
0 0.855046 0.309654 0.105471 0.108245
0 0.781868 0.510333 0.030175 0.030280
0 0.732463 0.746835 0.041519 0.041008
0 0.703925 0.471679 0.023665 0.023643
0 0.775866 0.241068 0.063907 0.063822
0 0.067093 0.011342 0.031777 0.022684
0 0.780557 0.688197 0.035154 0.033996
0 0.284012 0.052871 0.025404 0.025687
0 0.357110 0.091823 0.029782 0.029977
0 0.914004 0.394051 0.057371 0.057181
0 0.307647 0.139558 0.034460 0.034014
0 0.716238 0.342705 0.026572 0.026638
0 0.925451 0.613573 0.030798 0.031885
0 0.749886 0.281046 0.031879 0.031535
0 0.686082 0.756049 0.065420 0.066424
0 0.961953 0.964259 0.028267 0.027653
0 0.985375 0.983132 0.029250 0.033161
0 0.773856 0.902662 0.036371 0.036452
0 0.977821 0.608316 0.033195 0.034605
0 0.724297 0.961164 0.024039 0.024309
0 0.564738 0.138129 0.022373 0.022943
0 0.489808 0.144449 0.020553 0.020499
0 0.913705 0.024589 0.056319 0.049078
0 0.300877 0.179232 0.039469 0.040204
0 0.882317 0.991886 0.045218 0.016229
0 0.932606 0.765020 0.018514 0.019104
0 0.864810 0.611312 0.024449 0.026929
0 0.224015 0.161409 0.033920 0.034783
0 0.008078 0.341672 0.016156 0.024450
0 0.506110 0.129882 0.019572 0.019444
0 0.714761 0.104070 0.044817 0.044942
0 0.974574 0.555493 0.050522 0.105630
0 0.262570 0.497258 0.020953 0.021472
0 0.968068 0.582903 0.027140 0.025229
0 0.088216 0.059986 0.023842 0.023723
