0 0.946531 0.311205 0.070908 0.070074
0 0.339006 0.043214 0.088362 0.084906
0 0.487642 0.039088 0.043718 0.043472
0 0.108202 0.146421 0.067492 0.066149
0 0.151512 0.645704 0.067900 0.069369
0 0.390946 0.487990 0.031026 0.032048
0 0.611491 0.173598 0.046422 0.045659
0 0.081426 0.411617 0.031783 0.032523
0 0.572779 0.609904 0.028189 0.028861
0 0.169140 0.858217 0.043977 0.044432
0 0.486675 0.257044 0.056918 0.056616
0 0.278396 0.186048 0.052791 0.052395
0 0.050338 0.262684 0.039044 0.039372
0 0.046979 0.740460 0.023527 0.023725
0 0.819346 0.159650 0.030628 0.030786
0 0.255605 0.557041 0.029081 0.028918
0 0.400172 0.696153 0.037939 0.037631
0 0.525621 0.316810 0.039236 0.039199
0 0.531852 0.279465 0.037002 0.036941
0 0.396699 0.938518 0.025147 0.025359
0 0.298526 0.380898 0.029435 0.029700
0 0.140205 0.806588 0.022395 0.022571
0 0.366253 0.539268 0.025122 0.025263
0 0.891430 0.382791 0.032828 0.032887
0 0.411277 0.973931 0.022388 0.022837
0 0.829028 0.966399 0.067089 0.064760
0 0.665291 0.719769 0.031642 0.031444
0 0.009777 0.764897 0.019553 0.023323
0 0.527432 0.616352 0.028634 0.028526
0 0.496339 0.400862 0.032767 0.032087
0 0.013367 0.369772 0.026408 0.027763
0 0.175340 0.729280 0.023751 0.023668
0 0.154416 0.710388 0.026540 0.026637
0 0.559350 0.245467 0.046753 0.046931
0 0.145237 0.407202 0.022371 0.022634
0 0.337885 0.203798 0.038774 0.040204
0 0.325246 0.258630 0.038686 0.038982
0 0.325865 0.567334 0.030880 0.031437
0 0.303711 0.956749 0.021919 0.021865
0 0.962885 0.112167 0.029842 0.030196
0 0.633876 0.369248 0.033097 0.033593
0 0.615284 0.956439 0.029305 0.029899
0 0.272706 0.910271 0.027864 0.028323
0 0.683383 0.280870 0.029393 0.028728
0 0.831547 0.745733 0.025350 0.025318
0 0.231540 0.758201 0.022576 0.022804
0 0.857753 0.932771 0.030209 0.029217
0 0.309352 0.592420 0.026860 0.027359
0 0.835705 0.380167 0.023173 0.023886
0 0.565074 0.119569 0.037124 0.037789
0 0.359031 0.325208 0.031851 0.031238
0 0.557399 0.819518 0.023259 0.023643
0 0.835956 0.901576 0.044916 0.044340
0 0.454797 0.661566 0.023818 0.023383
0 0.357274 0.427277 0.025652 0.026300
0 0.962203 0.582251 0.034899 0.034204
0 0.342737 0.173925 0.029867 0.030613
0 0.704702 0.185775 0.027179 0.026719
0 0.710226 0.869068 0.023653 0.023941
0 0.416695 0.071924 0.057131 0.057664
0 0.929955 0.056631 0.026679 0.026746
0 0.289834 0.522511 0.040199 0.039477
0 0.701051 0.747946 0.024611 0.024725
0 0.502213 0.213300 0.026197 0.026726
0 0.606819 0.694135 0.038862 0.038358
0 0.497901 0.722619 0.023228 0.022661
0 0.616671 0.410266 0.026752 0.025743
0 0.276981 0.573846 0.024372 0.024291
0 0.913337 0.654975 0.028818 0.028737
0 0.960240 0.742138 0.059806 0.059435
0 0.233036 0.340865 0.024691 0.024696
0 0.667025 0.371158 0.027777 0.027872
0 0.845108 0.397316 0.023368 0.023426
0 0.853110 0.677082 0.028083 0.028826
0 0.591250 0.970253 0.059860 0.056346
0 0.249656 0.419077 0.025541 0.027538
0 0.591330 0.374724 0.027245 0.028836
0 0.228215 0.022272 0.070805 0.044446
0 0.906537 0.921838 0.036804 0.036122
0 0.250824 0.442271 0.021706 0.021639
0 0.873725 0.624589 0.023921 0.024249
0 0.369698 0.080214 0.038226 0.038185
0 0.128321 0.545900 0.021330 0.021893
0 0.778702 0.737679 0.024504 0.024968
0 0.253866 0.992948 0.034018 0.014104
0 0.366990 0.401345 0.022874 0.022753
0 0.990200 0.978313 0.019034 0.024827
0 0.009582 0.277368 0.018588 0.020867
0 0.950887 0.460045 0.019445 0.019046
0 0.715186 0.308593 0.020659 0.020738
0 0.382603 0.104090 0.028810 0.028287
0 0.203184 0.891626 0.019828 0.020209
0 0.535954 0.457703 0.021667 0.021808
0 0.081800 0.436976 0.021879 0.021628
0 0.349957 0.276599 0.036913 0.034721
