0 0.453650 0.622984 0.032017 0.031723
0 0.028035 0.955496 0.039665 0.038412
0 0.412679 0.070010 0.046285 0.046138
0 0.487239 0.795558 0.026491 0.026074
0 0.027319 0.203086 0.040806 0.040344
0 0.051908 0.420088 0.029726 0.028359
0 0.243297 0.921603 0.030908 0.030072
0 0.961303 0.085630 0.042119 0.041058
0 0.242316 0.050513 0.028597 0.028172
0 0.898677 0.254748 0.041166 0.040892
0 0.783347 0.074235 0.027572 0.027710
0 0.162946 0.794691 0.028574 0.027926
0 0.255759 0.066713 0.029438 0.028718
0 0.313334 0.675883 0.022986 0.022819
0 0.866545 0.330655 0.024806 0.024365
0 0.615308 0.309781 0.029106 0.028097
0 0.710691 0.053950 0.037405 0.035469
0 0.247264 0.559573 0.027214 0.026736
0 0.654733 0.407656 0.021487 0.020634
0 0.608214 0.052881 0.030201 0.029881
0 0.775325 0.992353 0.023194 0.014872
0 0.652023 0.201765 0.024668 0.023456
0 0.818031 0.134867 0.038244 0.037294
0 0.971411 0.779153 0.028859 0.027523
0 0.867726 0.055805 0.025153 0.024756
