0 0.655424 0.713644 0.160786 0.158141
0 0.479810 0.801726 0.052234 0.052208
0 0.861953 0.538326 0.042840 0.042857
0 0.814041 0.250435 0.313426 0.314831
0 0.597536 0.869403 0.052031 0.050695
0 0.449077 0.643792 0.036498 0.036570
0 0.918483 0.775720 0.031534 0.031331
0 0.492871 0.949613 0.042912 0.042561
0 0.987390 0.894996 0.025220 0.032446
0 0.132643 0.446529 0.038686 0.037700
0 0.903528 0.654188 0.037898 0.038381
0 0.944018 0.543285 0.033818 0.033391
0 0.871149 0.647867 0.030866 0.031334
0 0.986250 0.803796 0.027500 0.036694
0 0.263602 0.947979 0.035335 0.034171
0 0.512013 0.250385 0.122554 0.125518
0 0.903310 0.856635 0.039832 0.039636
0 0.941403 0.617806 0.034178 0.033616
0 0.988546 0.454274 0.022663 0.040975
0 0.585148 0.822316 0.033808 0.033698
0 0.868651 0.679644 0.034157 0.034013
0 0.973071 0.699799 0.030333 0.030266
0 0.863547 0.743731 0.027050 0.027265
0 0.730178 0.776360 0.040686 0.040094
0 0.747159 0.964809 0.042649 0.042183
0 0.773131 0.771046 0.037639 0.037607
0 0.097074 0.592916 0.025808 0.026047
0 0.422417 0.210726 0.028007 0.028163
0 0.615400 0.090949 0.026493 0.025972
0 0.739089 0.846800 0.032313 0.031871
0 0.209991 0.645856 0.024370 0.024274
0 0.737411 0.055388 0.099831 0.099394
0 0.620856 0.839793 0.024396 0.024397
0 0.948580 0.108451 0.024511 0.024302
0 0.457086 0.123766 0.079155 0.078338
0 0.267170 0.024024 0.042475 0.041291
0 0.600173 0.897935 0.034280 0.032420
0 0.718797 0.921953 0.030856 0.030591
0 0.685699 0.635241 0.024133 0.023750
0 0.710492 0.009853 0.024456 0.019706
0 0.809966 0.591795 0.022075 0.022472
0 0.354040 0.842581 0.022421 0.022898
0 0.177638 0.385218 0.024671 0.024284
0 0.529931 0.792739 0.025899 0.025829
0 0.970700 0.856143 0.023388 0.023344
0 0.657008 0.359788 0.021589 0.021523
0 0.983946 0.389253 0.022468 0.021596
0 0.125830 0.184260 0.251660 0.368299
0 0.852910 0.105653 0.031150 0.030833
0 0.681963 0.133976 0.035269 0.036245
0 0.561343 0.857601 0.020690 0.020609
0 0.905634 0.505866 0.024452 0.023916
0 0.676562 0.821462 0.024733 0.024580
