0 0.554200 0.518959 0.194694 0.179105
0 0.659642 0.721337 0.158991 0.149450
0 0.709886 0.292219 0.076598 0.074534
0 0.467190 0.320782 0.150484 0.143827
0 0.338292 0.657954 0.038134 0.036955
0 0.500392 0.939598 0.172292 0.120695
0 0.326189 0.531018 0.045638 0.044319
0 0.654182 0.259315 0.047681 0.046983
0 0.923416 0.238906 0.037058 0.037034
0 0.368687 0.759883 0.064738 0.060589
0 0.314218 0.057975 0.036611 0.036325
0 0.184513 0.600936 0.031152 0.030298
0 0.067148 0.644356 0.031320 0.030877
0 0.433120 0.198895 0.070581 0.069227
0 0.205325 0.331006 0.252170 0.248895
0 0.107132 0.738771 0.087247 0.085021
0 0.540449 0.761679 0.036740 0.034326
0 0.661715 0.020197 0.042408 0.040348
0 0.088850 0.092476 0.177245 0.184656
0 0.975653 0.189816 0.048694 0.078265
0 0.834221 0.667086 0.227307 0.214194
0 0.558561 0.654967 0.033702 0.032155
0 0.352820 0.796404 0.036542 0.035108
0 0.437958 0.404393 0.034896 0.034229
0 0.643295 0.455466 0.026808 0.026685
0 0.387269 0.183531 0.027807 0.028329
0 0.629591 0.331423 0.028126 0.026480
0 0.365617 0.381183 0.034229 0.032922
0 0.933002 0.561140 0.067566 0.065776
0 0.426917 0.538625 0.031287 0.030817
0 0.840852 0.646183 0.026189 0.026264
0 0.060763 0.843460 0.041543 0.039525
0 0.305355 0.593464 0.031028 0.028833
0 0.137439 0.192424 0.026076 0.026160
0 0.884451 0.641534 0.025109 0.024484
0 0.861150 0.269086 0.022139 0.021608
0 0.478990 0.229357 0.048242 0.046177
0 0.080837 0.566044 0.073605 0.071583
0 0.902784 0.606465 0.035674 0.034209
0 0.710772 0.525750 0.025664 0.025312
0 0.491302 0.622797 0.096264 0.090370
0 0.356832 0.252563 0.083956 0.083107
0 0.112764 0.180821 0.029121 0.028267
0 0.303097 0.120124 0.199375 0.194178
0 0.905842 0.624314 0.036084 0.033606
0 0.288097 0.109199 0.037855 0.035919
0 0.365135 0.360308 0.027368 0.026820
0 0.200639 0.146964 0.024671 0.024709
0 0.317954 0.569372 0.027174 0.027171
0 0.023926 0.879072 0.034972 0.033451
0 0.060337 0.780525 0.047744 0.046525
0 0.622096 0.819129 0.027671 0.026956
0 0.582774 0.862196 0.026693 0.026489
0 0.773364 0.960612 0.133971 0.078775
0 0.205539 0.122552 0.023878 0.023752
0 0.411518 0.141099 0.053239 0.053022
0 0.090189 0.264697 0.028941 0.028530
0 0.453472 0.447638 0.064794 0.061168
