0 0.423375 0.605757 0.033352 0.033965
0 0.777328 0.066738 0.040197 0.039920
0 0.358594 0.462632 0.029561 0.029526
0 0.510582 0.183232 0.026651 0.026279
0 0.075463 0.043930 0.026044 0.025509
0 0.470115 0.404703 0.032687 0.032064
0 0.559759 0.923535 0.194485 0.152930
0 0.950537 0.400850 0.023247 0.022891
0 0.942299 0.050178 0.071148 0.072823
0 0.035695 0.435665 0.030552 0.030923
0 0.358456 0.354405 0.037274 0.036906
0 0.779825 0.509564 0.076124 0.075192
0 0.514049 0.120424 0.022996 0.023124
0 0.659087 0.253997 0.026894 0.026819
0 0.779440 0.819620 0.032844 0.033007
0 0.697261 0.445224 0.063808 0.063737
0 0.517557 0.339299 0.044394 0.044887
0 0.275267 0.440889 0.024102 0.023828
0 0.264748 0.298659 0.024163 0.023233
0 0.289308 0.270597 0.056900 0.056342
0 0.793898 0.413270 0.019412 0.018886
0 0.056609 0.062087 0.020583 0.020346
0 0.053498 0.289153 0.022390 0.021792
0 0.180496 0.442804 0.064386 0.064575
0 0.324476 0.687884 0.019048 0.019595
0 0.131349 0.490403 0.044491 0.044448
0 0.435185 0.903544 0.021667 0.021839
0 0.255956 0.500628 0.043712 0.043090
0 0.888079 0.948094 0.018539 0.018544
0 0.629710 0.557695 0.020933 0.021104
0 0.545188 0.388801 0.057235 0.057130
0 0.505501 0.230846 0.024079 0.024088
0 0.010463 0.341214 0.019402 0.019722
0 0.420445 0.684729 0.049632 0.050787
0 0.926348 0.216242 0.028481 0.028665
0 0.075696 0.092921 0.018610 0.018738
0 0.053433 0.458118 0.048842 0.047301
