0 0.397669 0.289200 0.080597 0.078722
0 0.556015 0.224670 0.074689 0.075147
0 0.656845 0.825107 0.061626 0.061307
0 0.135619 0.112262 0.099955 0.100215
0 0.647491 0.350021 0.038638 0.037932
0 0.375262 0.227414 0.029112 0.028531
0 0.339102 0.254590 0.025216 0.025245
0 0.246461 0.195797 0.063899 0.063635
0 0.328170 0.028880 0.038885 0.038415
0 0.518841 0.018442 0.055341 0.036727
0 0.966752 0.820812 0.045749 0.045507
0 0.303449 0.575527 0.037535 0.037327
0 0.640666 0.671422 0.046068 0.045481
0 0.801291 0.744639 0.035528 0.036013
0 0.737486 0.419575 0.045287 0.044685
0 0.921986 0.122735 0.098090 0.097293
0 0.414333 0.498281 0.119766 0.118381
0 0.836627 0.631878 0.080477 0.080632
0 0.909903 0.446819 0.060726 0.060357
0 0.252425 0.518539 0.038842 0.037830
0 0.531724 0.742662 0.061528 0.061217
0 0.624812 0.592439 0.045602 0.045822
0 0.219819 0.928965 0.028899 0.028377
0 0.947349 0.327527 0.025695 0.024993
0 0.419325 0.651003 0.119631 0.116990
0 0.675493 0.463838 0.030964 0.030475
0 0.390460 0.042086 0.031086 0.031200
0 0.883558 0.017796 0.039714 0.034864
0 0.088750 0.490713 0.022144 0.021950
0 0.671952 0.327473 0.031199 0.031230
0 0.646043 0.016096 0.053561 0.032082
0 0.162723 0.388248 0.028696 0.028307
0 0.703935 0.154150 0.049430 0.049148
0 0.213533 0.386026 0.025485 0.024898
0 0.250638 0.425720 0.035276 0.035207
0 0.587546 0.696636 0.066191 0.066111
0 0.420884 0.740737 0.072651 0.072616
0 0.041179 0.466152 0.030992 0.030974
0 0.315112 0.462297 0.060182 0.059159
0 0.720757 0.654963 0.093090 0.092010
0 0.026898 0.211774 0.049999 0.051342
0 0.563444 0.618923 0.066290 0.065975
0 0.512397 0.620069 0.026621 0.026285
0 0.771544 0.486377 0.037464 0.037583
0 0.656279 0.064504 0.077521 0.079378
0 0.051896 0.084154 0.099381 0.099438
0 0.461076 0.401157 0.030080 0.029900
0 0.473015 0.147418 0.024029 0.024072
0 0.532026 0.661767 0.061254 0.060477
0 0.316502 0.717896 0.136683 0.132858
0 0.220119 0.922859 0.130716 0.132493
0 0.273213 0.446033 0.033689 0.034757
0 0.495825 0.528909 0.031067 0.030861
0 0.143345 0.582504 0.031360 0.032010
0 0.076619 0.777982 0.132536 0.136577
0 0.859268 0.146938 0.021237 0.021441
0 0.084230 0.061114 0.037615 0.036931
0 0.547902 0.132645 0.035042 0.034442
0 0.627421 0.135438 0.028725 0.028990
0 0.397111 0.434808 0.039701 0.039639
0 0.194452 0.616880 0.041660 0.041262
0 0.296117 0.068336 0.050736 0.049939
0 0.037125 0.296291 0.033325 0.033879
0 0.877527 0.245042 0.033236 0.036239
0 0.174418 0.022329 0.066825 0.044298
0 0.382737 0.809948 0.077181 0.076553
0 0.888450 0.558236 0.031292 0.031821
0 0.382473 0.200085 0.026545 0.026357
0 0.292361 0.518139 0.029547 0.029165
0 0.647265 0.881293 0.050315 0.049686
0 0.571214 0.462247 0.060181 0.059780
0 0.504994 0.066838 0.063019 0.062521
0 0.117780 0.215790 0.146669 0.144555
0 0.923581 0.848648 0.047386 0.047714
0 0.962362 0.406639 0.073683 0.077265
0 0.381979 0.916184 0.021265 0.021261
0 0.145448 0.650010 0.020211 0.020150
0 0.783956 0.579549 0.066997 0.067095
0 0.513378 0.712985 0.119409 0.121255
0 0.948768 0.544843 0.079502 0.079808
0 0.315137 0.304983 0.032726 0.032132
0 0.334343 0.695103 0.067239 0.065944
0 0.239711 0.663023 0.051372 0.051609
0 0.210558 0.074893 0.032911 0.033665
0 0.105378 0.288463 0.066404 0.063781
0 0.200655 0.717284 0.042776 0.042723
0 0.557429 0.065544 0.029879 0.029862
0 0.243387 0.112683 0.021462 0.020879
0 0.518728 0.452612 0.026776 0.027098
0 0.648615 0.181773 0.028685 0.031281
0 0.006138 0.716154 0.012146 0.031811
0 0.022672 0.025910 0.043592 0.044503
0 0.321928 0.626061 0.072155 0.069665
0 0.290505 0.670190 0.050761 0.052481
0 0.173820 0.422309 0.024793 0.024238
0 0.746014 0.529282 0.050566 0.051266
0 0.444844 0.268491 0.029274 0.029701
0 0.794345 0.591793 0.048235 0.046908
0 0.302428 0.282120 0.031088 0.031817
0 0.602477 0.100787 0.048695 0.050618
0 0.331700 0.077027 0.022919 0.023071
0 0.692896 0.122904 0.025267 0.025011
0 0.975855 0.463725 0.031895 0.032316
0 0.212223 0.984876 0.062752 0.030248
0 0.300466 0.412206 0.044742 0.044077
0 0.213136 0.093422 0.021272 0.020977
