0 0.260091 0.706659 0.066041 0.047007
0 0.109748 0.319093 0.048120 0.035044
0 0.234733 0.468715 0.060350 0.044412
0 0.902441 0.385757 0.052144 0.039353
0 0.209349 0.397600 0.052586 0.035478
0 0.320027 0.598977 0.045606 0.032346
0 0.981802 0.323700 0.036397 0.034953
0 0.774474 0.339662 0.055101 0.038783
0 0.458353 0.274154 0.056480 0.039982
0 0.666208 0.301754 0.050360 0.035275
0 0.770554 0.023268 0.121397 0.046048
0 0.607454 0.579653 0.040736 0.030136
0 0.143364 0.595208 0.041540 0.031096
0 0.253951 0.103662 0.040353 0.031936
0 0.449376 0.039389 0.052186 0.038781
0 0.714479 0.396122 0.037354 0.027257
0 0.297542 0.750923 0.148491 0.106215
0 0.573284 0.479151 0.036803 0.026066
0 0.629390 0.689219 0.116442 0.086186
0 0.301727 0.232719 0.040076 0.029938
0 0.393110 0.492217 0.035399 0.025624
0 0.188976 0.020453 0.074844 0.040637
0 0.690942 0.285050 0.034247 0.024795
0 0.139794 0.016814 0.038380 0.031426
0 0.311944 0.266403 0.042343 0.032121
0 0.153357 0.556403 0.079154 0.055506
0 0.585703 0.321081 0.404831 0.330975
0 0.324195 0.016273 0.088959 0.032309
0 0.193377 0.057396 0.039569 0.029053
0 0.829659 0.521979 0.042668 0.034545
