0 0.297660 0.694477 0.068144 0.064349
0 0.405121 0.833952 0.053506 0.049475
0 0.539860 0.438264 0.054539 0.053764
0 0.299902 0.199538 0.044086 0.044116
0 0.381951 0.585973 0.032530 0.031863
0 0.984654 0.417324 0.030691 0.037756
0 0.182693 0.049272 0.028085 0.028026
0 0.660589 0.364812 0.028505 0.028464
0 0.061125 0.316522 0.029735 0.028697
0 0.031313 0.787327 0.035686 0.033619
0 0.314476 0.372009 0.027481 0.027167
0 0.054094 0.293304 0.024256 0.024493
0 0.575521 0.542236 0.021850 0.022099
0 0.341680 0.624515 0.023672 0.023428
0 0.533809 0.990802 0.044553 0.018392
0 0.596087 0.656856 0.021851 0.022111
0 0.469076 0.503445 0.047512 0.045675
0 0.487759 0.057784 0.032922 0.033918
0 0.048862 0.470969 0.037723 0.036494
0 0.579463 0.018718 0.049125 0.037414
0 0.959812 0.904732 0.038787 0.037630
0 0.755587 0.118794 0.036006 0.036706
0 0.411869 0.699437 0.022223 0.021938
0 0.712763 0.317704 0.049788 0.048826
0 0.117957 0.707917 0.030325 0.030363
0 0.633415 0.213570 0.129903 0.126155
0 0.363128 0.133296 0.027143 0.027318
