0 0.463173 0.226334 0.134663 0.133028
0 0.118508 0.892240 0.025629 0.025648
0 0.694618 0.085049 0.116893 0.115598
0 0.056353 0.773367 0.064359 0.064239
0 0.099548 0.825392 0.026910 0.026711
0 0.733555 0.936770 0.052910 0.052384
0 0.223942 0.508914 0.045092 0.044487
0 0.913211 0.185303 0.113113 0.109706
0 0.270706 0.072502 0.040780 0.040621
0 0.904043 0.447360 0.042655 0.042110
0 0.744516 0.867363 0.055692 0.056674
0 0.674421 0.156061 0.047867 0.047055
0 0.857018 0.095116 0.106519 0.103563
0 0.868166 0.617468 0.056615 0.055175
0 0.565777 0.774980 0.039577 0.040551
0 0.072569 0.958860 0.035089 0.034213
0 0.819034 0.956206 0.051478 0.050832
0 0.094885 0.871178 0.025387 0.025089
0 0.262899 0.183073 0.021210 0.021303
0 0.587183 0.109060 0.058372 0.058950
0 0.720234 0.671833 0.027923 0.027179
0 0.174594 0.671814 0.058754 0.059066
0 0.770104 0.515066 0.134404 0.132323
0 0.054037 0.815198 0.021710 0.021869
0 0.772464 0.752487 0.062166 0.061414
0 0.053684 0.980828 0.026516 0.026271
0 0.685535 0.739202 0.026705 0.027130
0 0.685663 0.985649 0.027699 0.026832
0 0.332693 0.207699 0.035875 0.036574
0 0.080170 0.422760 0.159618 0.297085
0 0.286179 0.235853 0.033052 0.032283
0 0.885737 0.953468 0.070193 0.070333
0 0.112592 0.936834 0.023090 0.022343
0 0.302013 0.758663 0.251909 0.259410
0 0.855985 0.260199 0.046941 0.046240
0 0.619121 0.144163 0.070551 0.070181
0 0.692344 0.517930 0.021825 0.021951
0 0.335611 0.893456 0.317866 0.211941
0 0.336970 0.177314 0.032099 0.032214
0 0.052249 0.048929 0.020810 0.021157
0 0.956158 0.497727 0.024696 0.023978
0 0.778737 0.207517 0.028740 0.028455
0 0.651304 0.030046 0.140636 0.059836
0 0.733223 0.981751 0.019929 0.019777
0 0.756836 0.992621 0.024222 0.014758
0 0.583010 0.975208 0.137119 0.049584
0 0.245819 0.032528 0.022367 0.022578
0 0.773304 0.872887 0.021273 0.021572
0 0.683276 0.379078 0.022085 0.022218
0 0.591501 0.788118 0.111299 0.123747
0 0.268399 0.136473 0.020422 0.020787
0 0.762451 0.907384 0.023905 0.024496
0 0.017311 0.914425 0.034567 0.047361
0 0.605258 0.922936 0.195006 0.154129
0 0.593143 0.769510 0.021547 0.023131
0 0.870878 0.270688 0.023621 0.024343
0 0.954933 0.093334 0.025046 0.024894
0 0.785999 0.768305 0.026679 0.024266
0 0.697963 0.397967 0.141572 0.141410
0 0.351152 0.006128 0.021153 0.012255
0 0.607194 0.704034 0.019471 0.019476
0 0.824409 0.035367 0.021936 0.021716
0 0.681289 0.479598 0.021294 0.021190
0 0.014858 0.181438 0.029491 0.126699
0 0.661135 0.657278 0.031636 0.032376
0 0.085264 0.025367 0.021046 0.021186
