0 0.060636 0.727940 0.096458 0.084596
0 0.176242 0.408855 0.033879 0.033516
0 0.329345 0.952038 0.070087 0.060189
0 0.764715 0.227006 0.417045 0.363476
0 0.058119 0.821683 0.039318 0.032218
0 0.292702 0.335790 0.035712 0.033625
0 0.608513 0.577698 0.023761 0.023681
0 0.185151 0.261477 0.033767 0.032960
0 0.080431 0.451343 0.028158 0.028844
0 0.692375 0.701348 0.054568 0.052668
0 0.343276 0.261903 0.045333 0.042828
0 0.939508 0.808309 0.046855 0.042775
0 0.558921 0.029945 0.023137 0.022895
0 0.173911 0.651702 0.027363 0.026675
0 0.048058 0.934006 0.083204 0.072937
0 0.335650 0.203410 0.023135 0.023044
0 0.669368 0.393200 0.471968 0.370922
0 0.732799 0.798320 0.025213 0.023489
0 0.148251 0.149798 0.023191 0.023232
0 0.942196 0.602762 0.029166 0.028911
