0 0.181809 0.654973 0.028933 0.029069
0 0.141278 0.436331 0.027329 0.027565
0 0.128656 0.265456 0.042468 0.042430
0 0.785441 0.008381 0.020331 0.016761
0 0.980347 0.486300 0.038176 0.051182
0 0.025097 0.991349 0.038281 0.017302
0 0.914016 0.719502 0.019933 0.019868
0 0.844852 0.735717 0.027824 0.028494
0 0.273695 0.981421 0.040083 0.037152
0 0.664241 0.011189 0.023172 0.022086
0 0.169187 0.147097 0.042880 0.042188
0 0.880543 0.470888 0.019526 0.019750
0 0.340772 0.255969 0.018601 0.018709
0 0.099151 0.212940 0.030290 0.030448
