0 0.430751 0.132367 0.029541 0.029318
0 0.929449 0.756547 0.044761 0.044187
0 0.025664 0.797691 0.046897 0.046972
0 0.265802 0.907842 0.024932 0.025155
0 0.291879 0.275296 0.028751 0.028798
0 0.966431 0.666888 0.067138 0.069882
0 0.701355 0.955255 0.023542 0.023191
0 0.354025 0.384644 0.039889 0.039202
0 0.685564 0.639279 0.098907 0.097893
0 0.772548 0.529647 0.021504 0.021707
0 0.893506 0.700529 0.021561 0.021478
0 0.756973 0.351317 0.040180 0.039291
0 0.858035 0.716273 0.036804 0.036449
0 0.579090 0.497383 0.042740 0.042753
0 0.337043 0.313974 0.072485 0.072983
0 0.959893 0.588465 0.027657 0.028247
0 0.683562 0.571007 0.069967 0.069291
0 0.532634 0.479253 0.027251 0.027096
0 0.728308 0.826966 0.038102 0.037154
0 0.612562 0.719542 0.069146 0.066520
0 0.638188 0.508089 0.086240 0.085523
0 0.282823 0.630591 0.081322 0.078415
