0 0.049800 0.606451 0.034753 0.034107
0 0.032795 0.461348 0.048185 0.048367
0 0.976946 0.195621 0.041181 0.041852
0 0.578333 0.251598 0.100544 0.099900
0 0.564291 0.288419 0.042851 0.042614
0 0.883833 0.706376 0.029678 0.029458
0 0.047640 0.567897 0.028598 0.028547
0 0.016001 0.520512 0.031735 0.035921
0 0.380330 0.743622 0.025806 0.026012
0 0.941710 0.676219 0.023955 0.024432
0 0.076107 0.249225 0.027216 0.027330
0 0.484480 0.235176 0.057754 0.057690
0 0.244613 0.042649 0.023381 0.023036
0 0.456434 0.462829 0.067015 0.065859
0 0.662987 0.992245 0.023891 0.015443
0 0.340365 0.876299 0.022111 0.022162
0 0.149911 0.257960 0.052470 0.052885
0 0.491821 0.882238 0.021600 0.021963
0 0.299100 0.005939 0.031604 0.011878
0 0.236468 0.797885 0.032438 0.032402
0 0.521428 0.203985 0.037657 0.038396
0 0.312936 0.683227 0.020955 0.020917
0 0.043397 0.241019 0.042935 0.042536
0 0.277163 0.704715 0.022394 0.022310
0 0.056958 0.985360 0.024722 0.024621
0 0.390795 0.527709 0.021177 0.021106
0 0.199951 0.874165 0.023794 0.024313
0 0.015805 0.108060 0.031611 0.044450
0 0.588761 0.681599 0.103982 0.102920
0 0.346671 0.905542 0.020532 0.020887
0 0.458052 0.310554 0.104929 0.102306
0 0.183128 0.278115 0.024222 0.023811
