0 0.216574 0.379027 0.075439 0.066591
0 0.679936 0.147357 0.043734 0.038200
0 0.836047 0.956607 0.033843 0.030676
0 0.829155 0.057528 0.053334 0.042745
0 0.519553 0.749174 0.033769 0.031179
0 0.621576 0.895361 0.034238 0.030924
0 0.205773 0.646959 0.035921 0.032522
0 0.637306 0.108252 0.043598 0.036913
0 0.971654 0.952454 0.033278 0.030128
0 0.196140 0.280964 0.044585 0.036018
0 0.708948 0.462408 0.045097 0.039973
0 0.382033 0.138516 0.105843 0.090342
0 0.267334 0.331974 0.033938 0.031092
0 0.171161 0.855231 0.038202 0.032827
0 0.114043 0.416433 0.026220 0.024921
0 0.829265 0.847700 0.028493 0.026116
0 0.056354 0.866854 0.059360 0.055090
