0 0.416864 0.773694 0.043975 0.037452
0 0.662346 0.127691 0.079593 0.067102
0 0.206120 0.778328 0.075836 0.066257
0 0.758335 0.229296 0.036278 0.032022
0 0.744972 0.032648 0.045540 0.038762
0 0.701160 0.554097 0.044017 0.041020
0 0.784625 0.590543 0.050796 0.047045
0 0.021763 0.559916 0.043526 0.080387
0 0.670015 0.555527 0.045258 0.041014
0 0.816863 0.672276 0.066055 0.057358
0 0.546085 0.215957 0.029899 0.026473
0 0.278523 0.927840 0.036457 0.030255
0 0.708022 0.051571 0.041545 0.033097
0 0.915618 0.628756 0.047711 0.044175
0 0.392890 0.110104 0.031726 0.027961
0 0.775870 0.054123 0.029881 0.027258
0 0.069473 0.120300 0.031133 0.028429
0 0.483107 0.966548 0.073397 0.062564
0 0.396775 0.628897 0.083656 0.077138
0 0.835480 0.007702 0.068744 0.014979
0 0.051675 0.469808 0.102539 0.130275
0 0.970286 0.664874 0.029462 0.026754
0 0.806637 0.621633 0.042837 0.038390
