0 0.170900 0.371703 0.036975 0.035256
0 0.551349 0.648903 0.033497 0.033062
0 0.975460 0.648005 0.027596 0.027718
0 0.459993 0.629521 0.038062 0.037233
0 0.211537 0.299750 0.028318 0.028488
0 0.304803 0.066484 0.040717 0.040157
0 0.315461 0.020084 0.040146 0.038973
0 0.776500 0.034274 0.033013 0.033081
0 0.702794 0.769957 0.037113 0.036102
0 0.372135 0.035865 0.030597 0.030744
0 0.263805 0.614809 0.028574 0.028416
0 0.314812 0.484511 0.024097 0.023579
0 0.835206 0.962258 0.030196 0.029947
0 0.027719 0.286372 0.022248 0.022236
0 0.833929 0.254965 0.023444 0.023432
0 0.363420 0.169955 0.027415 0.027194
0 0.669658 0.544308 0.020196 0.019859
0 0.315716 0.437507 0.024461 0.024310
0 0.661195 0.772829 0.050970 0.049568
0 0.847644 0.370199 0.049605 0.048615
0 0.267781 0.274723 0.026626 0.026611
0 0.515986 0.104238 0.023228 0.022922
0 0.808486 0.336480 0.030090 0.030078
0 0.965262 0.429291 0.027831 0.027926
0 0.331598 0.530730 0.024158 0.023504
