0 0.059687 0.339461 0.022398 0.022605
0 0.085716 0.254503 0.033871 0.033781
0 0.946873 0.686399 0.024273 0.024219
0 0.225312 0.767323 0.052107 0.052057
0 0.748959 0.438921 0.029074 0.029449
0 0.974478 0.798920 0.028620 0.028990
0 0.585990 0.405496 0.022758 0.022607
0 0.489849 0.486523 0.025507 0.024803
0 0.984009 0.912620 0.031571 0.032195
0 0.546249 0.351881 0.045013 0.044363
0 0.537389 0.129624 0.022034 0.022144
0 0.742347 0.324226 0.021692 0.021925
0 0.473402 0.505532 0.023099 0.023257
0 0.964561 0.709549 0.041780 0.042051
0 0.806727 0.749045 0.021096 0.021284
0 0.563513 0.079998 0.020759 0.020868
0 0.844250 0.538202 0.024430 0.024639
0 0.582884 0.087845 0.021406 0.021224
0 0.066373 0.849502 0.032611 0.033188
0 0.353553 0.095490 0.031691 0.031950
0 0.669094 0.008268 0.041604 0.016260
0 0.522248 0.625397 0.021691 0.021709
0 0.791539 0.650590 0.023826 0.023848
0 0.320680 0.176670 0.094179 0.094447
0 0.814888 0.784083 0.021476 0.021625
0 0.836818 0.603130 0.020343 0.020511
0 0.670264 0.620101 0.022613 0.022545
0 0.863093 0.648066 0.033534 0.033383
0 0.544924 0.508940 0.019834 0.019973
0 0.181644 0.426427 0.042498 0.042195
0 0.463717 0.917229 0.073100 0.073061
0 0.099815 0.473446 0.049983 0.050381
0 0.868769 0.860797 0.029201 0.028905
0 0.546874 0.600861 0.021067 0.021213
0 0.219891 0.865482 0.086938 0.087927
0 0.293755 0.407519 0.044058 0.043126
0 0.169569 0.939192 0.029016 0.030476
0 0.279835 0.372940 0.046984 0.046840
0 0.832637 0.887562 0.020112 0.020221
0 0.726219 0.417885 0.020785 0.020606
0 0.780155 0.682217 0.022501 0.022438
0 0.459568 0.646318 0.032276 0.032188
0 0.629230 0.145607 0.020034 0.020015
0 0.345185 0.663125 0.069067 0.068349
0 0.258439 0.328337 0.053836 0.053963
0 0.260184 0.959490 0.084346 0.079491
0 0.888089 0.058574 0.019821 0.019789
0 0.051449 0.650325 0.102899 0.104705
0 0.666711 0.690453 0.021580 0.021845
0 0.010014 0.766184 0.019933 0.023462
0 0.614518 0.419337 0.019893 0.020130
0 0.490828 0.402175 0.020846 0.021078
0 0.565547 0.878828 0.133379 0.134530
0 0.478929 0.847662 0.060584 0.061071
0 0.548040 0.435818 0.019192 0.019241
0 0.893583 0.806284 0.018950 0.018922
0 0.378917 0.920619 0.096885 0.095030
0 0.992348 0.828553 0.015303 0.020258
0 0.447775 0.803677 0.076500 0.076125
0 0.232818 0.284281 0.050320 0.051842
0 0.911209 0.714328 0.023849 0.025264
0 0.342448 0.980604 0.085563 0.038791
0 0.276417 0.797471 0.051362 0.051837
0 0.860986 0.717073 0.033999 0.033980
0 0.399421 0.977883 0.044437 0.042469
0 0.686058 0.518735 0.020615 0.019667
