0 0.782628 0.472360 0.090344 0.090044
0 0.108056 0.622733 0.097045 0.096698
0 0.221635 0.610995 0.038580 0.038249
0 0.682350 0.679149 0.034789 0.034317
0 0.742978 0.721905 0.037022 0.036592
0 0.522717 0.860926 0.032903 0.032780
0 0.573724 0.465547 0.042105 0.041276
0 0.564998 0.807084 0.036021 0.035558
0 0.386262 0.855100 0.031198 0.030925
0 0.551755 0.974955 0.033879 0.033462
0 0.037054 0.463913 0.028312 0.028375
0 0.426934 0.385181 0.032092 0.031519
0 0.977121 0.754701 0.032208 0.032247
0 0.622397 0.113392 0.032323 0.032827
0 0.739675 0.645653 0.039717 0.039964
0 0.895929 0.277429 0.030656 0.030686
0 0.971566 0.599971 0.028322 0.028145
0 0.744516 0.178526 0.032045 0.031736
0 0.330155 0.496543 0.026504 0.026297
0 0.412578 0.960577 0.048096 0.046751
0 0.398547 0.076720 0.033614 0.035823
0 0.659511 0.767608 0.027139 0.026351
0 0.442370 0.878858 0.029289 0.028775
0 0.784024 0.964316 0.027471 0.027438
0 0.319281 0.932452 0.026347 0.025975
0 0.065974 0.845527 0.024075 0.024590
0 0.423850 0.084585 0.023864 0.023923
0 0.703744 0.300032 0.022867 0.023103
0 0.626249 0.788311 0.025863 0.025284
0 0.199264 0.851345 0.026495 0.026477
0 0.296808 0.282173 0.038859 0.037839
0 0.958596 0.174606 0.027813 0.027849
0 0.582090 0.089119 0.027003 0.026878
0 0.724903 0.308404 0.025875 0.025765
0 0.994032 0.861092 0.011936 0.041125
0 0.383214 0.990646 0.056024 0.018594
0 0.334105 0.032135 0.023372 0.023282
0 0.815697 0.219844 0.040561 0.039514
0 0.730166 0.077149 0.055827 0.056127
0 0.876062 0.591581 0.034218 0.034129
0 0.312321 0.317806 0.052091 0.050790
0 0.006649 0.308780 0.013297 0.037344
0 0.868383 0.210639 0.034126 0.034437
0 0.907444 0.117747 0.024047 0.024258
0 0.548829 0.390813 0.023842 0.023991
0 0.870317 0.038494 0.025008 0.025877
0 0.521386 0.933138 0.029696 0.029111
