0 0.066814 0.418042 0.075024 0.069201
0 0.062081 0.124065 0.123627 0.124746
0 0.439532 0.298535 0.036758 0.034321
0 0.385336 0.192646 0.050531 0.045518
0 0.851417 0.425680 0.049092 0.044852
0 0.540000 0.059577 0.067530 0.061521
0 0.719128 0.119047 0.047538 0.044480
0 0.851065 0.127184 0.278741 0.240545
0 0.727041 0.463139 0.050568 0.046822
0 0.716390 0.078568 0.046378 0.043719
0 0.691481 0.520658 0.051374 0.044518
0 0.791323 0.009544 0.075387 0.019088
0 0.063355 0.814332 0.029004 0.027946
0 0.064846 0.928777 0.128724 0.138185
