0 0.199391 0.139479 0.099351 0.081509
0 0.330703 0.915889 0.061621 0.049795
0 0.754639 0.502712 0.135864 0.112768
0 0.737585 0.784278 0.105854 0.081518
0 0.899708 0.335922 0.098002 0.076156
0 0.453705 0.575443 0.058514 0.046989
0 0.490668 0.435510 0.033524 0.029283
0 0.209498 0.580552 0.057138 0.046641
0 0.905491 0.263145 0.135258 0.104955
0 0.775333 0.338416 0.088029 0.067707
0 0.059704 0.668989 0.079744 0.062725
0 0.491789 0.058646 0.046912 0.035854
0 0.508069 0.501387 0.029299 0.026401
0 0.416002 0.173133 0.035017 0.029052
0 0.102145 0.584585 0.071339 0.057868
0 0.799743 0.742116 0.058793 0.050515
0 0.065108 0.860561 0.029348 0.026845
0 0.424513 0.835186 0.031850 0.026154
0 0.712114 0.018422 0.115280 0.036778
0 0.282314 0.467455 0.055708 0.047778
0 0.027578 0.693779 0.054785 0.046336
0 0.667926 0.710308 0.024510 0.021529
0 0.172673 0.174552 0.028608 0.022289
0 0.512804 0.322755 0.031306 0.027470
0 0.611612 0.818130 0.154918 0.131635
