0 0.155429 0.358991 0.092886 0.091806
0 0.209546 0.742432 0.026201 0.026780
0 0.840955 0.216799 0.025517 0.025499
0 0.463877 0.616104 0.055502 0.055823
0 0.356420 0.325711 0.096179 0.096927
0 0.099327 0.753702 0.035970 0.035874
0 0.522999 0.753742 0.036139 0.036853
0 0.568201 0.239284 0.040149 0.039941
0 0.396494 0.918112 0.025665 0.025758
0 0.649342 0.281544 0.073759 0.072561
0 0.947630 0.294548 0.095106 0.096626
0 0.134088 0.644460 0.038588 0.038280
0 0.405850 0.606539 0.028036 0.028384
0 0.170551 0.236733 0.078663 0.079610
0 0.158568 0.782291 0.025754 0.025664
0 0.174343 0.850663 0.027687 0.027677
0 0.040901 0.401530 0.023604 0.023431
0 0.236696 0.415682 0.069160 0.069529
0 0.526860 0.883890 0.027550 0.028062
0 0.795864 0.271079 0.024518 0.024717
0 0.093090 0.692130 0.041023 0.040623
0 0.028294 0.495376 0.056305 0.066395
0 0.372515 0.017160 0.046995 0.034319
0 0.119491 0.942319 0.039316 0.039262
0 0.256335 0.755100 0.035979 0.035783
0 0.408924 0.473826 0.037029 0.036755
0 0.387072 0.126101 0.065256 0.064977
0 0.329868 0.194457 0.031429 0.030002
0 0.312018 0.033080 0.035401 0.035412
0 0.771815 0.025727 0.057178 0.051454
0 0.428635 0.094636 0.037058 0.037555
0 0.100091 0.282378 0.074941 0.076262
0 0.315569 0.782682 0.031889 0.032316
0 0.317109 0.587450 0.041528 0.040914
0 0.488937 0.659249 0.021941 0.021819
0 0.423098 0.549562 0.038515 0.036930
0 0.202481 0.610010 0.029788 0.029546
0 0.720833 0.967147 0.063986 0.063381
0 0.371144 0.863745 0.026921 0.027398
0 0.612303 0.127459 0.290208 0.254918
0 0.696800 0.747896 0.023602 0.023585
0 0.967246 0.455094 0.054160 0.054848
0 0.198132 0.074891 0.022355 0.022388
0 0.429351 0.135983 0.023955 0.024086
0 0.811951 0.593249 0.043170 0.043707
0 0.166918 0.911498 0.059399 0.059602
0 0.083874 0.083840 0.166851 0.167492
0 0.935387 0.045423 0.088296 0.085993
0 0.830341 0.272284 0.039184 0.039961
0 0.572903 0.981203 0.066975 0.037593
0 0.181883 0.980615 0.022327 0.022892
0 0.355300 0.051504 0.061519 0.060835
0 0.821972 0.315928 0.054663 0.052815
0 0.625500 0.438691 0.368347 0.371924
0 0.159687 0.532123 0.038355 0.038679
0 0.846657 0.133287 0.068226 0.067936
0 0.519384 0.981048 0.043051 0.037904
0 0.300825 0.273952 0.044718 0.045095
0 0.358304 0.577210 0.022002 0.021994
0 0.293778 0.214746 0.157553 0.160274
0 0.200878 0.169638 0.020413 0.020135
0 0.118548 0.723094 0.029308 0.029460
0 0.764906 0.082941 0.028627 0.029008
0 0.936979 0.859832 0.036684 0.036954
0 0.943375 0.184516 0.021831 0.022154
0 0.222467 0.148477 0.048962 0.047897
0 0.055616 0.866918 0.062367 0.059752
0 0.502838 0.778194 0.026824 0.026635
0 0.192275 0.105197 0.038353 0.037555
0 0.108990 0.827944 0.027827 0.027706
0 0.394951 0.383951 0.050232 0.049553
0 0.640046 0.011669 0.032068 0.023337
0 0.141793 0.480110 0.027738 0.028425
0 0.219117 0.678001 0.025105 0.025069
0 0.155859 0.092108 0.022528 0.022462
0 0.363155 0.628065 0.036420 0.037347
0 0.878444 0.781257 0.063651 0.064399
0 0.153405 0.950551 0.026995 0.027175
0 0.359588 0.605705 0.023896 0.023699
0 0.203637 0.990753 0.022253 0.018493
0 0.202144 0.638688 0.027998 0.029610
0 0.206696 0.563774 0.068430 0.069495
0 0.042451 0.967347 0.082153 0.065306
0 0.758201 0.303925 0.020216 0.020392
0 0.195273 0.309218 0.029154 0.029077
0 0.427665 0.506075 0.037003 0.037520
0 0.381680 0.478380 0.019299 0.019519
0 0.293953 0.146662 0.020319 0.020158
0 0.353013 0.543819 0.026811 0.028604
0 0.010946 0.687918 0.021891 0.037777
0 0.882665 0.318963 0.044248 0.044414
0 0.473602 0.041925 0.109345 0.082233
0 0.416719 0.571697 0.030612 0.028740
0 0.763225 0.252566 0.021605 0.021834
0 0.913991 0.986456 0.070414 0.027088
0 0.296035 0.809328 0.020995 0.021450
0 0.794045 0.116959 0.048221 0.048740
0 0.112544 0.617728 0.021950 0.022797
0 0.010468 0.877732 0.020566 0.067646
0 0.043342 0.276275 0.048851 0.049442
0 0.107807 0.975860 0.017889 0.018288
0 0.164924 0.957805 0.021839 0.022132
0 0.774526 0.321177 0.027823 0.027562
0 0.902259 0.978483 0.100394 0.042372
0 0.767004 0.960645 0.032875 0.032898
0 0.858256 0.292797 0.021238 0.021653
0 0.309787 0.162493 0.027723 0.028284
0 0.286930 0.471874 0.018874 0.019536
0 0.011767 0.306523 0.023534 0.029970
0 0.887663 0.086662 0.039730 0.040192
0 0.262242 0.474559 0.019189 0.019225
0 0.179045 0.703344 0.026974 0.026773
0 0.014208 0.591488 0.027436 0.035684
0 0.442046 0.452343 0.023334 0.024476
0 0.048077 0.456635 0.017340 0.017563
0 0.412105 0.405430 0.051668 0.049621
