0 0.530653 0.752229 0.110169 0.110238
0 0.603846 0.641159 0.034851 0.034582
0 0.579877 0.458050 0.051606 0.051524
0 0.373685 0.796203 0.084046 0.082944
0 0.914322 0.709736 0.080500 0.081613
0 0.371799 0.916549 0.022693 0.022756
0 0.153272 0.442155 0.306543 0.362884
0 0.545666 0.591201 0.045034 0.045246
0 0.247390 0.194943 0.386762 0.384282
0 0.971775 0.320424 0.023283 0.023169
0 0.410131 0.736977 0.074385 0.073362
0 0.652491 0.190380 0.032173 0.032091
0 0.736029 0.719721 0.054057 0.054200
0 0.838842 0.809681 0.022680 0.023015
0 0.473347 0.529810 0.036702 0.036366
0 0.296247 0.785529 0.052260 0.051475
0 0.917920 0.547506 0.041663 0.041527
0 0.414533 0.897657 0.051839 0.051924
0 0.447350 0.925815 0.030958 0.030842
0 0.082605 0.495817 0.027110 0.027128
0 0.332817 0.751981 0.065018 0.065196
0 0.535634 0.554892 0.027955 0.028451
0 0.350673 0.984073 0.056690 0.031853
0 0.098124 0.875156 0.022924 0.023290
0 0.943787 0.652824 0.030678 0.031521
0 0.513263 0.840436 0.020404 0.020612
0 0.949808 0.992866 0.022340 0.013790
0 0.535026 0.931179 0.031341 0.031182
0 0.660427 0.158017 0.028246 0.030702
0 0.712192 0.406761 0.020647 0.020764
0 0.974070 0.937497 0.051213 0.056857
0 0.263010 0.594525 0.025182 0.024859
0 0.607796 0.768621 0.048326 0.046255
0 0.931143 0.846459 0.025700 0.025895
0 0.799331 0.308439 0.032890 0.033057
0 0.859547 0.230393 0.086925 0.085883
0 0.463208 0.863326 0.076643 0.077044
0 0.628671 0.954152 0.026196 0.026283
