0 0.330442 0.743044 0.048800 0.047308
0 0.111474 0.295892 0.042315 0.040602
0 0.343049 0.262912 0.068652 0.067421
0 0.048647 0.429627 0.038495 0.035617
0 0.145312 0.870815 0.068115 0.060401
0 0.216398 0.922926 0.073512 0.072089
0 0.487381 0.406944 0.036252 0.036437
0 0.586011 0.871283 0.038137 0.036997
0 0.422073 0.889119 0.042686 0.041169
0 0.437527 0.160829 0.068956 0.066519
0 0.880701 0.933329 0.034968 0.033881
0 0.307520 0.920508 0.031490 0.030739
0 0.353220 0.878372 0.046474 0.044664
0 0.360203 0.036354 0.028424 0.028296
0 0.461312 0.674555 0.049488 0.047879
0 0.050636 0.489646 0.030528 0.030722
0 0.724986 0.222419 0.030932 0.030858
0 0.962092 0.190066 0.034767 0.034136
0 0.916388 0.850190 0.033721 0.032619
0 0.200202 0.983087 0.039466 0.033601
0 0.381677 0.120193 0.032922 0.032087
0 0.229212 0.386602 0.032413 0.031852
0 0.786498 0.547071 0.054508 0.050249
0 0.660920 0.841251 0.027500 0.027479
0 0.386005 0.958024 0.041912 0.038515
0 0.240622 0.975510 0.041333 0.040711
0 0.553149 0.919724 0.031752 0.029306
0 0.678718 0.882616 0.032375 0.032565
0 0.473516 0.506916 0.218931 0.209337
0 0.205847 0.174838 0.038626 0.037743
0 0.067788 0.339074 0.038339 0.038125
0 0.320102 0.646905 0.068039 0.064693
0 0.036704 0.609237 0.023428 0.022890
0 0.044629 0.456528 0.026221 0.026640
0 0.803288 0.101132 0.073612 0.068151
0 0.440326 0.477427 0.036599 0.036140
0 0.549535 0.044244 0.029694 0.029472
0 0.110605 0.108453 0.061946 0.061047
0 0.413476 0.127803 0.026652 0.027439
0 0.552929 0.698375 0.034651 0.032774
0 0.706619 0.283887 0.031064 0.030561
0 0.373732 0.240590 0.030413 0.032044
