0 0.011031 0.386928 0.021578 0.021650
0 0.391772 0.271737 0.040932 0.040830
0 0.020106 0.935229 0.031280 0.031422
0 0.736309 0.724245 0.032783 0.032583
0 0.861951 0.214049 0.037137 0.037016
0 0.593296 0.762028 0.028505 0.028159
0 0.532386 0.949879 0.051789 0.050347
0 0.213128 0.055570 0.048885 0.048541
0 0.025499 0.891717 0.022795 0.022607
0 0.236487 0.370907 0.142471 0.137429
0 0.615215 0.017444 0.022039 0.022348
0 0.298377 0.079706 0.033961 0.033529
0 0.566398 0.847200 0.064303 0.063931
0 0.961305 0.311872 0.020369 0.020594
0 0.253734 0.762151 0.019491 0.019585
0 0.235138 0.929080 0.096118 0.095203
0 0.741575 0.126466 0.023238 0.022984
0 0.343919 0.770764 0.059365 0.058760
0 0.568396 0.885994 0.067488 0.066737
0 0.225327 0.091255 0.019605 0.020187
0 0.602121 0.078779 0.019012 0.018733
0 0.804354 0.434946 0.084477 0.086951
0 0.577753 0.180389 0.037454 0.037389
0 0.916613 0.746084 0.166774 0.203089
0 0.110002 0.359136 0.021435 0.021235
0 0.061837 0.428051 0.017666 0.017304
0 0.814575 0.514779 0.049733 0.049352
0 0.317285 0.857455 0.085821 0.082185
0 0.501944 0.888459 0.059848 0.061603
0 0.367052 0.511714 0.028961 0.027955
