0 0.772050 0.263867 0.024444 0.024421
0 0.455132 0.937490 0.024737 0.024900
0 0.358381 0.910692 0.037538 0.037199
0 0.157511 0.550528 0.045168 0.044697
0 0.830423 0.605513 0.050455 0.050444
0 0.664133 0.525458 0.028078 0.027593
0 0.353768 0.271927 0.060937 0.061825
0 0.451414 0.120820 0.038268 0.038024
0 0.152555 0.466969 0.026472 0.026363
0 0.167199 0.882612 0.025373 0.025038
0 0.812517 0.686369 0.033147 0.032739
0 0.971995 0.018843 0.035072 0.034188
0 0.323721 0.810883 0.036270 0.036179
0 0.785751 0.451136 0.020975 0.020718
0 0.582583 0.505127 0.036681 0.036784
0 0.353067 0.015885 0.027190 0.027607
0 0.470326 0.613169 0.037673 0.039460
0 0.563820 0.018109 0.023521 0.024482
0 0.600926 0.964659 0.074357 0.070682
0 0.881035 0.077441 0.019883 0.019798
0 0.576422 0.753590 0.026210 0.026147
0 0.712480 0.620071 0.020267 0.020110
0 0.471275 0.068556 0.027070 0.026938
0 0.098083 0.990245 0.023134 0.019511
0 0.316791 0.682906 0.020434 0.020490
0 0.849654 0.992052 0.020879 0.015897
0 0.502643 0.540643 0.019640 0.019897
0 0.991579 0.697942 0.016164 0.019538
0 0.384912 0.641785 0.096810 0.097860
0 0.060727 0.208703 0.073098 0.073827
0 0.469311 0.465423 0.022811 0.022883
0 0.919934 0.759410 0.024034 0.024412
0 0.910997 0.604605 0.017701 0.017994
0 0.951558 0.598345 0.018730 0.018521
0 0.887733 0.206616 0.050523 0.050587
0 0.659780 0.367133 0.031747 0.031759
0 0.049611 0.458060 0.040790 0.042730
0 0.488582 0.270521 0.023949 0.023884
0 0.757551 0.086815 0.021800 0.021972
0 0.853943 0.950876 0.053562 0.056053
0 0.864928 0.824904 0.021130 0.022099
0 0.238664 0.168461 0.026202 0.026325
0 0.350829 0.786070 0.025244 0.025395
0 0.613793 0.035218 0.085278 0.070435
0 0.322893 0.969506 0.027643 0.027540
0 0.390081 0.188870 0.053405 0.055446
0 0.052003 0.500955 0.104006 0.115518
0 0.410736 0.747575 0.020201 0.019866
0 0.309404 0.532777 0.027347 0.027342
0 0.216272 0.688457 0.126727 0.128876
