0 0.342844 0.503129 0.154475 0.147727
0 0.104400 0.839618 0.043249 0.043025
0 0.301565 0.297701 0.030277 0.029263
0 0.088519 0.690424 0.022683 0.022651
0 0.327144 0.237914 0.025149 0.025025
0 0.457866 0.931690 0.023421 0.023181
0 0.706808 0.897750 0.026732 0.026202
0 0.020002 0.214886 0.028172 0.028042
0 0.959244 0.973640 0.037674 0.035919
0 0.191954 0.949586 0.060703 0.060152
0 0.764552 0.227729 0.022352 0.021441
0 0.591632 0.801849 0.047988 0.046056
0 0.722788 0.065360 0.030032 0.029057
0 0.767216 0.143753 0.020110 0.020418
0 0.597472 0.370613 0.031217 0.031066
0 0.653636 0.139940 0.022569 0.022217
