0 0.591766 0.716336 0.025972 0.025752
0 0.569609 0.374252 0.029055 0.029071
0 0.322204 0.164483 0.027217 0.027206
0 0.102549 0.842490 0.045040 0.044283
0 0.213306 0.190175 0.020702 0.020746
0 0.153836 0.013506 0.044700 0.027011
0 0.169667 0.863995 0.050597 0.052438
0 0.182708 0.610893 0.041926 0.041987
0 0.070978 0.924597 0.034305 0.034483
0 0.554603 0.460704 0.051327 0.051065
0 0.378474 0.984093 0.047840 0.031293
0 0.111957 0.922177 0.033186 0.032586
0 0.312308 0.741224 0.060870 0.061283
0 0.033071 0.312986 0.060459 0.060435
0 0.041864 0.897392 0.019956 0.019559
0 0.304651 0.671863 0.043375 0.043732
0 0.874085 0.305397 0.224880 0.222898
0 0.631259 0.981155 0.044189 0.037625
0 0.585675 0.031211 0.042540 0.044034
0 0.032933 0.920578 0.028761 0.028528
0 0.039092 0.343140 0.035280 0.035687
0 0.410503 0.874727 0.044763 0.043507
0 0.981018 0.826157 0.025046 0.025443
0 0.734746 0.365852 0.072117 0.073636
0 0.405246 0.844126 0.018921 0.018473
0 0.609835 0.955777 0.049685 0.048572
0 0.911130 0.460173 0.081331 0.081173
0 0.344728 0.947765 0.023334 0.023281
0 0.116544 0.950143 0.040338 0.041216
0 0.980809 0.575848 0.038109 0.041412
0 0.054777 0.448059 0.041207 0.041699
0 0.501257 0.910469 0.040815 0.041469
0 0.334654 0.664912 0.025041 0.025240
0 0.495058 0.098134 0.057793 0.057324
0 0.387430 0.712776 0.037153 0.037070
