0 0.375546 0.609092 0.094131 0.094674
0 0.878221 0.305140 0.029015 0.028682
0 0.780761 0.909659 0.034386 0.034037
0 0.192122 0.048406 0.049829 0.050406
0 0.587119 0.645928 0.042667 0.042700
0 0.113628 0.051111 0.032051 0.031884
0 0.709231 0.600071 0.045215 0.045299
0 0.652370 0.642443 0.044811 0.044973
0 0.234961 0.897056 0.024112 0.024348
0 0.969029 0.899715 0.060512 0.072324
0 0.211994 0.218315 0.025968 0.025712
0 0.980422 0.115866 0.039156 0.047530
0 0.781758 0.875731 0.027139 0.027309
0 0.374375 0.252144 0.027871 0.027667
0 0.655864 0.289134 0.180582 0.179679
0 0.623892 0.101100 0.032758 0.032477
0 0.101568 0.888589 0.030832 0.030799
0 0.119539 0.970498 0.022294 0.022355
0 0.935144 0.617095 0.021964 0.022293
0 0.731636 0.099698 0.020771 0.020606
0 0.677884 0.875351 0.023180 0.023860
0 0.656670 0.885719 0.151671 0.153476
0 0.715949 0.237902 0.020819 0.020854
0 0.736114 0.652129 0.027524 0.028109
0 0.614965 0.142688 0.037828 0.038273
0 0.988112 0.803940 0.023064 0.024111
0 0.680537 0.462771 0.027740 0.028230
0 0.651535 0.684155 0.050095 0.049069
0 0.750151 0.615498 0.043765 0.044199
0 0.123469 0.796712 0.025117 0.025013
0 0.651651 0.716534 0.057546 0.056875
0 0.886841 0.666405 0.019442 0.019366
0 0.844159 0.622923 0.055685 0.055889
0 0.710939 0.550687 0.020267 0.020048
0 0.668850 0.932291 0.031514 0.033428
0 0.249210 0.009285 0.023407 0.018571
0 0.151413 0.748535 0.019513 0.019292
0 0.891289 0.359340 0.024787 0.025108
0 0.934368 0.520218 0.019973 0.019709
