0 0.475093 0.389054 0.079967 0.065311
0 0.630734 0.327146 0.066123 0.057998
0 0.073851 0.062945 0.047268 0.042771
0 0.704310 0.696090 0.118865 0.096682
0 0.815880 0.449464 0.252776 0.214047
0 0.475299 0.227358 0.083142 0.072798
0 0.452215 0.042213 0.064678 0.055095
0 0.732216 0.295026 0.046503 0.036469
0 0.168461 0.611492 0.046619 0.042269
0 0.422031 0.207483 0.042663 0.038793
0 0.845352 0.907271 0.043330 0.038929
0 0.713405 0.021820 0.040501 0.033621
0 0.192871 0.017374 0.074361 0.034650
0 0.458698 0.511797 0.033773 0.031968
0 0.361179 0.181569 0.035493 0.030902
0 0.487686 0.143463 0.047958 0.040684
0 0.395624 0.095820 0.049000 0.042634
0 0.935846 0.612499 0.047166 0.041459
0 0.566440 0.891090 0.036808 0.035715
0 0.787788 0.801674 0.041337 0.034841
0 0.530804 0.130642 0.059841 0.054166
0 0.571371 0.417602 0.054367 0.049069
0 0.268757 0.544562 0.033655 0.031019
0 0.164643 0.511444 0.032757 0.031596
0 0.636565 0.263536 0.039203 0.032289
0 0.760537 0.885551 0.054865 0.046873
0 0.495859 0.105219 0.036091 0.030292
0 0.141809 0.776618 0.037470 0.033849
0 0.985617 0.108675 0.028526 0.054039
0 0.535295 0.898404 0.036429 0.034535
0 0.900255 0.464832 0.089833 0.075255
0 0.057141 0.831944 0.077359 0.068457
0 0.736655 0.843639 0.034403 0.031360
0 0.398702 0.041964 0.051006 0.044364
0 0.387474 0.484687 0.028659 0.025250
0 0.150463 0.128301 0.030858 0.029126
0 0.833210 0.782557 0.038504 0.035497
0 0.529570 0.588044 0.032502 0.030707
0 0.476659 0.844772 0.036323 0.034696
0 0.946946 0.247762 0.039135 0.033281
0 0.057496 0.107155 0.027644 0.025344
0 0.818472 0.602334 0.031448 0.026508
0 0.328988 0.198444 0.032253 0.027876
0 0.365679 0.910287 0.034455 0.032277
0 0.310409 0.583541 0.033045 0.029941
0 0.710155 0.184054 0.078204 0.070998
0 0.178980 0.113598 0.025724 0.023442
0 0.509053 0.606657 0.089080 0.078214
0 0.941664 0.385580 0.116673 0.127914
0 0.354741 0.529115 0.025636 0.024289
0 0.026265 0.949191 0.027530 0.025464
0 0.107258 0.683321 0.034948 0.032406
0 0.043879 0.623659 0.025613 0.024922
0 0.823912 0.806183 0.027624 0.024860
0 0.775214 0.008647 0.041053 0.017293
0 0.390734 0.960980 0.034755 0.030589
0 0.647114 0.789860 0.028541 0.025864
0 0.267669 0.726278 0.030758 0.026637
0 0.638131 0.731278 0.028861 0.026029
0 0.610149 0.894460 0.022210 0.021734
0 0.906836 0.045316 0.036002 0.030293
