0 0.130177 0.931649 0.159712 0.136264
0 0.604074 0.784142 0.055524 0.054380
0 0.497770 0.256791 0.056576 0.055178
0 0.140970 0.475849 0.045014 0.044710
0 0.118696 0.525952 0.038935 0.038187
0 0.770760 0.391308 0.035544 0.035050
0 0.167850 0.382331 0.036747 0.036394
0 0.464032 0.376914 0.031594 0.031070
0 0.480191 0.302234 0.040841 0.039835
0 0.081390 0.449927 0.029598 0.029740
0 0.679664 0.012174 0.031215 0.024348
0 0.531152 0.442943 0.040916 0.040276
0 0.962712 0.152814 0.025980 0.026202
0 0.052090 0.803624 0.029436 0.029414
0 0.234537 0.275728 0.026450 0.026319
0 0.958352 0.277486 0.027369 0.026715
0 0.463770 0.213573 0.036732 0.036403
