0 0.386679 0.252330 0.023590 0.023931
0 0.856919 0.713856 0.033387 0.033169
0 0.489824 0.404316 0.032363 0.032456
0 0.581417 0.672992 0.028786 0.028608
0 0.458875 0.477757 0.028334 0.028442
0 0.009829 0.416526 0.019527 0.026116
0 0.155501 0.043802 0.030688 0.030429
0 0.666337 0.029614 0.124332 0.059228
0 0.526805 0.697653 0.022185 0.022379
0 0.408511 0.028824 0.023188 0.023281
0 0.310262 0.979988 0.033961 0.033315
0 0.118815 0.666490 0.048663 0.049119
0 0.544357 0.923653 0.047997 0.046973
0 0.265129 0.535042 0.074299 0.073134
0 0.853112 0.278833 0.040250 0.040001
0 0.628788 0.105483 0.042804 0.042154
0 0.661275 0.653564 0.022493 0.022691
0 0.462397 0.620813 0.025740 0.026050
0 0.049945 0.359793 0.049299 0.049970
0 0.462937 0.008848 0.036845 0.017180
0 0.207294 0.370061 0.021630 0.021828
0 0.289847 0.156235 0.264765 0.266773
0 0.095518 0.533188 0.021410 0.022420
0 0.494108 0.635102 0.020221 0.020290
0 0.100270 0.467644 0.034102 0.034527
0 0.762933 0.017236 0.072260 0.034261
0 0.444669 0.140306 0.038665 0.040047
0 0.413472 0.128322 0.026093 0.026548
0 0.938910 0.250130 0.033585 0.033780
0 0.803728 0.265520 0.056808 0.057376
0 0.360123 0.217572 0.020115 0.020154
0 0.148003 0.807954 0.058748 0.058733
0 0.545743 0.476516 0.028734 0.030857
0 0.812719 0.674311 0.018361 0.018051
0 0.298974 0.642804 0.021385 0.021700
