0 0.321590 0.357073 0.245899 0.248582
0 0.342867 0.481489 0.025974 0.025718
0 0.189139 0.937622 0.031889 0.031436
0 0.196339 0.012448 0.023782 0.023804
0 0.458825 0.270940 0.034829 0.034355
0 0.148521 0.013508 0.027261 0.026822
0 0.533387 0.588249 0.038158 0.038311
0 0.047760 0.336784 0.041127 0.040819
0 0.411895 0.494773 0.121568 0.123791
0 0.924354 0.949336 0.029610 0.029062
0 0.455246 0.019801 0.024159 0.023918
0 0.144402 0.497156 0.031977 0.032198
0 0.028393 0.530886 0.056785 0.068972
0 0.982566 0.350635 0.020685 0.020962
0 0.077269 0.845559 0.021589 0.021595
0 0.773966 0.024382 0.020045 0.020142
0 0.290874 0.034947 0.019993 0.020408
0 0.836389 0.433857 0.021497 0.021407
0 0.861505 0.019144 0.044970 0.038288
0 0.495386 0.781058 0.023076 0.022925
0 0.056139 0.251963 0.025878 0.025915
0 0.447332 0.119538 0.024776 0.024875
0 0.422558 0.130782 0.026918 0.026089
0 0.134203 0.794492 0.023568 0.024216
0 0.032086 0.669530 0.063153 0.084160
0 0.048428 0.309299 0.032115 0.033575
0 0.534240 0.087396 0.048947 0.049108
0 0.980492 0.480794 0.032346 0.031734
0 0.155781 0.693752 0.022608 0.022303
0 0.158822 0.086678 0.024194 0.024207
0 0.588716 0.488399 0.020527 0.020414
0 0.641129 0.203347 0.025989 0.026165
0 0.397873 0.900191 0.020141 0.020124
0 0.879181 0.992345 0.019448 0.015311
0 0.116841 0.542480 0.020277 0.019951
0 0.233604 0.827454 0.019540 0.019222
0 0.514165 0.123951 0.021390 0.021575
0 0.565617 0.576037 0.021769 0.022390
0 0.294917 0.092276 0.018334 0.018413
0 0.071552 0.600350 0.021705 0.021558
0 0.078837 0.213443 0.055371 0.053490
0 0.017490 0.621580 0.018958 0.018615
0 0.089299 0.053102 0.021075 0.021322
0 0.883220 0.793350 0.018182 0.018588
