0 0.306625 0.392746 0.190885 0.170538
0 0.493418 0.860849 0.288640 0.253590
0 0.578656 0.480774 0.064709 0.060639
0 0.359656 0.510078 0.099859 0.089066
0 0.879327 0.736060 0.105704 0.097392
0 0.620962 0.551771 0.046619 0.043843
0 0.650088 0.794260 0.064776 0.059634
0 0.047097 0.146086 0.073626 0.069377
0 0.446183 0.013688 0.040349 0.027376
0 0.452888 0.435928 0.056560 0.053030
0 0.653648 0.634462 0.059674 0.059397
0 0.400245 0.235116 0.032006 0.031775
0 0.569195 0.364693 0.056362 0.053590
0 0.307505 0.723252 0.333290 0.308685
0 0.210499 0.209545 0.038774 0.036943
0 0.492568 0.383747 0.040577 0.038880
0 0.245725 0.110911 0.024508 0.024148
0 0.799040 0.360090 0.401920 0.377870
0 0.609815 0.597994 0.044632 0.043709
0 0.324751 0.033655 0.026136 0.026574
0 0.178057 0.184990 0.030924 0.030212
0 0.108409 0.124996 0.031623 0.031520
0 0.714569 0.534421 0.031028 0.030714
0 0.363616 0.585696 0.071946 0.066674
0 0.145289 0.287949 0.024018 0.024207
0 0.009051 0.078090 0.018102 0.035041
0 0.782304 0.949940 0.041232 0.039521
0 0.918738 0.535560 0.028555 0.027958
0 0.045616 0.376101 0.044541 0.042304
0 0.971533 0.667935 0.041458 0.041021
0 0.569840 0.656510 0.079083 0.076524
0 0.454434 0.245785 0.295671 0.269781
0 0.143603 0.517465 0.285592 0.338456
0 0.901988 0.052696 0.196025 0.104816
0 0.604544 0.274279 0.030060 0.028624
0 0.546588 0.015158 0.029040 0.026430
0 0.660094 0.009768 0.022076 0.019155
0 0.246217 0.203822 0.023693 0.023523
0 0.754929 0.817278 0.032315 0.031980
0 0.204626 0.172747 0.040821 0.041683
0 0.613385 0.310315 0.027128 0.026261
0 0.043712 0.417901 0.023267 0.022858
0 0.798678 0.662936 0.021582 0.021054
0 0.111352 0.082575 0.021491 0.021261
0 0.277888 0.075206 0.020272 0.020547
0 0.639613 0.195236 0.062873 0.061289
0 0.656845 0.080682 0.052478 0.051719
0 0.190042 0.125272 0.020554 0.020201
0 0.773156 0.168089 0.047629 0.046755
0 0.602894 0.643851 0.039668 0.040391
0 0.513110 0.261521 0.021097 0.020835
0 0.612447 0.699570 0.040791 0.039340
0 0.402550 0.557719 0.046907 0.041988
0 0.787225 0.754450 0.159435 0.144972
0 0.718944 0.582696 0.035320 0.033856
0 0.980301 0.537095 0.023035 0.021919
0 0.764395 0.854899 0.036363 0.032057
0 0.971561 0.758335 0.056682 0.095180
0 0.036452 0.272167 0.072777 0.225781
0 0.752891 0.646674 0.025243 0.024996
0 0.919207 0.922209 0.161586 0.155582
0 0.364843 0.226185 0.031320 0.030842
0 0.651934 0.989155 0.033706 0.021690
0 0.983355 0.495406 0.033290 0.057468
0 0.861912 0.108985 0.027234 0.026206
