0 0.908612 0.829391 0.027976 0.027682
0 0.351842 0.809976 0.024749 0.024400
0 0.311755 0.386157 0.163464 0.166935
0 0.063199 0.730241 0.026105 0.026115
0 0.159515 0.923703 0.032979 0.033167
0 0.859900 0.766193 0.029132 0.029285
0 0.113585 0.160795 0.034482 0.034089
0 0.874306 0.569411 0.035702 0.035964
0 0.646131 0.604614 0.026359 0.026327
0 0.342505 0.880002 0.028914 0.029714
0 0.328425 0.689560 0.047848 0.047613
0 0.593871 0.877029 0.024846 0.024976
0 0.345488 0.219385 0.054034 0.054503
0 0.880796 0.118050 0.024084 0.023747
0 0.482119 0.563354 0.028173 0.028844
0 0.811023 0.094814 0.025865 0.025247
0 0.723707 0.808791 0.029317 0.029857
0 0.491330 0.768884 0.024342 0.024556
0 0.824531 0.965247 0.033556 0.033535
0 0.563985 0.749714 0.039803 0.040132
0 0.346976 0.731501 0.029809 0.029575
0 0.249604 0.150912 0.030150 0.030489
0 0.391110 0.771072 0.026853 0.027554
0 0.644777 0.730874 0.022993 0.022594
0 0.949805 0.607575 0.029572 0.029829
0 0.941304 0.366581 0.025364 0.025372
0 0.551251 0.238170 0.024229 0.024296
0 0.733668 0.646843 0.024621 0.024503
0 0.131401 0.117304 0.025398 0.025239
0 0.564160 0.716226 0.034220 0.034341
0 0.289120 0.089736 0.021646 0.021758
0 0.786072 0.136269 0.022021 0.021892
0 0.439554 0.562401 0.027800 0.028151
0 0.500419 0.441538 0.023930 0.023842
0 0.463859 0.092280 0.026312 0.027078
0 0.692672 0.264411 0.022389 0.022803
0 0.075635 0.990053 0.020397 0.019838
0 0.296124 0.818367 0.025891 0.025687
0 0.112640 0.869687 0.020423 0.020536
0 0.390762 0.698176 0.028582 0.029313
0 0.465093 0.401083 0.020525 0.020719
0 0.424539 0.407177 0.018803 0.019096
0 0.768294 0.978483 0.025062 0.025821
0 0.304586 0.627858 0.020816 0.020916
0 0.180743 0.202509 0.114840 0.111652
0 0.607993 0.709092 0.022023 0.022649
0 0.029621 0.908884 0.038190 0.039834
0 0.423994 0.324690 0.021793 0.022111
0 0.813373 0.483916 0.032508 0.032480
0 0.930493 0.396393 0.020972 0.020796
0 0.696890 0.652742 0.018652 0.019011
0 0.542211 0.771115 0.019017 0.018530
0 0.790405 0.756350 0.021675 0.021497
0 0.527248 0.725052 0.019075 0.019115
0 0.684349 0.782337 0.021001 0.021544
0 0.736899 0.429588 0.018727 0.018978
0 0.543645 0.418168 0.017790 0.018129
0 0.551165 0.515169 0.090204 0.088452
0 0.431889 0.016275 0.019167 0.019571
0 0.388040 0.631024 0.019463 0.019442
0 0.736736 0.840916 0.017871 0.017914
0 0.037721 0.243352 0.020742 0.020105
0 0.759193 0.343557 0.018160 0.018659
0 0.370824 0.721848 0.022476 0.022201
0 0.414675 0.925663 0.040534 0.039865
0 0.293764 0.228829 0.061695 0.061731
0 0.627498 0.654720 0.018636 0.018248
0 0.454831 0.386533 0.018008 0.018140
