0 0.533414 0.521433 0.028829 0.028278
0 0.245597 0.282110 0.026175 0.026196
0 0.380576 0.630270 0.050093 0.047569
0 0.894537 0.407075 0.032265 0.031531
0 0.689127 0.317119 0.029054 0.028931
0 0.129672 0.810093 0.052374 0.052085
0 0.356171 0.051747 0.068281 0.066006
0 0.644677 0.819290 0.023634 0.023530
0 0.877451 0.510140 0.036197 0.036396
0 0.037856 0.368369 0.022058 0.021980
0 0.642241 0.232564 0.030758 0.030377
0 0.222453 0.126887 0.028332 0.027452
0 0.251019 0.189956 0.028917 0.029680
0 0.304543 0.018717 0.026499 0.026662
0 0.558511 0.381108 0.042330 0.041673
0 0.703132 0.901497 0.023829 0.023760
0 0.889485 0.825658 0.026794 0.025932
0 0.879482 0.309171 0.032197 0.032456
0 0.507132 0.877904 0.025850 0.025485
0 0.130989 0.607977 0.036752 0.036390
0 0.723326 0.431451 0.024838 0.024805
0 0.053136 0.978293 0.030935 0.031162
0 0.198438 0.014616 0.073925 0.029232
0 0.929791 0.725060 0.054472 0.053937
0 0.910478 0.477644 0.059472 0.059624
0 0.310584 0.203882 0.034797 0.033898
0 0.734883 0.768447 0.027677 0.027879
0 0.899153 0.182458 0.023913 0.023940
0 0.810103 0.497481 0.024951 0.023577
0 0.237568 0.539392 0.023034 0.022629
0 0.494850 0.233751 0.022931 0.022790
0 0.895342 0.553998 0.042055 0.042155
0 0.832688 0.008289 0.035103 0.016518
0 0.927529 0.854172 0.075991 0.077008
0 0.662728 0.660334 0.026391 0.026157
0 0.187361 0.498609 0.022314 0.021629
0 0.636787 0.292216 0.022085 0.021841
0 0.881046 0.727487 0.061149 0.062858
0 0.065486 0.025252 0.094169 0.049924
0 0.854931 0.918176 0.034155 0.032504
0 0.431481 0.085116 0.021871 0.021577
0 0.950839 0.494937 0.035850 0.035079
0 0.034742 0.741898 0.040106 0.038823
0 0.039944 0.719530 0.025421 0.025595
0 0.097296 0.417294 0.022211 0.022095
0 0.742224 0.806423 0.021816 0.022291
0 0.113259 0.640763 0.029186 0.029037
0 0.592783 0.756777 0.034273 0.035213
0 0.656802 0.458958 0.025564 0.026021
0 0.968095 0.852266 0.056666 0.056466
0 0.771143 0.967355 0.027243 0.028724
0 0.461344 0.542701 0.020938 0.021133
0 0.677200 0.675989 0.025999 0.025411
0 0.063698 0.860131 0.024294 0.024085
0 0.856386 0.572285 0.023822 0.023691
0 0.008727 0.280410 0.017265 0.038650
0 0.768131 0.468046 0.064632 0.064840
0 0.348663 0.192547 0.022477 0.021928
0 0.891510 0.151774 0.024736 0.024662
0 0.648547 0.626943 0.030383 0.029970
0 0.711531 0.671023 0.021866 0.021914
0 0.643407 0.714131 0.022685 0.022129
0 0.942883 0.173743 0.020866 0.020988
0 0.099473 0.828935 0.067059 0.070463
0 0.848486 0.906744 0.053069 0.054109
0 0.013769 0.859291 0.027263 0.032653
0 0.599777 0.786906 0.027392 0.027192
0 0.751744 0.971316 0.024582 0.024796
0 0.921185 0.407751 0.157629 0.216726
0 0.560478 0.037499 0.022434 0.021550
0 0.864848 0.191876 0.270304 0.300491
0 0.981694 0.801705 0.026445 0.027070
0 0.834819 0.602137 0.023586 0.023639
0 0.495476 0.420944 0.021938 0.021734
0 0.670173 0.280715 0.023049 0.023587
0 0.155216 0.274622 0.021485 0.021232
0 0.496834 0.448659 0.024927 0.023601
0 0.739120 0.861148 0.020898 0.021182
0 0.028857 0.346442 0.024961 0.024766
0 0.444200 0.863593 0.020456 0.020788
0 0.786824 0.172840 0.024427 0.023674
0 0.942146 0.544453 0.021422 0.022519
0 0.412112 0.983580 0.020350 0.020461
0 0.416669 0.617631 0.021161 0.021368
0 0.953483 0.006910 0.037469 0.013819
0 0.555504 0.084852 0.021801 0.021885
0 0.483532 0.968726 0.020014 0.019817
0 0.715911 0.482811 0.022212 0.022535
0 0.990337 0.971563 0.019231 0.034854
0 0.388254 0.535447 0.021868 0.021652
0 0.814758 0.925551 0.023035 0.023907
0 0.709090 0.221763 0.021039 0.020887
0 0.972419 0.248630 0.022325 0.023035
0 0.084411 0.850468 0.021167 0.021668
0 0.497812 0.465757 0.031027 0.031105
0 0.645245 0.538267 0.024774 0.023983
0 0.769401 0.800618 0.026378 0.026821
0 0.834317 0.358829 0.057136 0.055238
0 0.389467 0.988743 0.033871 0.021762
