0 0.111896 0.777606 0.100564 0.099891
0 0.384746 0.432646 0.061240 0.060360
0 0.250108 0.471395 0.044658 0.045073
0 0.326099 0.907227 0.036755 0.036607
0 0.647915 0.920412 0.027123 0.026759
0 0.205215 0.410898 0.054532 0.054392
0 0.266421 0.755390 0.026608 0.026812
0 0.160278 0.543791 0.043310 0.043515
0 0.551241 0.823475 0.033316 0.032617
0 0.682950 0.664986 0.025665 0.025565
0 0.460637 0.799524 0.028332 0.027738
0 0.451209 0.823472 0.023523 0.023900
0 0.576022 0.533537 0.039051 0.038364
0 0.401448 0.053653 0.029184 0.029265
0 0.391109 0.376504 0.047140 0.046504
0 0.405447 0.524422 0.029879 0.030469
0 0.646811 0.660381 0.032557 0.032955
0 0.738466 0.584815 0.026272 0.025554
0 0.797799 0.608503 0.028236 0.027851
0 0.489220 0.354231 0.022879 0.022987
0 0.706949 0.169772 0.035951 0.035892
0 0.818097 0.648856 0.028480 0.028160
0 0.350220 0.969691 0.023176 0.023047
0 0.861966 0.823315 0.028522 0.027921
0 0.828949 0.829848 0.027097 0.027432
0 0.010991 0.513906 0.021367 0.022401
0 0.692215 0.485478 0.027713 0.027590
0 0.391098 0.966479 0.022683 0.022641
0 0.240875 0.811693 0.023736 0.023589
0 0.201573 0.821663 0.021935 0.021801
0 0.095969 0.439921 0.029165 0.029153
0 0.249699 0.981502 0.020849 0.020997
0 0.023644 0.961283 0.027900 0.027869
0 0.054386 0.448820 0.020586 0.020609
0 0.486029 0.498989 0.027952 0.027450
0 0.057545 0.901931 0.021901 0.021954
0 0.473792 0.884181 0.020463 0.020303
0 0.230569 0.556442 0.025808 0.025811
0 0.960394 0.909379 0.024992 0.024437
0 0.983147 0.249557 0.025159 0.024383
0 0.012039 0.074729 0.024078 0.032118
0 0.664036 0.267935 0.020414 0.021055
0 0.736491 0.543893 0.028511 0.028516
0 0.107379 0.454794 0.041407 0.041298
0 0.507132 0.644258 0.058196 0.058034
0 0.285340 0.967437 0.024748 0.024264
0 0.148239 0.589315 0.045797 0.045509
0 0.453299 0.934374 0.022497 0.022372
0 0.828300 0.588297 0.105170 0.103393
0 0.490825 0.979225 0.021547 0.021540
0 0.168572 0.901949 0.021988 0.021635
0 0.625020 0.843466 0.023161 0.023408
0 0.707416 0.543520 0.026500 0.026005
0 0.229431 0.790324 0.020523 0.021010
0 0.609419 0.475114 0.022118 0.022610
0 0.549355 0.322227 0.020928 0.020677
0 0.129197 0.684418 0.048078 0.048021
0 0.519098 0.961239 0.021430 0.021363
0 0.641636 0.796589 0.075399 0.075857
0 0.537619 0.075222 0.020466 0.020668
0 0.217109 0.355174 0.019762 0.019536
0 0.657751 0.565710 0.036412 0.036637
0 0.519963 0.439656 0.029148 0.027224
0 0.651858 0.602419 0.020723 0.020935
0 0.291997 0.449083 0.028416 0.028761
0 0.710576 0.205924 0.022372 0.022256
0 0.023376 0.612261 0.033904 0.033521
0 0.221260 0.991076 0.025031 0.017847
0 0.172681 0.190057 0.021708 0.022162
0 0.604516 0.586665 0.037827 0.037761
0 0.211083 0.684403 0.020032 0.019809
