0 0.321989 0.840179 0.024468 0.024799
0 0.629987 0.343694 0.027695 0.027106
0 0.588425 0.090843 0.099008 0.098887
0 0.276992 0.348014 0.022637 0.022490
0 0.601482 0.250281 0.120894 0.122468
0 0.071485 0.713657 0.021715 0.021696
0 0.679790 0.857650 0.026573 0.026200
0 0.034200 0.753142 0.030786 0.030967
0 0.197120 0.273441 0.078990 0.078768
0 0.032142 0.531460 0.027028 0.026921
0 0.280586 0.430584 0.022878 0.023021
0 0.161613 0.211604 0.040290 0.040596
0 0.097932 0.043776 0.025549 0.025465
0 0.078106 0.865338 0.046547 0.047132
0 0.400679 0.560669 0.032092 0.031760
0 0.064608 0.816020 0.030481 0.030579
0 0.099217 0.413051 0.029818 0.030014
0 0.061513 0.355339 0.043836 0.044639
0 0.257592 0.070081 0.043598 0.044132
0 0.017136 0.242844 0.033574 0.036351
0 0.848915 0.888143 0.022229 0.022860
0 0.687425 0.825388 0.023673 0.023991
0 0.524455 0.865248 0.035051 0.035540
0 0.284936 0.048771 0.025875 0.027142
0 0.529166 0.153881 0.040612 0.041338
0 0.163091 0.406407 0.022956 0.022732
0 0.014641 0.347979 0.028799 0.031875
0 0.069157 0.655654 0.025535 0.026201
0 0.440606 0.603339 0.038896 0.038765
0 0.577945 0.556878 0.037064 0.036569
0 0.511672 0.774347 0.028826 0.029916
0 0.897560 0.941521 0.024200 0.024403
0 0.323526 0.314661 0.026904 0.027369
0 0.317361 0.580094 0.043800 0.044708
0 0.374128 0.052545 0.030289 0.030343
0 0.520485 0.048886 0.052510 0.052395
0 0.267543 0.289553 0.033797 0.033587
0 0.417824 0.109851 0.027421 0.027299
0 0.290910 0.713137 0.038690 0.038379
0 0.676726 0.629120 0.029739 0.030360
0 0.209128 0.078759 0.025265 0.025159
0 0.939774 0.806156 0.109347 0.109436
0 0.975847 0.654690 0.025417 0.025744
0 0.046469 0.646807 0.023288 0.023256
0 0.226473 0.930216 0.042684 0.042752
0 0.859595 0.711308 0.064955 0.065728
0 0.487145 0.517571 0.040125 0.040500
0 0.931714 0.585381 0.048646 0.049653
0 0.423765 0.321030 0.033672 0.034545
0 0.454660 0.458848 0.045608 0.044694
0 0.033152 0.290607 0.024853 0.024642
0 0.157589 0.811938 0.057532 0.057032
0 0.929671 0.958396 0.021546 0.021333
0 0.015022 0.177410 0.019455 0.019643
0 0.364902 0.341519 0.020741 0.021217
0 0.342701 0.619848 0.023956 0.024180
0 0.292655 0.312342 0.031277 0.030332
0 0.958227 0.562119 0.046433 0.046921
0 0.015544 0.056115 0.030900 0.042843
0 0.740444 0.010878 0.027721 0.021721
0 0.777330 0.497533 0.019772 0.019719
0 0.531245 0.668570 0.029834 0.029301
0 0.459282 0.118613 0.025026 0.025636
0 0.362072 0.118795 0.028858 0.029086
0 0.806868 0.678647 0.074029 0.075384
0 0.432050 0.200429 0.022039 0.022049
0 0.719073 0.185368 0.019193 0.019467
0 0.918477 0.633181 0.040222 0.040274
0 0.569684 0.028947 0.030725 0.030277
0 0.444525 0.574714 0.022367 0.021952
0 0.148696 0.032703 0.021639 0.021552
0 0.115923 0.988590 0.051200 0.022820
0 0.357954 0.033057 0.033302 0.032604
0 0.494201 0.157340 0.032127 0.032852
0 0.670625 0.014374 0.026377 0.026756
0 0.033551 0.692641 0.026052 0.026799
0 0.594601 0.742638 0.023433 0.023572
0 0.061054 0.565557 0.026265 0.027058
0 0.010507 0.323004 0.020811 0.034808
0 0.017568 0.553451 0.033347 0.037017
0 0.946284 0.665831 0.028696 0.028714
0 0.681117 0.037683 0.029225 0.029489
0 0.339937 0.289701 0.026116 0.025985
0 0.404839 0.164550 0.025667 0.023579
0 0.474886 0.178116 0.049236 0.047408
0 0.063708 0.425477 0.019811 0.019230
0 0.351121 0.416111 0.025179 0.024709
0 0.570927 0.720339 0.028755 0.029336
0 0.704790 0.790613 0.019360 0.019344
0 0.181973 0.850081 0.019872 0.019171
0 0.306165 0.284266 0.034373 0.035425
0 0.152220 0.939048 0.019063 0.019011
0 0.479326 0.273571 0.026487 0.026625
0 0.409954 0.133866 0.020966 0.021045
0 0.552983 0.584844 0.018162 0.018429
0 0.929415 0.414586 0.024684 0.025269
0 0.382246 0.729990 0.033114 0.031117
0 0.114109 0.467234 0.023335 0.022433
0 0.386865 0.196002 0.018346 0.018378
0 0.551462 0.695218 0.028819 0.030057
0 0.212083 0.900743 0.026637 0.027721
0 0.506402 0.544592 0.026459 0.026659
0 0.845373 0.163341 0.019275 0.019072
0 0.115076 0.458200 0.024240 0.024529
0 0.208281 0.056896 0.021829 0.021821
0 0.666758 0.161636 0.024989 0.024458
0 0.520051 0.495067 0.019766 0.020478
0 0.292112 0.556342 0.030064 0.031462
0 0.494351 0.657401 0.040858 0.040268
0 0.476699 0.054806 0.035306 0.035355
0 0.379433 0.708880 0.038640 0.037519
0 0.179849 0.323685 0.021869 0.022285
0 0.273448 0.487674 0.026656 0.027545
0 0.588696 0.671596 0.023797 0.023945
0 0.028976 0.272568 0.024014 0.023670
0 0.453797 0.668239 0.020606 0.020882
0 0.856630 0.292112 0.018119 0.018358
0 0.812456 0.469040 0.076605 0.076860
0 0.669281 0.141422 0.021880 0.021832
0 0.935328 0.442951 0.028710 0.028904
0 0.081120 0.074450 0.018685 0.018191
0 0.962719 0.949158 0.018682 0.018811
0 0.670431 0.589895 0.030375 0.030272
0 0.753453 0.904596 0.019234 0.019352
0 0.008567 0.288245 0.017134 0.020952
0 0.292066 0.243706 0.023221 0.022770
0 0.128412 0.668037 0.037381 0.038207
0 0.524862 0.962954 0.024165 0.023709
0 0.705654 0.978889 0.022604 0.022513
0 0.111532 0.116971 0.017530 0.017627
0 0.005110 0.798205 0.010220 0.022191
0 0.599117 0.729861 0.023783 0.021283
0 0.182727 0.832812 0.019466 0.019865
0 0.379283 0.661651 0.027086 0.027257
0 0.362515 0.255793 0.022416 0.022451
0 0.148077 0.779833 0.064589 0.064145
0 0.772310 0.147638 0.023872 0.023448
0 0.956787 0.205935 0.040234 0.039683
0 0.869694 0.066427 0.247333 0.132855
0 0.485857 0.625478 0.023257 0.022925
0 0.417224 0.698668 0.035932 0.037219
0 0.055709 0.274005 0.018865 0.018825
0 0.945185 0.160349 0.020234 0.020070
0 0.468832 0.358494 0.019965 0.020033
0 0.557171 0.540243 0.021249 0.022253
0 0.224524 0.113589 0.017857 0.017510
0 0.873395 0.916249 0.019662 0.019659
