0 0.534444 0.069122 0.137356 0.133168
0 0.813079 0.323634 0.140443 0.140248
0 0.217041 0.190891 0.035699 0.036156
0 0.202668 0.494269 0.265807 0.256804
0 0.010659 0.122518 0.021318 0.030903
0 0.373412 0.345441 0.061329 0.061254
0 0.949643 0.194892 0.034597 0.034755
0 0.849697 0.045806 0.051606 0.050469
0 0.786686 0.468547 0.035244 0.034632
0 0.913844 0.460499 0.036697 0.036916
0 0.851431 0.419966 0.028803 0.028650
0 0.158914 0.585700 0.075655 0.073531
0 0.585674 0.920858 0.038721 0.038997
0 0.229698 0.632356 0.030719 0.031372
0 0.485442 0.620903 0.032747 0.032227
0 0.898480 0.095500 0.044900 0.044079
0 0.800133 0.174724 0.045102 0.043944
0 0.377429 0.579098 0.029327 0.029231
0 0.291873 0.221009 0.076450 0.073198
0 0.389963 0.832360 0.028797 0.029301
0 0.643689 0.984283 0.036526 0.031101
0 0.095676 0.860310 0.049240 0.048449
