0 0.298005 0.399206 0.153333 0.151805
0 0.959173 0.309097 0.034002 0.033887
0 0.198414 0.750259 0.057228 0.056259
0 0.787612 0.257142 0.036946 0.037051
0 0.188606 0.862233 0.044993 0.044782
0 0.313855 0.245273 0.031202 0.030918
0 0.227625 0.639794 0.058652 0.057689
0 0.798428 0.940550 0.043087 0.041788
0 0.385144 0.479461 0.044370 0.043076
0 0.152737 0.770688 0.049252 0.049503
0 0.876721 0.100045 0.053560 0.053456
0 0.847217 0.232962 0.062604 0.061950
0 0.431398 0.493354 0.050096 0.048726
0 0.049093 0.640939 0.070547 0.069140
0 0.489000 0.706464 0.050125 0.050496
0 0.169932 0.713977 0.035375 0.034525
0 0.239640 0.327212 0.043788 0.042887
0 0.824771 0.362086 0.033331 0.032845
0 0.146182 0.806039 0.061131 0.057926
0 0.081124 0.679362 0.032827 0.032026
0 0.815666 0.019122 0.062517 0.038054
0 0.643382 0.741962 0.028835 0.029615
0 0.356749 0.196300 0.025039 0.023967
0 0.079074 0.577045 0.030997 0.030880
0 0.456215 0.724112 0.030619 0.031330
0 0.123082 0.192053 0.023798 0.023778
0 0.058146 0.152036 0.024810 0.024673
0 0.783440 0.968847 0.026008 0.025226
0 0.077508 0.705846 0.030990 0.031203
0 0.226005 0.807683 0.035636 0.035945
0 0.279004 0.147787 0.022889 0.022870
0 0.007837 0.024291 0.015428 0.027740
0 0.469718 0.764203 0.025842 0.026136
0 0.128250 0.675479 0.024353 0.024623
0 0.618000 0.348084 0.034729 0.034992
0 0.717303 0.804128 0.021161 0.021354
0 0.435710 0.466104 0.033504 0.033473
0 0.116181 0.924217 0.026353 0.026692
0 0.042017 0.776168 0.030768 0.031147
0 0.930760 0.385952 0.022886 0.023018
0 0.414806 0.618013 0.022084 0.022561
0 0.169685 0.669555 0.024199 0.023989
0 0.253697 0.587053 0.022287 0.022163
0 0.897957 0.984760 0.060875 0.030479
0 0.299233 0.421872 0.021776 0.021793
