0 0.698016 0.652850 0.061321 0.057509
0 0.610592 0.531994 0.039762 0.038913
0 0.952584 0.275455 0.094346 0.092098
0 0.798427 0.077120 0.033132 0.031704
0 0.655261 0.543879 0.024472 0.023650
0 0.914452 0.171554 0.028771 0.029070
0 0.559088 0.466221 0.027287 0.026568
0 0.162020 0.769211 0.043436 0.038110
0 0.313516 0.522521 0.036611 0.033432
0 0.675806 0.260440 0.028961 0.027793
0 0.621269 0.268711 0.029265 0.027664
0 0.549313 0.317426 0.024427 0.023581
0 0.566547 0.499592 0.024277 0.023559
0 0.886917 0.833673 0.022766 0.022079
0 0.951364 0.087405 0.028184 0.028589
0 0.603927 0.949245 0.024905 0.023974
0 0.932532 0.141494 0.033514 0.034891
0 0.159640 0.557866 0.035830 0.031308
0 0.694112 0.136336 0.024944 0.023594
0 0.944095 0.591950 0.022058 0.021514
0 0.404131 0.224708 0.025052 0.023437
0 0.646600 0.040815 0.024814 0.024442
0 0.992799 0.200537 0.014389 0.021862
0 0.394778 0.564528 0.022016 0.021028
0 0.281212 0.009539 0.026244 0.019078
0 0.950329 0.116997 0.029930 0.029605
0 0.685138 0.371900 0.022795 0.022445
0 0.616114 0.060734 0.025791 0.025764
0 0.982435 0.455646 0.034715 0.048794
0 0.372887 0.357578 0.022427 0.021908
0 0.528506 0.565480 0.022484 0.022179
0 0.500710 0.096760 0.021785 0.021694
0 0.766977 0.979448 0.026759 0.025684
0 0.407810 0.499381 0.020044 0.019896
0 0.359023 0.490575 0.020104 0.019917
0 0.320681 0.110192 0.024958 0.024169
0 0.471540 0.730360 0.215936 0.189923
0 0.069479 0.735508 0.025267 0.023230
0 0.657902 0.522366 0.019223 0.018854
0 0.937217 0.674530 0.021119 0.020996
0 0.586692 0.767549 0.020195 0.019434
0 0.066969 0.036519 0.025238 0.024193
0 0.899563 0.044014 0.019727 0.019498
0 0.679671 0.201056 0.019461 0.019129
