0 0.304749 0.716834 0.031168 0.031222
0 0.491582 0.833055 0.129536 0.128052
0 0.636655 0.058295 0.048375 0.047387
0 0.128194 0.752837 0.043713 0.043044
0 0.184459 0.427790 0.033772 0.033362
0 0.670897 0.562354 0.040332 0.040383
0 0.582401 0.433751 0.029887 0.029385
0 0.758686 0.668648 0.034160 0.033415
0 0.834741 0.543755 0.033916 0.033398
0 0.240119 0.759629 0.039631 0.039689
0 0.398861 0.403890 0.030250 0.030334
0 0.150031 0.566866 0.029991 0.029714
0 0.110760 0.212608 0.036825 0.036420
0 0.147069 0.164233 0.035670 0.035148
0 0.742609 0.579390 0.025621 0.025621
0 0.547781 0.611349 0.032212 0.031760
0 0.127593 0.868176 0.025622 0.024992
0 0.193214 0.088617 0.028096 0.027667
0 0.235439 0.403158 0.037151 0.036796
0 0.564530 0.314681 0.023917 0.023869
0 0.836465 0.427231 0.024413 0.024475
0 0.208255 0.719898 0.028684 0.028775
0 0.165786 0.619113 0.022631 0.022053
0 0.029212 0.899051 0.028425 0.027738
0 0.153545 0.097066 0.031023 0.031271
0 0.479137 0.274233 0.036172 0.034475
0 0.419161 0.983897 0.050266 0.032205
0 0.395892 0.872391 0.027400 0.026465
0 0.252080 0.648935 0.021632 0.021615
0 0.727820 0.275261 0.022811 0.022621
0 0.187826 0.030651 0.024573 0.023868
0 0.564844 0.111962 0.021633 0.021717
0 0.175510 0.272969 0.093893 0.093739
0 0.421732 0.056360 0.021138 0.021429
0 0.379243 0.901588 0.026833 0.026280
0 0.076890 0.132006 0.025274 0.025219
0 0.544692 0.655702 0.039548 0.038991
0 0.498749 0.718030 0.025659 0.024452
0 0.303405 0.754341 0.025631 0.025355
0 0.028110 0.264589 0.055734 0.059901
0 0.653866 0.411886 0.021732 0.022038
0 0.987582 0.019553 0.024442 0.032978
0 0.668971 0.013045 0.023093 0.023062
0 0.434727 0.694717 0.021657 0.021791
0 0.870191 0.902024 0.253312 0.195952
0 0.315449 0.484886 0.019503 0.019744
0 0.298270 0.173137 0.023094 0.022799
0 0.405114 0.241470 0.045417 0.045799
0 0.359504 0.146011 0.020903 0.021154
0 0.627494 0.570950 0.021171 0.021202
0 0.316160 0.800489 0.020638 0.020606
0 0.201130 0.525489 0.019896 0.019896
0 0.890075 0.739110 0.021706 0.021740
0 0.058911 0.073597 0.023318 0.022293
0 0.439201 0.927367 0.021151 0.020505
0 0.828278 0.761660 0.021208 0.021614
0 0.006439 0.616864 0.012717 0.024432
0 0.107967 0.428299 0.019320 0.019463
0 0.617713 0.666994 0.023774 0.023463
0 0.688770 0.616355 0.039086 0.037839
0 0.984666 0.202296 0.026594 0.026220
0 0.822281 0.014235 0.033147 0.028310
0 0.518480 0.679314 0.019130 0.019387
0 0.876396 0.051627 0.211683 0.101868
0 0.686372 0.589205 0.019426 0.019614
0 0.282916 0.570153 0.018791 0.018681
