0 0.050366 0.529850 0.025619 0.025261
0 0.140879 0.424909 0.042756 0.042340
0 0.033660 0.828152 0.026679 0.025527
0 0.142975 0.367455 0.061068 0.054798
0 0.094952 0.274975 0.077831 0.077994
0 0.869668 0.744853 0.041585 0.038832
0 0.023647 0.297515 0.034582 0.032358
0 0.516131 0.779216 0.073289 0.067957
0 0.704403 0.500643 0.029148 0.027891
0 0.069971 0.846879 0.029235 0.028462
0 0.223207 0.857778 0.329584 0.284301
0 0.482824 0.288746 0.060734 0.058796
0 0.934357 0.933942 0.040916 0.038950
0 0.447040 0.045426 0.058914 0.055240
0 0.716461 0.737529 0.033501 0.032980
0 0.081965 0.149383 0.031066 0.030547
0 0.423470 0.109092 0.028786 0.028488
0 0.140347 0.738135 0.083178 0.080461
0 0.030675 0.401090 0.047816 0.047451
0 0.045800 0.349683 0.074626 0.074665
0 0.234175 0.637985 0.026387 0.025479
0 0.305920 0.615542 0.033397 0.032304
0 0.705319 0.060630 0.108102 0.103328
0 0.134085 0.020636 0.033641 0.031786
0 0.856099 0.640409 0.025993 0.024504
0 0.724840 0.652941 0.022104 0.022059
0 0.869783 0.680685 0.022809 0.022389
0 0.010571 0.521108 0.019229 0.019427
0 0.834925 0.082928 0.065433 0.062846
0 0.179119 0.666731 0.053521 0.052864
0 0.327624 0.372176 0.040816 0.039719
0 0.073113 0.215565 0.026351 0.026535
0 0.269542 0.061465 0.026291 0.025475
0 0.006433 0.575048 0.012833 0.032756
0 0.408787 0.261980 0.041271 0.041800
0 0.624356 0.982404 0.045008 0.035192
0 0.762827 0.522461 0.020747 0.020406
0 0.298100 0.497003 0.048021 0.045139
0 0.803266 0.991916 0.020517 0.016168
0 0.921857 0.025346 0.022188 0.021340
0 0.835386 0.752763 0.023119 0.022742
0 0.780188 0.122470 0.022150 0.021891
0 0.969207 0.891623 0.023078 0.022258
