0 0.178578 0.188447 0.027975 0.027756
0 0.794958 0.042578 0.046020 0.046617
0 0.759674 0.447666 0.041846 0.042206
0 0.647709 0.322680 0.022955 0.022687
0 0.923836 0.387739 0.083356 0.083643
0 0.835114 0.965430 0.034406 0.034555
0 0.763902 0.777654 0.034672 0.034570
0 0.857490 0.472948 0.030403 0.030566
0 0.400310 0.645568 0.037452 0.037272
0 0.178348 0.652706 0.038427 0.038296
0 0.174266 0.283117 0.028492 0.028529
0 0.786050 0.698884 0.077491 0.077131
0 0.194142 0.487986 0.023640 0.023667
0 0.847250 0.669740 0.025308 0.025783
0 0.788705 0.218387 0.023178 0.023782
0 0.081394 0.614842 0.029994 0.030573
0 0.346614 0.546483 0.038930 0.038941
0 0.164303 0.709393 0.034356 0.034297
0 0.225317 0.298207 0.031980 0.032025
0 0.145267 0.587062 0.037732 0.037691
0 0.100558 0.104105 0.025590 0.025513
0 0.893847 0.663563 0.048596 0.048775
0 0.783660 0.340135 0.043118 0.043423
0 0.182904 0.434625 0.041427 0.042150
0 0.193271 0.876117 0.020781 0.021071
0 0.488271 0.563172 0.026734 0.026753
0 0.043202 0.699322 0.030277 0.030944
0 0.946509 0.769962 0.023098 0.022605
0 0.522958 0.857122 0.046333 0.046307
0 0.224067 0.157583 0.025054 0.025076
0 0.035701 0.794962 0.032492 0.032487
0 0.449288 0.344831 0.021683 0.022113
0 0.948594 0.071574 0.047252 0.047345
0 0.367371 0.685490 0.025042 0.024936
0 0.876059 0.115807 0.022602 0.022890
0 0.765345 0.299390 0.031871 0.031877
0 0.186527 0.726538 0.026339 0.026083
0 0.159230 0.318890 0.037151 0.037218
0 0.618328 0.806704 0.072236 0.071833
0 0.296226 0.028539 0.027700 0.027997
0 0.689510 0.124069 0.021740 0.021450
0 0.103853 0.494533 0.021581 0.021658
0 0.316348 0.478732 0.036308 0.035525
0 0.969309 0.268686 0.049710 0.049185
0 0.084054 0.556009 0.045956 0.045787
0 0.163385 0.054274 0.030564 0.029843
0 0.066973 0.205071 0.090505 0.089255
0 0.877785 0.334502 0.026143 0.026525
0 0.031435 0.141958 0.053934 0.054611
0 0.146559 0.163128 0.030022 0.029685
0 0.249586 0.554709 0.028127 0.028164
0 0.037276 0.517176 0.032582 0.032503
0 0.104624 0.532021 0.029299 0.029216
0 0.552131 0.618427 0.290535 0.298595
0 0.357298 0.657595 0.024434 0.024489
0 0.340720 0.336752 0.024058 0.024161
0 0.172536 0.240772 0.038486 0.038543
0 0.910986 0.264502 0.028060 0.028421
0 0.125568 0.683875 0.023243 0.023673
0 0.702281 0.582735 0.030370 0.030301
0 0.728710 0.954082 0.022824 0.022542
0 0.520278 0.891055 0.032098 0.032860
0 0.876618 0.517015 0.028362 0.028896
0 0.045110 0.031291 0.026157 0.025826
0 0.713192 0.323254 0.022013 0.021633
0 0.794550 0.299325 0.021889 0.022166
0 0.267892 0.697599 0.021651 0.022201
0 0.096831 0.236457 0.027615 0.026892
0 0.117224 0.211083 0.021585 0.020615
0 0.967287 0.642258 0.065427 0.151147
0 0.753189 0.860544 0.019995 0.019926
0 0.620501 0.249938 0.232288 0.225884
0 0.108351 0.701828 0.022467 0.022020
0 0.754286 0.806269 0.019322 0.019485
0 0.676421 0.071145 0.064535 0.066424
0 0.188486 0.029911 0.044282 0.044635
0 0.682096 0.560556 0.026894 0.027610
0 0.089795 0.792082 0.051147 0.052116
0 0.923850 0.022381 0.030511 0.031041
0 0.935131 0.284090 0.027337 0.027127
0 0.567334 0.026479 0.023407 0.023685
0 0.507605 0.025833 0.020899 0.020952
0 0.553081 0.109464 0.020110 0.020320
0 0.433321 0.436700 0.027107 0.027476
0 0.008362 0.199060 0.016519 0.019132
0 0.908301 0.092572 0.036133 0.035939
0 0.939792 0.789545 0.019917 0.020144
0 0.576416 0.987413 0.035480 0.025114
0 0.236313 0.803939 0.021169 0.021261
0 0.715770 0.994350 0.032795 0.011179
0 0.310247 0.728444 0.018764 0.018415
0 0.689012 0.292784 0.051976 0.051730
0 0.548212 0.120208 0.067437 0.066350
0 0.016461 0.055819 0.026504 0.026715
0 0.855690 0.213540 0.020565 0.020684
0 0.626718 0.009909 0.027774 0.019818
0 0.621533 0.446303 0.020432 0.020293
0 0.211108 0.405135 0.027109 0.026641
0 0.079311 0.291054 0.046483 0.045329
0 0.337125 0.774575 0.028344 0.027622
0 0.709032 0.216190 0.032138 0.032044
0 0.378105 0.604794 0.052053 0.051650
0 0.030998 0.582239 0.061577 0.069091
0 0.243024 0.983241 0.072239 0.033518
0 0.158275 0.737441 0.019052 0.018910
0 0.979922 0.168697 0.019212 0.019338
0 0.006581 0.030707 0.012945 0.039775
0 0.123125 0.254284 0.035886 0.036171
0 0.087563 0.152082 0.047160 0.046427
0 0.650059 0.515852 0.019925 0.020051
0 0.393875 0.442424 0.079550 0.080818
0 0.698649 0.575080 0.027097 0.026464
0 0.310036 0.453703 0.042627 0.043627
0 0.873318 0.551170 0.061008 0.060000
0 0.130507 0.128842 0.041451 0.041509
0 0.821881 0.332350 0.053244 0.056315
0 0.462976 0.302426 0.025482 0.025615
0 0.656989 0.018952 0.047591 0.037904
0 0.054360 0.897528 0.028357 0.028984
0 0.128513 0.797971 0.024400 0.024566
0 0.795595 0.497637 0.021008 0.021590
0 0.672045 0.838040 0.047289 0.048420
0 0.889455 0.249131 0.021376 0.021332
0 0.710872 0.467573 0.021723 0.022273
0 0.912467 0.793567 0.018579 0.018802
0 0.875438 0.977377 0.020614 0.021625
