0 0.291884 0.291004 0.021296 0.021743
0 0.276838 0.924237 0.101414 0.102962
0 0.790429 0.884255 0.096764 0.096301
0 0.432006 0.877372 0.025604 0.025747
0 0.564639 0.797597 0.243661 0.250389
0 0.591700 0.112371 0.027740 0.027980
0 0.372287 0.373651 0.035795 0.035945
0 0.241617 0.212701 0.030061 0.029372
0 0.493775 0.311542 0.038825 0.038186
0 0.505152 0.238424 0.024861 0.024703
0 0.911652 0.651115 0.025836 0.026164
0 0.494118 0.277477 0.025713 0.026064
0 0.169328 0.080006 0.094847 0.095052
0 0.682941 0.321418 0.193877 0.190423
0 0.143348 0.548241 0.038291 0.038490
0 0.377464 0.321895 0.026001 0.025906
0 0.834696 0.971644 0.029765 0.029621
0 0.255399 0.344281 0.048262 0.048385
0 0.870004 0.606078 0.021774 0.021553
0 0.663722 0.514637 0.122338 0.124565
0 0.490702 0.123587 0.023911 0.023980
0 0.658816 0.078868 0.030577 0.031033
0 0.539396 0.393488 0.028813 0.029245
0 0.931055 0.925964 0.025316 0.025366
0 0.475563 0.092932 0.025616 0.025492
0 0.619734 0.012928 0.030222 0.025843
0 0.099164 0.786436 0.080686 0.083007
0 0.529677 0.581556 0.038671 0.038972
0 0.519836 0.362396 0.035836 0.035919
0 0.623885 0.080440 0.028094 0.027498
0 0.903782 0.869119 0.025656 0.025767
0 0.748028 0.046730 0.025018 0.025605
0 0.554098 0.212002 0.026099 0.026404
0 0.931982 0.060715 0.040102 0.039903
0 0.375441 0.136874 0.021856 0.022011
0 0.112739 0.432136 0.055079 0.054481
0 0.914619 0.425060 0.170762 0.237319
0 0.947080 0.016216 0.046544 0.032274
0 0.055962 0.155791 0.046570 0.046879
0 0.908611 0.233435 0.023010 0.022208
0 0.681024 0.754857 0.025453 0.025499
0 0.828649 0.598659 0.031267 0.031589
0 0.579254 0.291901 0.029904 0.029879
0 0.241843 0.472392 0.054221 0.054374
0 0.907355 0.127397 0.021141 0.021345
0 0.487592 0.988949 0.022150 0.021449
0 0.794190 0.487420 0.052057 0.051947
0 0.820985 0.772920 0.063728 0.064433
0 0.785202 0.025094 0.041875 0.041343
0 0.458833 0.065393 0.021151 0.020960
0 0.881003 0.857036 0.024242 0.024055
0 0.573970 0.034255 0.034262 0.034071
0 0.567681 0.508078 0.025480 0.025591
0 0.960363 0.244034 0.027897 0.028748
0 0.035545 0.093150 0.022566 0.022047
0 0.370743 0.721436 0.026361 0.025950
0 0.623290 0.310304 0.028383 0.027396
0 0.933781 0.496726 0.021500 0.021945
0 0.366595 0.933771 0.068477 0.069932
0 0.517857 0.817454 0.027436 0.027337
0 0.694436 0.808270 0.066338 0.068254
0 0.786527 0.185097 0.035516 0.035832
0 0.402180 0.644576 0.036093 0.036304
0 0.069744 0.041874 0.018458 0.018516
0 0.326374 0.639482 0.100983 0.100640
0 0.223944 0.696978 0.103785 0.103377
0 0.012480 0.495465 0.023116 0.023265
0 0.666911 0.634282 0.020545 0.020780
0 0.117897 0.075574 0.020338 0.020833
0 0.925184 0.551540 0.026068 0.026696
0 0.692550 0.860400 0.042600 0.043561
0 0.087797 0.104324 0.019990 0.019940
0 0.787924 0.124955 0.021225 0.022083
0 0.273678 0.786905 0.106666 0.108762
0 0.685795 0.012291 0.027966 0.024581
0 0.775350 0.077848 0.040335 0.040828
0 0.025658 0.342549 0.042249 0.042266
0 0.430307 0.983851 0.050399 0.032168
0 0.478651 0.178319 0.019820 0.019332
0 0.136007 0.464430 0.022359 0.023125
0 0.304688 0.515039 0.127086 0.128580
0 0.306740 0.158712 0.019176 0.020039
0 0.481057 0.363517 0.020255 0.020206
0 0.007478 0.619972 0.014957 0.053082
0 0.215874 0.654354 0.020821 0.019826
0 0.081043 0.365289 0.097528 0.100230
0 0.031754 0.803224 0.052827 0.053445
0 0.239289 0.179257 0.034446 0.034237
0 0.987365 0.429375 0.024681 0.026334
0 0.811780 0.353633 0.020572 0.020449
0 0.323881 0.775895 0.018959 0.018901
0 0.493416 0.340331 0.018097 0.018262
0 0.207904 0.368721 0.032559 0.033280
0 0.752427 0.554699 0.080541 0.079214
0 0.106915 0.119002 0.018724 0.018815
0 0.443166 0.930487 0.020162 0.020261
0 0.049330 0.518935 0.021889 0.022214
0 0.034115 0.720115 0.030856 0.031964
0 0.019984 0.386281 0.025326 0.025857
0 0.544303 0.992844 0.021338 0.014313
0 0.667607 0.323025 0.030390 0.030322
0 0.262452 0.543054 0.049782 0.048690
0 0.586733 0.250832 0.019392 0.019118
0 0.855210 0.984986 0.020223 0.020397
0 0.136194 0.124127 0.024214 0.024780
0 0.881704 0.099482 0.026239 0.026755
0 0.794703 0.950639 0.023769 0.023348
0 0.445061 0.675617 0.065271 0.065014
0 0.161984 0.203640 0.041805 0.040956
0 0.360597 0.774886 0.029723 0.030720
0 0.555157 0.489565 0.018804 0.018820
0 0.402019 0.467913 0.077666 0.081578
0 0.678757 0.037731 0.021879 0.022296
0 0.160481 0.451227 0.027228 0.027737
0 0.974795 0.567134 0.049425 0.146687
0 0.384960 0.015112 0.019685 0.020940
0 0.654782 0.961772 0.020103 0.020495
0 0.393971 0.307341 0.019530 0.019876
0 0.408601 0.320569 0.017998 0.017778
0 0.618154 0.983058 0.017958 0.018190
0 0.649316 0.535551 0.019501 0.018213
0 0.611190 0.227411 0.040388 0.039914
0 0.661913 0.897315 0.047391 0.047337
0 0.615058 0.952994 0.120085 0.094012
0 0.322176 0.559600 0.037421 0.038180
0 0.156631 0.059387 0.022649 0.025965
0 0.066637 0.694239 0.018782 0.018376
0 0.280400 0.038791 0.020959 0.021031
0 0.038873 0.528027 0.023458 0.023527
0 0.675443 0.802093 0.023969 0.024353
0 0.422621 0.111455 0.020391 0.020569
0 0.093071 0.893944 0.185982 0.210962
0 0.775949 0.143203 0.019877 0.019888
0 0.587811 0.073901 0.017418 0.017534
0 0.387675 0.683903 0.049747 0.050014
0 0.388043 0.982100 0.027574 0.028539
0 0.213610 0.189556 0.019229 0.018651
0 0.525641 0.151091 0.023244 0.023890
0 0.953568 0.314639 0.017907 0.017605
0 0.993414 0.873085 0.013173 0.027348
0 0.072135 0.979086 0.049067 0.041297
0 0.480567 0.202424 0.137645 0.139248
0 0.443454 0.304881 0.022794 0.023278
0 0.558958 0.311915 0.021513 0.021351
0 0.937429 0.183191 0.053622 0.054696
0 0.967303 0.741404 0.018377 0.018613
0 0.687855 0.967393 0.042438 0.042078
0 0.193925 0.653981 0.025154 0.025093
0 0.644425 0.174971 0.017995 0.017913
0 0.665787 0.733015 0.037197 0.037153
