0 0.557687 0.456170 0.063678 0.049693
0 0.194575 0.909791 0.066849 0.052454
0 0.543500 0.175002 0.161043 0.123906
0 0.514963 0.087559 0.065122 0.054028
0 0.379606 0.867709 0.092898 0.073435
0 0.833970 0.420999 0.145189 0.113985
0 0.245100 0.267293 0.167755 0.140492
0 0.690284 0.753749 0.051851 0.040411
0 0.813937 0.287182 0.137685 0.112244
0 0.076641 0.883436 0.153283 0.154694
0 0.605357 0.817837 0.176894 0.133906
0 0.503915 0.277918 0.189541 0.137957
0 0.302248 0.371262 0.046075 0.034798
0 0.180569 0.850126 0.060160 0.044912
0 0.319445 0.335314 0.043350 0.035959
0 0.239317 0.957727 0.073937 0.059908
0 0.526812 0.817244 0.149401 0.115520
0 0.292445 0.702875 0.041984 0.032127
0 0.669119 0.935787 0.201009 0.127043
0 0.213683 0.820747 0.068324 0.055375
0 0.078621 0.816438 0.055784 0.044893
0 0.088997 0.196307 0.177308 0.381590
0 0.454841 0.989321 0.046989 0.020674
0 0.677730 0.491502 0.078784 0.060779
0 0.505116 0.950400 0.129096 0.096080
0 0.593002 0.506236 0.054056 0.045614
0 0.738095 0.780701 0.220499 0.192241
0 0.399388 0.329960 0.056587 0.041434
0 0.121996 0.702383 0.051351 0.042592
0 0.447774 0.537290 0.063718 0.054093
0 0.943436 0.965057 0.111042 0.069772
0 0.460651 0.096005 0.033867 0.028552
