0 0.105346 0.750544 0.162300 0.162607
0 0.662154 0.921778 0.082895 0.081595
0 0.306249 0.515999 0.067824 0.067153
0 0.797317 0.814412 0.041162 0.040855
0 0.588292 0.424313 0.045318 0.045010
0 0.496196 0.457157 0.031401 0.031891
0 0.795716 0.513404 0.034844 0.034538
0 0.699901 0.529258 0.036778 0.036999
0 0.739954 0.589613 0.033512 0.033345
0 0.178687 0.129982 0.035509 0.035370
0 0.674075 0.133968 0.034230 0.034258
0 0.151220 0.960842 0.032144 0.032319
0 0.887154 0.936511 0.049258 0.047058
0 0.806734 0.066215 0.037208 0.037335
0 0.881465 0.022909 0.030164 0.029834
0 0.356202 0.074717 0.026462 0.026207
0 0.727025 0.561907 0.028566 0.028023
0 0.465802 0.748805 0.023765 0.023717
0 0.372203 0.598575 0.023572 0.024307
0 0.518394 0.392023 0.028492 0.027709
0 0.824741 0.651523 0.026676 0.026720
0 0.600152 0.024449 0.032587 0.031854
0 0.741884 0.858348 0.027922 0.027555
0 0.741328 0.673985 0.027488 0.027349
0 0.819851 0.606223 0.023601 0.023416
0 0.282840 0.574957 0.053012 0.051517
0 0.130114 0.291181 0.022862 0.022856
0 0.597122 0.089502 0.030572 0.030729
0 0.208867 0.441296 0.027726 0.028036
0 0.300893 0.602491 0.027722 0.027837
0 0.381768 0.779800 0.034700 0.034447
0 0.063059 0.815113 0.033026 0.033268
0 0.852722 0.729670 0.022322 0.022426
0 0.686350 0.062544 0.025036 0.025038
0 0.427961 0.987328 0.022166 0.021854
0 0.097658 0.245149 0.035821 0.035898
0 0.589161 0.974753 0.036127 0.036309
0 0.711129 0.960044 0.053146 0.050964
0 0.667348 0.646639 0.020481 0.020564
0 0.272283 0.556030 0.043216 0.039229
0 0.110879 0.117864 0.021335 0.021488
0 0.668880 0.521731 0.022008 0.022430
0 0.843677 0.932476 0.026307 0.025537
0 0.921241 0.291637 0.022407 0.021865
0 0.789435 0.909408 0.046452 0.044606
0 0.232937 0.011800 0.021251 0.020881
0 0.403738 0.407299 0.023830 0.023938
