0 0.345740 0.322675 0.061687 0.052890
0 0.493054 0.795709 0.068950 0.057841
0 0.679066 0.164005 0.047767 0.043891
0 0.649732 0.678892 0.056674 0.047908
0 0.080381 0.018250 0.047799 0.036499
0 0.137122 0.318973 0.070465 0.061100
0 0.225976 0.245613 0.065654 0.055366
0 0.159198 0.838844 0.075465 0.056183
0 0.087616 0.533983 0.088150 0.074974
0 0.281580 0.761586 0.048574 0.042271
0 0.515739 0.323190 0.107311 0.094621
0 0.825493 0.939723 0.041885 0.036813
0 0.456055 0.695898 0.062588 0.054234
0 0.162862 0.414793 0.058422 0.048277
0 0.412686 0.704293 0.041832 0.036150
0 0.896376 0.228973 0.032734 0.030407
0 0.403355 0.667069 0.039386 0.032566
0 0.057760 0.064126 0.040608 0.037018
0 0.491239 0.243160 0.032526 0.028163
0 0.725919 0.392156 0.049925 0.043464
0 0.233196 0.731799 0.039392 0.032177
0 0.495368 0.960112 0.046403 0.038019
0 0.577522 0.075694 0.035969 0.030796
0 0.278956 0.981685 0.045838 0.034006
0 0.980903 0.333105 0.033269 0.031634
0 0.363808 0.282835 0.040589 0.036322
0 0.107483 0.483420 0.096007 0.079186
0 0.870623 0.802088 0.031911 0.027931
0 0.912116 0.796271 0.039666 0.035182
0 0.822868 0.519273 0.080078 0.068919
0 0.591101 0.297597 0.036054 0.032073
0 0.238147 0.477577 0.034431 0.029573
0 0.624037 0.500897 0.065913 0.054982
0 0.537101 0.514873 0.099500 0.083157
0 0.860794 0.671632 0.023894 0.023158
0 0.885046 0.568383 0.074712 0.064610
0 0.780600 0.558213 0.076678 0.065715
0 0.741615 0.019666 0.060687 0.039333
0 0.947035 0.932192 0.029057 0.027100
0 0.704919 0.431557 0.068648 0.059768
0 0.922576 0.751300 0.065568 0.051883
0 0.730416 0.322135 0.129615 0.106965
0 0.930167 0.710284 0.031324 0.030698
