0 0.743279 0.285921 0.151442 0.140859
0 0.143262 0.482895 0.036214 0.035816
0 0.210282 0.419487 0.028430 0.027856
0 0.343173 0.115473 0.029603 0.029821
0 0.705737 0.625654 0.036201 0.035444
0 0.715196 0.090350 0.053060 0.052109
0 0.265018 0.538030 0.023258 0.022636
0 0.504713 0.928026 0.028755 0.028864
0 0.936770 0.174364 0.030181 0.029836
0 0.412381 0.186562 0.029768 0.029679
0 0.802752 0.206044 0.036543 0.036455
0 0.616203 0.065051 0.025922 0.025471
0 0.857694 0.236615 0.091836 0.089579
0 0.048939 0.630660 0.035543 0.035180
0 0.600127 0.180546 0.022502 0.022450
0 0.623290 0.233302 0.024575 0.024508
0 0.347800 0.827559 0.019731 0.019581
