0 0.336651 0.332772 0.025435 0.025540
0 0.643177 0.832262 0.033443 0.033219
0 0.436788 0.147784 0.095018 0.095574
0 0.231409 0.376261 0.024807 0.024643
0 0.921764 0.372231 0.043494 0.042987
0 0.879480 0.371668 0.031905 0.032670
0 0.329630 0.708965 0.038518 0.038592
0 0.686381 0.151783 0.038981 0.038815
0 0.796904 0.465733 0.039118 0.039276
0 0.571376 0.103453 0.033751 0.034027
0 0.251939 0.457618 0.035895 0.035573
0 0.369406 0.857063 0.048631 0.049073
0 0.425566 0.332816 0.049526 0.048849
0 0.921945 0.205632 0.040275 0.039974
0 0.560507 0.261417 0.042344 0.043183
0 0.793671 0.110970 0.043343 0.042903
0 0.975892 0.286076 0.025889 0.026544
0 0.293185 0.319238 0.053859 0.054042
0 0.550577 0.343906 0.030975 0.030711
0 0.747046 0.065120 0.025704 0.025187
0 0.534907 0.086801 0.023523 0.023870
0 0.698577 0.620321 0.035596 0.035398
0 0.397517 0.359753 0.023744 0.024100
0 0.603012 0.397507 0.022969 0.023205
0 0.048787 0.122769 0.097575 0.118888
0 0.102111 0.988641 0.030236 0.022610
0 0.884269 0.678298 0.025654 0.025781
0 0.171641 0.168713 0.038571 0.038775
0 0.799361 0.325197 0.182164 0.185674
0 0.695290 0.231617 0.021622 0.021349
0 0.245258 0.143728 0.053101 0.053219
0 0.419699 0.210360 0.050385 0.050662
0 0.864493 0.430782 0.045443 0.045006
0 0.096104 0.712141 0.032897 0.033068
0 0.501979 0.952125 0.041060 0.040698
0 0.970820 0.918417 0.036036 0.036437
0 0.082262 0.258812 0.037617 0.037852
0 0.248741 0.209701 0.063004 0.062957
0 0.957071 0.443872 0.069406 0.069983
0 0.584051 0.040312 0.029618 0.029851
0 0.557116 0.023882 0.038874 0.037921
0 0.527447 0.530991 0.034156 0.035060
0 0.032433 0.826920 0.048294 0.048416
0 0.111867 0.166899 0.040741 0.041071
0 0.815888 0.596092 0.031301 0.031421
0 0.631261 0.187081 0.037900 0.037902
0 0.907835 0.428757 0.047827 0.046537
0 0.649488 0.633538 0.027322 0.027961
0 0.380030 0.264616 0.030668 0.030881
0 0.849105 0.622481 0.058311 0.058485
0 0.432839 0.556712 0.058204 0.057566
0 0.567488 0.566638 0.034230 0.035651
0 0.101125 0.899262 0.021928 0.022048
0 0.646870 0.579658 0.034126 0.034138
0 0.761500 0.549465 0.076347 0.077469
0 0.952908 0.797601 0.094185 0.103828
0 0.188123 0.532618 0.021313 0.021338
0 0.156593 0.331908 0.044840 0.043973
0 0.942702 0.043012 0.098728 0.085580
0 0.512749 0.420915 0.032489 0.032382
0 0.423699 0.253961 0.027956 0.029041
0 0.167390 0.458941 0.021104 0.021082
0 0.504135 0.048879 0.021769 0.021909
0 0.012855 0.052292 0.025561 0.030295
0 0.253641 0.010168 0.024389 0.020238
0 0.745633 0.034468 0.030132 0.030524
0 0.847387 0.217193 0.027184 0.027749
0 0.312386 0.484276 0.030681 0.030960
0 0.292032 0.984730 0.052915 0.030540
0 0.928555 0.096150 0.057417 0.055312
0 0.153525 0.058143 0.020728 0.021172
0 0.422132 0.962894 0.022701 0.022336
0 0.196226 0.575313 0.021362 0.021920
0 0.954378 0.953880 0.020663 0.020659
0 0.775284 0.041761 0.033930 0.034898
0 0.038135 0.226925 0.024771 0.024405
0 0.753099 0.513380 0.026917 0.027183
0 0.259799 0.247576 0.038378 0.038414
0 0.528387 0.501650 0.024024 0.023953
0 0.495679 0.290913 0.042814 0.041672
0 0.327465 0.629140 0.022647 0.022664
0 0.100106 0.926611 0.019484 0.019369
0 0.208108 0.521290 0.020337 0.021248
0 0.431750 0.530478 0.028583 0.027638
0 0.054457 0.700958 0.024026 0.024323
0 0.133027 0.433049 0.022724 0.023057
0 0.252504 0.099474 0.018959 0.018812
0 0.502357 0.451312 0.019861 0.019637
0 0.691480 0.011407 0.024746 0.022814
0 0.548088 0.387379 0.091215 0.091550
0 0.384273 0.640807 0.041740 0.043257
0 0.802072 0.050330 0.023585 0.023160
0 0.817994 0.078126 0.021488 0.020928
0 0.590426 0.981784 0.101510 0.036338
0 0.097012 0.052292 0.025517 0.025213
0 0.213375 0.257549 0.030946 0.031111
0 0.961631 0.094957 0.076377 0.106487
0 0.217080 0.174939 0.038838 0.039144
0 0.644800 0.774047 0.478642 0.447583
0 0.980355 0.512956 0.019786 0.020022
0 0.083132 0.638699 0.019193 0.019465
0 0.351426 0.894609 0.018531 0.018248
0 0.606233 0.435733 0.028390 0.028138
0 0.295289 0.926229 0.017955 0.017801
0 0.650503 0.075718 0.025600 0.025588
0 0.255173 0.288199 0.016549 0.016597
0 0.011485 0.214152 0.022806 0.029553
0 0.386753 0.034443 0.035825 0.035553
0 0.506303 0.259211 0.066907 0.066416
0 0.027057 0.616750 0.018420 0.017833
0 0.985141 0.540334 0.023392 0.022362
0 0.422547 0.933044 0.222371 0.133912
0 0.812023 0.281952 0.019113 0.019293
0 0.809629 0.434648 0.021661 0.021682
0 0.206582 0.336840 0.017486 0.017832
0 0.556908 0.078742 0.021146 0.022016
0 0.197252 0.833076 0.049885 0.051199
0 0.748646 0.634230 0.075208 0.074115
0 0.416157 0.426568 0.097936 0.099898
0 0.936505 0.581677 0.024330 0.024624
0 0.168035 0.885753 0.018352 0.018189
0 0.155350 0.539048 0.019436 0.019208
