0 0.594859 0.586473 0.126391 0.126589
0 0.168519 0.919397 0.064592 0.064333
0 0.480310 0.123216 0.058767 0.056838
0 0.791309 0.356572 0.051600 0.050560
0 0.330851 0.236884 0.045295 0.044464
0 0.921294 0.219255 0.025963 0.025661
0 0.426921 0.180895 0.041457 0.041712
0 0.286937 0.731155 0.035842 0.036195
0 0.203362 0.812889 0.027179 0.027149
0 0.563111 0.226434 0.047779 0.047396
0 0.238812 0.047679 0.033349 0.032886
0 0.747710 0.405583 0.059032 0.057977
0 0.357612 0.043161 0.035259 0.034033
0 0.601479 0.242934 0.036681 0.036258
0 0.579084 0.031017 0.024755 0.024413
0 0.414281 0.010116 0.051185 0.020233
0 0.566002 0.990091 0.041148 0.019817
0 0.047387 0.836033 0.029051 0.028714
0 0.967942 0.231843 0.063807 0.069817
0 0.266132 0.311393 0.024262 0.024075
0 0.010948 0.630097 0.021896 0.031708
0 0.750755 0.072740 0.027571 0.027230
0 0.654000 0.297412 0.062748 0.062383
0 0.145207 0.621608 0.190921 0.188373
0 0.564714 0.330310 0.030027 0.029842
0 0.981201 0.044078 0.023643 0.022185
0 0.158425 0.453283 0.024885 0.025158
0 0.754509 0.272032 0.040682 0.040796
0 0.085775 0.539502 0.025770 0.025347
0 0.345422 0.910489 0.026277 0.026084
0 0.819219 0.943797 0.036581 0.036872
0 0.667242 0.401532 0.051894 0.050085
0 0.903079 0.907719 0.026375 0.026439
0 0.826203 0.166589 0.024785 0.024663
0 0.894419 0.973295 0.055808 0.052849
0 0.526403 0.123462 0.027577 0.027290
0 0.597657 0.293308 0.025971 0.025583
0 0.781469 0.049952 0.031918 0.031222
0 0.315378 0.011047 0.025620 0.022095
0 0.283893 0.871413 0.022819 0.022942
0 0.360085 0.805689 0.020442 0.020512
0 0.695745 0.926215 0.030305 0.031284
0 0.679130 0.398138 0.028316 0.030750
0 0.081728 0.150763 0.102135 0.104307
0 0.626225 0.185042 0.059105 0.058501
0 0.414277 0.220898 0.022914 0.022573
0 0.287539 0.981706 0.105253 0.036368
0 0.156737 0.759314 0.021902 0.021988
0 0.746510 0.852274 0.053014 0.052963
0 0.404110 0.581151 0.021419 0.021555
0 0.571074 0.359466 0.035933 0.036480
0 0.722103 0.368373 0.024438 0.024415
0 0.557653 0.117315 0.055620 0.054813
0 0.768320 0.466800 0.057303 0.056544
0 0.680270 0.913193 0.027925 0.027931
0 0.835190 0.048428 0.021746 0.021648
0 0.501063 0.202694 0.023860 0.023857
0 0.698692 0.047134 0.055912 0.055064
0 0.982594 0.842757 0.034812 0.087666
0 0.605087 0.202065 0.026604 0.026177
0 0.650398 0.730516 0.021550 0.021309
