0 0.549828 0.832424 0.023202 0.023395
0 0.525216 0.887513 0.024452 0.024571
0 0.683112 0.929813 0.024778 0.024698
0 0.262348 0.228775 0.040491 0.040366
0 0.940283 0.813942 0.025027 0.025625
0 0.957473 0.288104 0.056028 0.056811
0 0.140880 0.371343 0.085475 0.085637
0 0.415100 0.809423 0.026463 0.026332
0 0.774714 0.572740 0.119922 0.127113
0 0.828536 0.791923 0.046543 0.046440
0 0.301732 0.084034 0.028311 0.028240
0 0.643157 0.376839 0.023521 0.024025
0 0.370407 0.818110 0.021898 0.022009
0 0.070010 0.334262 0.025893 0.026263
0 0.578220 0.960733 0.030254 0.030560
0 0.821638 0.836964 0.026207 0.026460
0 0.766294 0.914642 0.029042 0.029649
0 0.196990 0.610499 0.030953 0.030877
0 0.257731 0.481325 0.035230 0.035429
0 0.069918 0.434613 0.075219 0.075141
0 0.347337 0.646811 0.028127 0.028352
0 0.383396 0.947585 0.029347 0.029655
0 0.613318 0.405906 0.261033 0.266444
0 0.376574 0.565938 0.037677 0.037283
0 0.487638 0.555398 0.058567 0.058731
0 0.883690 0.758725 0.041583 0.041566
0 0.963068 0.195844 0.022645 0.022108
0 0.982237 0.106111 0.035526 0.044466
0 0.333874 0.366149 0.024755 0.024192
0 0.136260 0.755462 0.272521 0.287789
0 0.112318 0.829110 0.027624 0.027575
0 0.517156 0.440639 0.036339 0.036041
0 0.156242 0.835298 0.025460 0.025346
0 0.825081 0.282820 0.044562 0.044561
0 0.908837 0.231899 0.022378 0.022069
0 0.667176 0.978624 0.021592 0.022283
0 0.180643 0.858522 0.022937 0.023253
0 0.749695 0.369934 0.030817 0.031012
0 0.126402 0.210462 0.248252 0.258431
0 0.556956 0.786021 0.033269 0.033596
0 0.896562 0.030180 0.022194 0.021972
0 0.228122 0.012268 0.023008 0.023120
0 0.509282 0.741713 0.039974 0.040913
0 0.611852 0.577501 0.021172 0.020972
0 0.775145 0.657624 0.019896 0.020138
0 0.630666 0.413164 0.025926 0.026933
0 0.030267 0.871431 0.026195 0.026485
0 0.096414 0.757980 0.021797 0.021430
0 0.850659 0.748821 0.020299 0.020764
0 0.869538 0.267343 0.044403 0.045117
0 0.950553 0.578523 0.019709 0.019585
0 0.251804 0.514507 0.021575 0.020905
0 0.027421 0.055622 0.020027 0.019513
0 0.993238 0.486369 0.013525 0.021385
0 0.814018 0.939843 0.019314 0.019035
0 0.320183 0.349876 0.021418 0.021538
0 0.286645 0.817011 0.026470 0.027281
0 0.028854 0.479120 0.018983 0.018745
0 0.312802 0.299763 0.021750 0.022036
0 0.820336 0.308748 0.027857 0.027934
0 0.664945 0.691873 0.023219 0.023272
0 0.318974 0.559871 0.058445 0.059995
0 0.776037 0.192939 0.264541 0.266378
0 0.977686 0.150881 0.023912 0.024204
0 0.402998 0.709752 0.018571 0.018492
0 0.651552 0.436622 0.020613 0.020515
0 0.267442 0.126700 0.049484 0.049582
0 0.011279 0.983317 0.021245 0.021618
0 0.826744 0.390905 0.170606 0.173554
0 0.009545 0.520550 0.019003 0.021151
0 0.730538 0.934125 0.020131 0.019821
0 0.402675 0.784661 0.020180 0.020092
0 0.608011 0.810494 0.196531 0.208949
0 0.452686 0.295310 0.018380 0.018417
0 0.013934 0.168393 0.027515 0.036332
0 0.537460 0.005687 0.019363 0.011374
0 0.087754 0.906410 0.025896 0.026164
0 0.882615 0.095238 0.030929 0.031071
0 0.342199 0.751664 0.026495 0.026699
0 0.035537 0.516657 0.019286 0.018372
0 0.273255 0.112915 0.023379 0.022680
0 0.554248 0.704321 0.065556 0.068298
0 0.520529 0.136037 0.288657 0.265035
0 0.659826 0.247807 0.018717 0.018703
0 0.156152 0.855966 0.308047 0.285713
0 0.411621 0.668162 0.028879 0.028611
0 0.137516 0.978985 0.018570 0.018703
0 0.305912 0.828480 0.017930 0.018230
0 0.946430 0.832609 0.107140 0.334783
0 0.254289 0.604922 0.096435 0.096445
