0 0.100158 0.564150 0.179809 0.165537
0 0.837838 0.358662 0.119255 0.091562
0 0.975120 0.496429 0.049761 0.055980
0 0.596237 0.348845 0.065375 0.056089
0 0.301573 0.607944 0.281382 0.234476
0 0.517803 0.383454 0.077345 0.062323
0 0.785456 0.521860 0.074588 0.060928
0 0.308629 0.414524 0.124123 0.099863
0 0.107095 0.442210 0.039623 0.033191
0 0.253051 0.256149 0.459244 0.322906
0 0.596002 0.796291 0.348135 0.259683
0 0.862096 0.216000 0.055574 0.044647
0 0.605387 0.037913 0.075572 0.069309
0 0.253829 0.062362 0.057436 0.047514
0 0.642117 0.019134 0.055492 0.037993
0 0.697123 0.141690 0.050822 0.037990
0 0.723455 0.596023 0.109410 0.088247
0 0.245960 0.966211 0.024957 0.023521
0 0.971499 0.080357 0.055127 0.049599
0 0.481640 0.284826 0.064833 0.057315
0 0.200384 0.853349 0.054668 0.050631
0 0.660533 0.449466 0.029486 0.026224
0 0.954767 0.714127 0.030730 0.029792
0 0.181138 0.766252 0.032545 0.029692
0 0.969007 0.374696 0.032849 0.028922
0 0.672818 0.008982 0.026102 0.017581
0 0.646906 0.498797 0.065900 0.060409
0 0.464282 0.113206 0.047431 0.040354
0 0.796375 0.229600 0.038720 0.030478
0 0.386165 0.081503 0.042772 0.035840
0 0.892835 0.499344 0.023185 0.022456
0 0.843281 0.019515 0.055764 0.038836
0 0.678300 0.257548 0.032595 0.028195
0 0.041753 0.491200 0.083505 0.120515
0 0.749782 0.464644 0.036818 0.033549
0 0.503139 0.160802 0.033375 0.029445
0 0.294769 0.024978 0.074085 0.048527
0 0.210489 0.554812 0.036090 0.033751
0 0.550888 0.222524 0.028996 0.026590
0 0.924005 0.212756 0.032889 0.026993
0 0.255169 0.005685 0.034879 0.011302
0 0.120496 0.414166 0.022427 0.020903
