0 0.490196 0.479344 0.034593 0.033239
0 0.647240 0.378475 0.048664 0.046700
0 0.975544 0.849438 0.035040 0.034197
0 0.064768 0.452003 0.128774 0.159557
0 0.931162 0.618661 0.051319 0.049661
0 0.857002 0.227973 0.068278 0.065727
0 0.825253 0.860587 0.056064 0.055252
0 0.566296 0.247331 0.024277 0.023790
0 0.446458 0.784265 0.106488 0.102413
0 0.778709 0.530313 0.051890 0.051124
0 0.474211 0.897952 0.038052 0.037566
0 0.939139 0.393859 0.091556 0.088939
0 0.345750 0.898667 0.027330 0.027420
0 0.419739 0.683677 0.038348 0.037072
0 0.848732 0.929094 0.026209 0.025660
0 0.409826 0.146737 0.023241 0.022670
0 0.698962 0.912256 0.025250 0.024768
0 0.190376 0.901030 0.163238 0.151073
0 0.375431 0.754817 0.082272 0.078223
0 0.601622 0.717171 0.023371 0.023051
0 0.769736 0.147188 0.041367 0.040088
0 0.914041 0.908705 0.025681 0.025175
0 0.479968 0.020879 0.060289 0.041758
0 0.329722 0.593190 0.038035 0.037062
0 0.478932 0.048613 0.032436 0.028796
0 0.455895 0.637056 0.021620 0.021068
0 0.374030 0.285160 0.024879 0.024409
0 0.542017 0.352241 0.050075 0.048616
0 0.964035 0.667556 0.032652 0.030877
0 0.717176 0.932273 0.022793 0.022295
0 0.046538 0.557022 0.093077 0.104339
0 0.715913 0.594458 0.020530 0.020227
0 0.116331 0.611738 0.060059 0.054084
0 0.938375 0.662912 0.066244 0.063772
0 0.625263 0.070819 0.072136 0.064870
0 0.017414 0.127737 0.034827 0.034131
0 0.539156 0.073950 0.066565 0.059340
0 0.568031 0.197883 0.045542 0.042602
0 0.819528 0.588348 0.021080 0.020721
0 0.713879 0.756483 0.053295 0.051241
0 0.726000 0.858238 0.020966 0.020924
0 0.177585 0.303331 0.025468 0.024212
0 0.173566 0.662205 0.040261 0.039087
0 0.856934 0.768471 0.034426 0.035185
0 0.764565 0.939727 0.019713 0.019146
0 0.388823 0.169894 0.314138 0.275563
0 0.875889 0.586740 0.047318 0.047555
0 0.594913 0.457820 0.051823 0.049917
0 0.470932 0.385649 0.103798 0.100408
0 0.594884 0.123100 0.063387 0.059477
0 0.835530 0.905430 0.021570 0.021684
0 0.510078 0.990400 0.060739 0.018870
0 0.376061 0.544620 0.020064 0.019938
0 0.329609 0.699110 0.025967 0.024810
0 0.565050 0.424003 0.038712 0.037648
0 0.348692 0.631637 0.055948 0.058483
0 0.563479 0.944424 0.039900 0.039756
0 0.986823 0.426681 0.026353 0.076076
0 0.600726 0.870390 0.118291 0.116938
0 0.764321 0.778329 0.045114 0.044163
0 0.329707 0.646498 0.055117 0.053647
0 0.773020 0.711447 0.047722 0.046959
0 0.618767 0.161691 0.088811 0.084250
0 0.971431 0.590024 0.057138 0.073265
0 0.990061 0.703397 0.019878 0.027191
0 0.215435 0.842690 0.021533 0.020892
0 0.142688 0.714254 0.027200 0.026374
0 0.948318 0.282635 0.058928 0.056830
0 0.651402 0.154082 0.056228 0.055008
0 0.629175 0.775530 0.021418 0.021395
0 0.919019 0.836847 0.021419 0.021009
0 0.710010 0.160169 0.041613 0.040250
