0 0.599741 0.903214 0.173667 0.172248
0 0.757736 0.712155 0.045380 0.045134
0 0.937810 0.778943 0.035944 0.036106
0 0.518791 0.352508 0.029293 0.030082
0 0.886681 0.808533 0.023295 0.023282
0 0.650172 0.415789 0.023580 0.023237
0 0.482163 0.510747 0.022595 0.022610
0 0.796830 0.431821 0.050373 0.050358
0 0.320672 0.733238 0.031842 0.031925
0 0.556586 0.152272 0.094318 0.094209
0 0.646157 0.480087 0.026609 0.026999
0 0.470835 0.552738 0.028697 0.028350
0 0.844458 0.547430 0.040250 0.040120
0 0.379052 0.272429 0.045863 0.045490
0 0.140872 0.072370 0.036754 0.036564
0 0.729798 0.804461 0.024585 0.024929
0 0.660534 0.566910 0.021903 0.021948
0 0.186627 0.754007 0.029524 0.030029
0 0.770952 0.273318 0.037884 0.037051
0 0.480636 0.684302 0.027110 0.027106
0 0.111284 0.251689 0.037657 0.038053
0 0.669844 0.259823 0.023461 0.023785
0 0.120926 0.882758 0.044512 0.044115
0 0.875192 0.861938 0.028638 0.028358
0 0.362939 0.889828 0.020709 0.020638
0 0.156595 0.102637 0.025856 0.025155
0 0.722672 0.231626 0.022926 0.023292
0 0.375900 0.616827 0.072377 0.070425
0 0.430823 0.120053 0.021494 0.021405
0 0.318091 0.766176 0.024020 0.024421
0 0.229118 0.825887 0.040174 0.039872
0 0.723116 0.137476 0.023245 0.023195
0 0.032364 0.157995 0.025013 0.025357
0 0.395738 0.147811 0.022450 0.022524
0 0.374108 0.976888 0.020896 0.021000
0 0.066022 0.947493 0.132044 0.104199
0 0.567670 0.086154 0.177600 0.167698
0 0.838672 0.600377 0.022979 0.021833
0 0.516379 0.618747 0.027787 0.027712
0 0.654754 0.311375 0.024252 0.024484
0 0.281715 0.954539 0.057694 0.057670
0 0.800768 0.322166 0.027460 0.026832
0 0.853448 0.230515 0.028004 0.027260
0 0.605756 0.262366 0.023499 0.023528
0 0.351236 0.321207 0.030314 0.030669
0 0.985004 0.907516 0.029992 0.044329
0 0.865016 0.729881 0.022401 0.022268
0 0.599666 0.199327 0.025642 0.025759
0 0.682552 0.553438 0.021384 0.021668
0 0.359677 0.069895 0.034844 0.034348
0 0.503327 0.235558 0.026626 0.026251
0 0.093585 0.515548 0.024211 0.024475
0 0.344237 0.018393 0.039593 0.036786
0 0.836432 0.582543 0.024670 0.023997
0 0.074305 0.782498 0.020157 0.020263
0 0.551373 0.434842 0.018839 0.018828
0 0.367810 0.116948 0.026318 0.027090
0 0.647160 0.237481 0.034528 0.035387
0 0.894441 0.477848 0.028682 0.028886
0 0.396946 0.091404 0.039725 0.039984
0 0.341489 0.708412 0.024252 0.024853
0 0.383132 0.563073 0.078232 0.078468
0 0.063165 0.154874 0.026421 0.026061
0 0.392522 0.234407 0.022104 0.022097
0 0.646077 0.551564 0.018440 0.018546
0 0.015729 0.180228 0.022744 0.022406
0 0.430547 0.431950 0.018614 0.018673
0 0.182686 0.505872 0.363508 0.422410
0 0.336655 0.086511 0.019876 0.019614
0 0.356549 0.095861 0.024372 0.024365
0 0.521626 0.983187 0.019210 0.019474
0 0.819778 0.940458 0.023617 0.020773
0 0.042387 0.900831 0.022273 0.022178
0 0.984640 0.688651 0.030720 0.067404
0 0.396712 0.349958 0.017577 0.017933
0 0.348241 0.420115 0.020706 0.021572
0 0.477357 0.246726 0.021926 0.022088
0 0.868277 0.695681 0.018787 0.018505
0 0.852414 0.926225 0.105265 0.104250
0 0.852528 0.369055 0.036858 0.038243
0 0.556911 0.218420 0.020798 0.021370
0 0.672184 0.667454 0.019494 0.019539
0 0.522286 0.257170 0.017855 0.018002
0 0.274291 0.207138 0.019585 0.019488
0 0.826969 0.854903 0.058115 0.057291
0 0.976675 0.495123 0.028984 0.028879
0 0.743911 0.511084 0.017792 0.018083
0 0.687216 0.735546 0.037067 0.036931
0 0.177693 0.951250 0.020406 0.020268
0 0.287784 0.907416 0.030836 0.030728
0 0.732136 0.266108 0.026499 0.025654
0 0.981824 0.647772 0.034742 0.039046
0 0.404317 0.613057 0.028256 0.034046
0 0.006045 0.013043 0.012089 0.020615
0 0.696464 0.275626 0.028501 0.028490
0 0.418385 0.525552 0.017406 0.017493
0 0.056414 0.487556 0.020929 0.021449
0 0.773878 0.975310 0.128839 0.049379
