0 0.273114 0.702643 0.023689 0.024137
0 0.174999 0.622585 0.022253 0.022183
0 0.378107 0.934511 0.162699 0.130553
0 0.589930 0.321493 0.024793 0.024864
0 0.947898 0.393783 0.032269 0.033086
0 0.519018 0.340948 0.037061 0.036604
0 0.368920 0.285318 0.041518 0.041110
0 0.176852 0.725866 0.035290 0.035784
0 0.780888 0.412461 0.025303 0.025501
0 0.131316 0.573643 0.032333 0.032191
0 0.546903 0.393514 0.043832 0.043409
0 0.581783 0.713435 0.298646 0.297202
0 0.030166 0.426833 0.045743 0.046592
0 0.045105 0.864675 0.033567 0.034070
0 0.899179 0.094249 0.044636 0.044679
0 0.737866 0.252186 0.233500 0.234153
0 0.513360 0.239623 0.046942 0.047267
0 0.696873 0.558275 0.031284 0.031920
0 0.018659 0.518517 0.037318 0.041532
0 0.146499 0.652226 0.024392 0.024498
0 0.716288 0.384741 0.038327 0.038088
0 0.331125 0.273363 0.029176 0.029539
0 0.268137 0.383110 0.029447 0.029266
0 0.028908 0.388331 0.057437 0.065795
0 0.982205 0.281506 0.035589 0.042428
0 0.478638 0.085684 0.277194 0.170535
0 0.833428 0.104793 0.022912 0.023018
0 0.339702 0.529289 0.049381 0.048957
0 0.250712 0.969330 0.028211 0.028056
0 0.829160 0.152283 0.029992 0.030429
0 0.147357 0.471708 0.022427 0.022280
0 0.795244 0.468382 0.020843 0.021009
0 0.176601 0.084801 0.317183 0.169482
0 0.072496 0.867383 0.020051 0.020376
0 0.758877 0.880761 0.020143 0.020248
0 0.103023 0.740654 0.020557 0.020503
0 0.531097 0.542111 0.023941 0.023984
0 0.867880 0.315776 0.184823 0.198503
0 0.491524 0.842785 0.022231 0.022671
0 0.046484 0.695634 0.092968 0.253831
0 0.096364 0.396421 0.022302 0.022821
0 0.849547 0.876537 0.297837 0.245932
0 0.281550 0.461776 0.025255 0.025398
0 0.991687 0.223649 0.016626 0.025437
0 0.906853 0.467192 0.184232 0.349339
0 0.248928 0.219336 0.019417 0.019502
0 0.361340 0.151691 0.047077 0.047410
0 0.343711 0.600182 0.040319 0.039909
0 0.434934 0.177603 0.020773 0.020283
0 0.482422 0.520447 0.017713 0.017775
0 0.619374 0.357411 0.023097 0.022770
0 0.584060 0.219172 0.022005 0.022100
0 0.610858 0.155026 0.034523 0.034200
0 0.070177 0.260123 0.021105 0.020917
0 0.619498 0.114431 0.021006 0.021560
0 0.811407 0.703792 0.020253 0.020367
