0 0.214459 0.810841 0.201381 0.204347
0 0.297089 0.453996 0.106708 0.104236
0 0.913645 0.857905 0.023976 0.024144
0 0.919246 0.305892 0.160725 0.201529
0 0.516349 0.074667 0.062058 0.062112
0 0.865013 0.837852 0.041945 0.041576
0 0.372714 0.348128 0.091891 0.093540
0 0.946142 0.072198 0.023365 0.023120
0 0.297475 0.145578 0.108462 0.108522
0 0.348362 0.046735 0.055536 0.055538
0 0.255746 0.671755 0.066767 0.067983
0 0.161202 0.364766 0.159801 0.159181
0 0.238045 0.260746 0.201194 0.200430
0 0.215191 0.505573 0.032542 0.032596
0 0.621054 0.496796 0.035160 0.035681
0 0.425299 0.181113 0.034358 0.034907
0 0.286194 0.505948 0.027394 0.027430
0 0.489507 0.433073 0.058029 0.058184
0 0.546764 0.687904 0.022704 0.023183
0 0.503738 0.571631 0.175745 0.172668
0 0.530469 0.555781 0.031464 0.030850
0 0.665384 0.252969 0.042211 0.041248
0 0.424379 0.739613 0.027720 0.027855
0 0.429011 0.292954 0.026707 0.026382
0 0.626502 0.959472 0.165990 0.080660
0 0.387392 0.714537 0.105417 0.109507
0 0.777175 0.988313 0.039724 0.023037
0 0.818032 0.458230 0.051366 0.051582
0 0.328582 0.085748 0.042809 0.042128
0 0.856276 0.808638 0.023065 0.022667
0 0.920465 0.719758 0.021591 0.021661
0 0.186314 0.192445 0.037780 0.037702
0 0.180161 0.024386 0.026337 0.025932
0 0.410624 0.264484 0.022539 0.022393
0 0.448210 0.097688 0.021839 0.021681
0 0.829159 0.521675 0.026588 0.026591
0 0.848680 0.099695 0.022950 0.023213
0 0.855229 0.134506 0.027576 0.027787
0 0.469443 0.009799 0.029286 0.019460
0 0.433740 0.411807 0.025002 0.024927
0 0.318945 0.209909 0.027235 0.027292
0 0.521081 0.528260 0.025027 0.025046
0 0.879871 0.981767 0.042937 0.036317
0 0.362039 0.280581 0.057090 0.057864
0 0.060321 0.125647 0.039263 0.041193
0 0.794638 0.670218 0.020976 0.020922
0 0.601377 0.115455 0.039584 0.039559
0 0.898252 0.487941 0.135530 0.137198
0 0.337184 0.582515 0.021695 0.021559
0 0.797431 0.415525 0.021361 0.021474
0 0.109885 0.835759 0.138593 0.132945
0 0.801334 0.206217 0.021683 0.021759
0 0.217552 0.036073 0.020625 0.020608
0 0.945735 0.544742 0.108531 0.219860
0 0.822665 0.194593 0.164772 0.165201
0 0.568508 0.607714 0.029632 0.029787
0 0.618106 0.831947 0.017942 0.017873
0 0.549353 0.114065 0.048908 0.048848
0 0.380343 0.557595 0.021591 0.021610
0 0.969852 0.647821 0.019566 0.019582
0 0.398203 0.175578 0.024717 0.025085
0 0.148436 0.135134 0.027007 0.025826
0 0.711353 0.541928 0.023439 0.024101
0 0.464223 0.239573 0.019953 0.020062
0 0.753467 0.629966 0.022844 0.022325
0 0.462063 0.742810 0.020052 0.020581
0 0.045468 0.017598 0.018425 0.018258
0 0.108656 0.172866 0.109481 0.111107
0 0.222051 0.152886 0.033386 0.031962
0 0.756787 0.666775 0.035335 0.034321
0 0.456733 0.116129 0.019161 0.019507
0 0.580693 0.378972 0.022347 0.021977
0 0.876599 0.215034 0.019461 0.019885
0 0.097305 0.903218 0.192561 0.190886
0 0.944649 0.174528 0.058797 0.056491
0 0.957097 0.966453 0.018274 0.018402
0 0.400327 0.760724 0.030111 0.031374
0 0.611358 0.144822 0.019277 0.019369
0 0.564484 0.389914 0.126643 0.128955
