0 0.731584 0.854468 0.286738 0.290209
0 0.455850 0.035865 0.023809 0.022597
0 0.962085 0.377872 0.072897 0.074045
0 0.849001 0.198472 0.029674 0.030087
0 0.201033 0.350117 0.027898 0.027530
0 0.931909 0.871310 0.032020 0.032006
0 0.970277 0.819324 0.059445 0.061886
0 0.563146 0.031128 0.134661 0.062059
0 0.922355 0.138029 0.081097 0.080896
0 0.646921 0.253376 0.031993 0.032075
0 0.630146 0.982735 0.034016 0.033047
0 0.374722 0.312878 0.020916 0.021121
0 0.966616 0.588133 0.038243 0.037377
0 0.710255 0.408415 0.026414 0.026967
0 0.445925 0.489484 0.028953 0.029240
0 0.930379 0.270772 0.020648 0.020934
0 0.706332 0.014952 0.020697 0.021278
0 0.817677 0.077128 0.085967 0.086714
0 0.685820 0.202025 0.043970 0.044643
0 0.598140 0.493208 0.066267 0.065674
0 0.043991 0.096033 0.087811 0.145504
0 0.990637 0.571528 0.018354 0.042163
0 0.054408 0.577900 0.069021 0.068893
