0 0.021285 0.683858 0.038521 0.037737
0 0.347797 0.490730 0.031700 0.030892
0 0.412045 0.500109 0.039590 0.037937
0 0.207599 0.873841 0.027976 0.027203
0 0.548475 0.232394 0.037024 0.036389
0 0.034849 0.496326 0.023725 0.023129
0 0.504539 0.904171 0.033281 0.032660
0 0.777909 0.738047 0.034407 0.034031
0 0.075834 0.248087 0.025727 0.025573
0 0.710131 0.197532 0.027436 0.026641
0 0.972149 0.309086 0.040053 0.038529
0 0.476172 0.071988 0.027771 0.028124
0 0.640574 0.043765 0.031194 0.030097
0 0.932118 0.084358 0.042608 0.042250
0 0.360749 0.147521 0.027693 0.027760
0 0.230894 0.631047 0.025579 0.025542
0 0.801493 0.595926 0.122429 0.117163
0 0.305089 0.534937 0.035767 0.036045
0 0.038268 0.405449 0.026464 0.025946
0 0.070992 0.983788 0.024375 0.024310
0 0.187048 0.132332 0.025282 0.024520
0 0.659479 0.294803 0.021898 0.021674
0 0.239010 0.217098 0.021950 0.021309
0 0.440216 0.062711 0.023335 0.023184
0 0.044510 0.595410 0.021911 0.021790
0 0.887844 0.465044 0.060640 0.058089
0 0.851913 0.140082 0.024539 0.024490
0 0.017028 0.131023 0.031175 0.031861
0 0.149722 0.362891 0.022410 0.021515
0 0.148726 0.430948 0.021154 0.021066
0 0.383331 0.339029 0.021674 0.020987
0 0.666785 0.125866 0.028415 0.027354
0 0.973905 0.121674 0.052190 0.066401
0 0.117420 0.464004 0.020087 0.019962
0 0.545742 0.581166 0.023907 0.023807
0 0.789355 0.011431 0.033111 0.022620
0 0.985384 0.390423 0.029229 0.051326
0 0.751578 0.525802 0.033277 0.032559
0 0.925567 0.535148 0.033774 0.033322
0 0.648546 0.008488 0.038820 0.016634
0 0.905754 0.559355 0.039291 0.039187
0 0.376005 0.368722 0.020224 0.020146
0 0.043773 0.529712 0.019069 0.019088
0 0.869675 0.616479 0.020426 0.020947
