0 0.030437 0.079517 0.044009 0.037238
0 0.119544 0.980920 0.043817 0.034197
0 0.355539 0.324203 0.070690 0.052905
0 0.252502 0.535257 0.060172 0.044302
0 0.589266 0.079664 0.079463 0.059288
0 0.362840 0.094947 0.343120 0.189894
0 0.181444 0.961205 0.057223 0.045225
0 0.031531 0.658329 0.058321 0.046785
0 0.333264 0.354978 0.033114 0.026859
0 0.147805 0.330278 0.057272 0.042363
0 0.009057 0.551490 0.017312 0.036449
0 0.236165 0.342898 0.033771 0.028647
0 0.054771 0.055065 0.030730 0.024602
0 0.017310 0.192859 0.033692 0.060228
0 0.486856 0.732604 0.070008 0.052755
0 0.010301 0.253937 0.020601 0.027169
0 0.291983 0.025613 0.054291 0.041987
0 0.027331 0.341128 0.029288 0.023737
