0 0.807347 0.297442 0.057126 0.057032
0 0.791843 0.483995 0.038654 0.038614
0 0.568588 0.368640 0.028032 0.027667
0 0.582526 0.810619 0.032245 0.031750
0 0.440776 0.313512 0.038472 0.039511
0 0.954251 0.703286 0.030187 0.030263
0 0.379449 0.614684 0.031823 0.032179
0 0.089132 0.520922 0.031322 0.030125
0 0.381489 0.655546 0.023945 0.023803
0 0.082825 0.478328 0.026579 0.026647
0 0.059354 0.523440 0.027045 0.027186
0 0.956353 0.344645 0.032526 0.032979
0 0.430938 0.169935 0.030980 0.030547
0 0.178346 0.380925 0.031227 0.030645
0 0.710817 0.389373 0.025256 0.025015
0 0.691584 0.755568 0.024662 0.024634
0 0.023084 0.637835 0.024279 0.023944
0 0.777799 0.532345 0.026770 0.025858
0 0.242149 0.976607 0.030023 0.029366
0 0.214473 0.241493 0.025014 0.025558
0 0.985186 0.342967 0.029628 0.035404
0 0.670296 0.403969 0.022677 0.022596
0 0.872279 0.478731 0.022582 0.021825
0 0.848334 0.926474 0.022231 0.021868
0 0.722366 0.537049 0.025223 0.024591
0 0.388736 0.827608 0.022625 0.022321
0 0.336805 0.802309 0.021662 0.021926
0 0.191409 0.086133 0.023353 0.023676
0 0.365520 0.313912 0.023198 0.023343
0 0.776204 0.760727 0.023167 0.023277
0 0.174479 0.600230 0.025529 0.025329
0 0.848707 0.792306 0.021460 0.021286
0 0.340134 0.094340 0.022693 0.022989
0 0.895582 0.376882 0.021394 0.021433
0 0.990491 0.123927 0.019017 0.027793
0 0.989745 0.165714 0.019817 0.021744
0 0.875859 0.495743 0.022463 0.022291
0 0.234327 0.695265 0.020961 0.021541
0 0.908606 0.886929 0.020722 0.020914
0 0.200605 0.049569 0.019995 0.019986
0 0.871251 0.410246 0.023615 0.022531
0 0.514438 0.984239 0.025756 0.026340
0 0.824200 0.519953 0.022036 0.022173
