0 0.880794 0.218629 0.051414 0.050651
0 0.038284 0.446578 0.054376 0.053058
0 0.385308 0.182498 0.031195 0.030917
0 0.219820 0.223924 0.045118 0.044774
0 0.820216 0.804471 0.056735 0.053761
0 0.138445 0.111614 0.043460 0.042774
0 0.683457 0.679837 0.046780 0.045259
0 0.310785 0.695993 0.027472 0.026806
0 0.545795 0.809296 0.033779 0.033613
0 0.554348 0.547572 0.035339 0.033785
0 0.859497 0.532503 0.043187 0.043804
0 0.151067 0.189405 0.038648 0.038197
0 0.368957 0.112989 0.026465 0.025895
0 0.758762 0.176828 0.024179 0.023942
0 0.787394 0.677113 0.024473 0.024022
0 0.646953 0.263572 0.031103 0.031151
0 0.326337 0.938005 0.026130 0.026116
0 0.550614 0.612109 0.030241 0.030661
0 0.533735 0.586122 0.025712 0.025799
0 0.518021 0.754692 0.030365 0.029741
0 0.297577 0.168363 0.023318 0.023504
0 0.394532 0.315715 0.023830 0.023494
0 0.550793 0.882688 0.033347 0.032848
0 0.440791 0.801448 0.028845 0.029403
0 0.844981 0.937439 0.023614 0.023759
0 0.316302 0.862050 0.031026 0.030428
0 0.084602 0.663412 0.024848 0.025362
0 0.524958 0.832816 0.026781 0.026250
0 0.278180 0.858622 0.029513 0.029073
0 0.445404 0.132307 0.021319 0.021411
0 0.517600 0.799532 0.026005 0.025467
0 0.097239 0.214596 0.026534 0.025834
0 0.571799 0.827561 0.026086 0.024759
0 0.051604 0.322031 0.025074 0.024670
0 0.530329 0.521010 0.021938 0.021636
0 0.918865 0.808622 0.020282 0.020152
0 0.325912 0.135160 0.020036 0.020151
0 0.987100 0.351959 0.022389 0.022746
0 0.579238 0.247248 0.019888 0.020081
0 0.060613 0.915411 0.023538 0.022346
0 0.298716 0.990197 0.021130 0.019606
0 0.831212 0.252650 0.028612 0.028572
0 0.719540 0.274961 0.023280 0.025045
0 0.435261 0.059449 0.020734 0.020611
0 0.593510 0.592446 0.029065 0.028528
0 0.776307 0.600976 0.019387 0.019712
0 0.591103 0.620031 0.043795 0.043040
0 0.524361 0.483572 0.020050 0.020132
0 0.966570 0.094392 0.019578 0.019525
0 0.195881 0.252127 0.037464 0.037265
0 0.312840 0.886322 0.025476 0.024349
