0 0.151981 0.386040 0.044181 0.043878
0 0.976501 0.510519 0.029201 0.029267
0 0.879255 0.121133 0.028136 0.027809
0 0.859784 0.247430 0.040545 0.040764
0 0.961028 0.656623 0.031339 0.031247
0 0.957506 0.583645 0.031622 0.032345
0 0.090112 0.645234 0.035417 0.035020
0 0.476620 0.094928 0.033520 0.033767
0 0.901802 0.405919 0.032695 0.032227
0 0.179213 0.342065 0.026939 0.027072
0 0.783512 0.090483 0.025021 0.025337
0 0.536084 0.309699 0.024570 0.024549
0 0.956493 0.390490 0.025195 0.025101
0 0.968814 0.446642 0.029650 0.029284
0 0.866308 0.440675 0.021908 0.022392
0 0.153009 0.979771 0.026010 0.026085
0 0.177559 0.807382 0.022402 0.022140
0 0.910264 0.285152 0.023859 0.023991
0 0.134640 0.137755 0.022363 0.022542
0 0.192099 0.627033 0.021510 0.021631
0 0.598560 0.268740 0.020126 0.019951
0 0.855680 0.339630 0.020731 0.020925
