0 0.028442 0.014055 0.041958 0.028042
0 0.850828 0.548349 0.026839 0.027026
0 0.717599 0.266324 0.213743 0.211708
0 0.741482 0.502158 0.031033 0.030302
0 0.963484 0.582809 0.029212 0.029176
0 0.152741 0.683206 0.030720 0.030367
0 0.890476 0.276008 0.035052 0.034618
0 0.472834 0.426473 0.059140 0.059258
0 0.727052 0.683053 0.025213 0.024923
0 0.689829 0.583505 0.040671 0.040730
0 0.824800 0.706811 0.029857 0.029835
0 0.972322 0.281702 0.027819 0.027235
0 0.121026 0.808733 0.034093 0.034484
0 0.406003 0.018001 0.057828 0.036001
0 0.683066 0.345846 0.024247 0.024829
0 0.129736 0.503883 0.023673 0.023509
0 0.865503 0.470131 0.035533 0.036392
0 0.835176 0.343001 0.058082 0.057453
0 0.147528 0.046086 0.033524 0.033000
0 0.646500 0.611192 0.059382 0.060116
0 0.111813 0.313615 0.026568 0.026640
0 0.570636 0.528703 0.039694 0.039888
0 0.763074 0.928206 0.022570 0.022360
0 0.704413 0.903911 0.023445 0.023900
0 0.497617 0.091044 0.034638 0.034471
0 0.944637 0.160240 0.051904 0.051296
0 0.616385 0.843329 0.028997 0.028834
0 0.918834 0.487176 0.021736 0.021596
0 0.968419 0.972020 0.024292 0.024215
0 0.779752 0.505749 0.023708 0.023315
0 0.395620 0.788920 0.023637 0.023231
0 0.652592 0.670234 0.031209 0.030464
0 0.925145 0.053762 0.033930 0.033690
0 0.849794 0.501438 0.025652 0.025496
0 0.787262 0.403030 0.021079 0.021109
0 0.834410 0.448410 0.025546 0.025617
0 0.779760 0.626518 0.023392 0.023355
0 0.444821 0.924667 0.021721 0.021699
0 0.447833 0.049642 0.054353 0.054140
0 0.826051 0.510991 0.023444 0.023203
0 0.939305 0.513758 0.022400 0.022758
0 0.564618 0.476815 0.023137 0.022592
0 0.696330 0.633246 0.021283 0.021082
0 0.578438 0.019848 0.029402 0.029581
0 0.354108 0.402486 0.025976 0.026014
0 0.727779 0.452095 0.023605 0.023498
0 0.610902 0.644751 0.043131 0.043214
0 0.835357 0.478625 0.028585 0.028804
0 0.952610 0.035380 0.093070 0.070760
0 0.103323 0.093856 0.022738 0.022992
0 0.595774 0.007201 0.023050 0.014401
0 0.921221 0.426285 0.020966 0.021014
0 0.016927 0.502333 0.032402 0.038026
0 0.641270 0.970686 0.019402 0.019440
0 0.199528 0.482273 0.019893 0.019758
0 0.498309 0.306529 0.047647 0.047225
0 0.029872 0.277658 0.019571 0.019070
0 0.532863 0.940604 0.020693 0.020965
0 0.817830 0.668171 0.026903 0.026621
0 0.755206 0.483790 0.022071 0.022118
0 0.770330 0.608428 0.019919 0.020093
0 0.651085 0.079173 0.020849 0.020848
0 0.522687 0.077426 0.019602 0.019684
0 0.214556 0.708082 0.074917 0.074298
0 0.419874 0.109467 0.022311 0.022155
0 0.577680 0.806479 0.020548 0.020942
0 0.593146 0.667761 0.022082 0.022195
0 0.920978 0.885283 0.020120 0.019769
0 0.987600 0.986077 0.021187 0.021592
0 0.150628 0.522459 0.019321 0.018959
0 0.641854 0.567231 0.021773 0.022156
0 0.388022 0.768714 0.021517 0.020932
0 0.139994 0.764902 0.020187 0.020090
0 0.833120 0.948365 0.021144 0.020992
0 0.910381 0.366100 0.081817 0.081659
0 0.337782 0.232479 0.026963 0.027059
0 0.119491 0.622543 0.025297 0.024875
0 0.251240 0.405210 0.081172 0.080627
0 0.500323 0.657618 0.020227 0.019449
