0 0.901591 0.560640 0.097692 0.098523
0 0.756592 0.568901 0.032796 0.032900
0 0.501688 0.168861 0.028997 0.029398
0 0.873357 0.655607 0.120425 0.121972
0 0.090157 0.492254 0.084508 0.083760
0 0.816855 0.959497 0.035720 0.035057
0 0.426244 0.280318 0.035928 0.036164
0 0.742105 0.180049 0.037198 0.036924
0 0.254681 0.383795 0.072651 0.073695
0 0.660672 0.583821 0.043639 0.043260
0 0.362059 0.750825 0.036009 0.036018
0 0.656250 0.751270 0.077767 0.077761
0 0.079994 0.086969 0.028388 0.028903
0 0.958333 0.855597 0.027112 0.027094
0 0.639820 0.310463 0.047661 0.048356
0 0.503757 0.220677 0.043954 0.043465
0 0.786735 0.247099 0.028203 0.027939
0 0.602545 0.076617 0.077567 0.077952
0 0.296269 0.208805 0.030555 0.031313
0 0.449461 0.468053 0.084825 0.085394
0 0.506678 0.544248 0.127490 0.124482
0 0.869295 0.189923 0.026350 0.025669
0 0.646037 0.244404 0.035748 0.036251
0 0.161349 0.202825 0.021811 0.021864
0 0.684743 0.647984 0.047786 0.047597
0 0.363472 0.557869 0.076086 0.075762
0 0.273852 0.987095 0.030673 0.025629
0 0.443747 0.898453 0.197273 0.194891
0 0.517388 0.703144 0.029074 0.029303
0 0.844657 0.133282 0.035804 0.035987
0 0.052432 0.620221 0.048895 0.049035
0 0.868695 0.163864 0.039869 0.039247
0 0.225045 0.123591 0.035795 0.036049
0 0.490862 0.414393 0.042912 0.043530
0 0.822161 0.435826 0.060994 0.061402
0 0.585816 0.688764 0.043523 0.044475
0 0.657876 0.677274 0.032177 0.033004
0 0.549273 0.364063 0.068254 0.067132
0 0.625639 0.706100 0.051220 0.050902
0 0.773987 0.728951 0.063692 0.064344
0 0.864376 0.223906 0.024854 0.025006
0 0.641510 0.819952 0.023436 0.023474
0 0.868643 0.332123 0.041115 0.041255
0 0.803665 0.012001 0.029567 0.023869
0 0.269670 0.333927 0.070563 0.069106
0 0.107696 0.780661 0.030866 0.031358
0 0.636102 0.362619 0.024083 0.024966
0 0.759075 0.161804 0.022874 0.023341
0 0.729154 0.705596 0.034900 0.034694
0 0.331846 0.738406 0.030161 0.030651
0 0.020934 0.324000 0.041396 0.086924
0 0.515442 0.326076 0.022031 0.021960
0 0.742937 0.058127 0.050590 0.050625
0 0.711371 0.018736 0.025731 0.025810
0 0.579163 0.480685 0.024127 0.023426
0 0.799307 0.176403 0.023637 0.024016
0 0.200464 0.877638 0.023506 0.023654
0 0.086920 0.678176 0.048059 0.048560
0 0.241241 0.836223 0.026028 0.026378
0 0.707359 0.244231 0.042620 0.043029
0 0.169356 0.965676 0.024530 0.024609
0 0.634596 0.900584 0.025534 0.025854
0 0.119674 0.581034 0.161368 0.162994
0 0.566944 0.339730 0.035696 0.035258
0 0.819589 0.150529 0.032558 0.032318
0 0.798084 0.676441 0.020908 0.021400
0 0.252671 0.161802 0.077339 0.077531
0 0.961803 0.679618 0.076394 0.185656
0 0.711745 0.678931 0.031155 0.031698
0 0.738396 0.431217 0.045018 0.044473
0 0.031314 0.400101 0.033483 0.033139
0 0.032662 0.962568 0.028396 0.029387
0 0.810419 0.271529 0.019368 0.019093
0 0.727180 0.043747 0.046770 0.047298
0 0.860125 0.820398 0.021393 0.021451
0 0.180762 0.722936 0.029872 0.029778
0 0.742317 0.665879 0.030033 0.029904
0 0.764512 0.018961 0.044914 0.037922
0 0.068384 0.988580 0.019740 0.020063
0 0.291407 0.867655 0.020900 0.021026
0 0.865096 0.506687 0.034831 0.034835
0 0.521329 0.464600 0.019495 0.019368
0 0.781750 0.375996 0.020586 0.020942
0 0.410482 0.099989 0.043378 0.043550
0 0.758678 0.957812 0.021429 0.022134
0 0.758712 0.989048 0.047868 0.021904
0 0.761594 0.474591 0.031381 0.031792
0 0.424717 0.072972 0.041770 0.040004
0 0.074577 0.330716 0.020142 0.020469
0 0.282796 0.062792 0.388790 0.125256
0 0.046897 0.811669 0.093794 0.115092
0 0.518671 0.281009 0.033290 0.033128
0 0.193068 0.397395 0.046490 0.047422
0 0.035111 0.279545 0.019569 0.019669
0 0.587832 0.960708 0.116351 0.077839
0 0.469460 0.383661 0.038530 0.038646
0 0.766977 0.985038 0.093120 0.029924
0 0.486922 0.095282 0.017699 0.017542
0 0.384375 0.479214 0.039649 0.039796
0 0.255056 0.229644 0.021453 0.020537
0 0.326087 0.508708 0.030151 0.030343
