0 0.713377 0.532612 0.238006 0.237535
0 0.187708 0.399793 0.049013 0.048421
0 0.601342 0.708936 0.026275 0.025497
0 0.279374 0.100690 0.040286 0.040500
0 0.852199 0.424097 0.027850 0.027851
0 0.388855 0.871937 0.025359 0.025226
0 0.253511 0.902874 0.049241 0.049666
0 0.655114 0.355758 0.051565 0.051608
0 0.591328 0.596156 0.027552 0.027043
0 0.552225 0.929239 0.186747 0.141522
0 0.819673 0.287790 0.035195 0.035218
0 0.114594 0.483576 0.029481 0.029758
0 0.456277 0.372693 0.040524 0.040861
0 0.671512 0.723366 0.036725 0.036725
0 0.335165 0.533767 0.042432 0.043705
0 0.757480 0.844884 0.044639 0.044081
0 0.232561 0.790774 0.077033 0.076244
0 0.192222 0.270585 0.034246 0.034238
0 0.587017 0.358360 0.031666 0.032076
0 0.692448 0.771724 0.060564 0.061255
0 0.119830 0.594078 0.058914 0.059287
0 0.440475 0.289752 0.028713 0.028858
0 0.070823 0.619021 0.052534 0.052333
0 0.233671 0.558693 0.054048 0.053614
0 0.388659 0.554107 0.031618 0.032119
0 0.309905 0.772750 0.035370 0.035167
0 0.741107 0.775744 0.023321 0.023247
0 0.060622 0.441058 0.071142 0.071769
0 0.875318 0.559043 0.072403 0.071545
0 0.114687 0.441034 0.037493 0.037340
0 0.086605 0.283908 0.054373 0.053989
0 0.434923 0.252952 0.025038 0.024579
0 0.366932 0.197339 0.022256 0.022759
0 0.349714 0.970006 0.071500 0.059651
0 0.458901 0.168359 0.024312 0.024415
0 0.969225 0.979060 0.048423 0.041880
0 0.281858 0.359950 0.038716 0.038931
0 0.943226 0.613954 0.070578 0.070743
0 0.281256 0.562660 0.082696 0.082843
0 0.704349 0.909873 0.036153 0.036356
0 0.429211 0.833675 0.069543 0.071613
0 0.846527 0.880596 0.046429 0.046929
0 0.152428 0.512030 0.048661 0.049678
0 0.208557 0.604520 0.086271 0.087779
0 0.660147 0.836564 0.057232 0.056843
0 0.432822 0.797027 0.029098 0.029073
0 0.261792 0.253655 0.043169 0.042542
0 0.978843 0.654307 0.031648 0.031567
0 0.840629 0.829041 0.053697 0.053026
0 0.650753 0.929316 0.030379 0.030647
0 0.268641 0.007125 0.038516 0.013948
0 0.182443 0.844656 0.069974 0.069703
0 0.404444 0.288738 0.021089 0.021949
0 0.963028 0.506225 0.026952 0.028106
0 0.371041 0.286848 0.023658 0.023689
0 0.429190 0.623536 0.041069 0.041491
0 0.719554 0.389305 0.036118 0.035730
0 0.321899 0.506152 0.021743 0.022442
0 0.323947 0.214653 0.021646 0.021728
0 0.540657 0.654768 0.029892 0.030212
0 0.327551 0.713035 0.027958 0.028375
0 0.850197 0.776856 0.024160 0.024268
0 0.295349 0.921860 0.110265 0.107276
0 0.522659 0.545993 0.022309 0.022307
0 0.489789 0.165801 0.048533 0.048166
0 0.244543 0.858109 0.035402 0.035159
0 0.440377 0.606767 0.030955 0.029247
0 0.172590 0.982949 0.029353 0.029931
0 0.204247 0.532338 0.030252 0.030085
0 0.146926 0.551777 0.080439 0.078646
0 0.444298 0.498050 0.043075 0.044151
0 0.301272 0.484781 0.033590 0.033911
0 0.011569 0.576521 0.022901 0.050103
0 0.383842 0.648816 0.025670 0.025507
0 0.045059 0.518036 0.020145 0.019810
0 0.557770 0.419772 0.031693 0.031913
0 0.231947 0.504646 0.028106 0.027275
0 0.393715 0.795845 0.034563 0.034644
0 0.921127 0.736659 0.126775 0.126372
0 0.858792 0.634288 0.021957 0.022073
0 0.770378 0.288817 0.021710 0.021565
0 0.042399 0.650881 0.049873 0.049530
0 0.553294 0.942343 0.040422 0.040780
0 0.519251 0.481539 0.021854 0.021905
0 0.725637 0.805418 0.041707 0.041916
0 0.111334 0.925351 0.142064 0.137326
0 0.296497 0.822632 0.081492 0.083682
0 0.554046 0.694338 0.020706 0.019765
0 0.203702 0.322998 0.046398 0.045587
0 0.236201 0.524437 0.031090 0.030293
0 0.071784 0.908524 0.020633 0.021062
0 0.283456 0.745657 0.037718 0.037536
0 0.505746 0.444363 0.025265 0.025645
0 0.809328 0.849126 0.024975 0.024143
0 0.965505 0.678436 0.042087 0.040973
0 0.177063 0.744755 0.043122 0.043994
0 0.282324 0.916558 0.033698 0.029500
0 0.822110 0.983425 0.018781 0.018528
0 0.628540 0.991139 0.026540 0.017631
0 0.611239 0.840332 0.027001 0.027564
0 0.807693 0.422108 0.052583 0.052291
0 0.454506 0.422440 0.046303 0.046470
0 0.088781 0.247237 0.174394 0.240308
0 0.138803 0.987980 0.038210 0.024040
0 0.584201 0.692019 0.022393 0.021976
0 0.094307 0.106814 0.036132 0.035037
0 0.125388 0.688209 0.033604 0.033577
0 0.444616 0.086875 0.159368 0.157394
0 0.072820 0.486800 0.018478 0.018864
0 0.100874 0.158253 0.198547 0.244683
0 0.534218 0.868422 0.034965 0.036080
0 0.935234 0.853535 0.128237 0.259716
0 0.870702 0.383489 0.019100 0.018854
