0 0.861260 0.289141 0.146414 0.143674
0 0.962853 0.774556 0.042050 0.041772
0 0.334973 0.226743 0.162007 0.159626
0 0.158432 0.666065 0.039602 0.038945
0 0.068990 0.029997 0.074546 0.059994
0 0.239039 0.695548 0.070244 0.069014
0 0.058795 0.434024 0.038538 0.038733
0 0.730324 0.483575 0.028371 0.027856
0 0.410706 0.931230 0.141248 0.135461
0 0.678670 0.118493 0.048061 0.046768
0 0.671706 0.370699 0.025240 0.025064
0 0.519586 0.722212 0.033032 0.033433
0 0.561828 0.502562 0.368635 0.360780
0 0.840621 0.632108 0.024803 0.025136
0 0.317821 0.827981 0.024065 0.023738
0 0.404815 0.656937 0.136867 0.133089
0 0.094147 0.474826 0.033372 0.032923
0 0.707695 0.795871 0.027873 0.027317
0 0.779278 0.156848 0.038466 0.038048
0 0.211566 0.266740 0.023080 0.023445
0 0.301789 0.131638 0.031191 0.031186
0 0.006866 0.772284 0.013732 0.036594
0 0.112381 0.316861 0.050606 0.050608
0 0.208773 0.008839 0.040191 0.017677
0 0.194337 0.456684 0.022345 0.021943
0 0.868230 0.862061 0.025235 0.025001
0 0.457561 0.098053 0.037691 0.037052
0 0.395068 0.137117 0.083092 0.082109
0 0.014204 0.947131 0.028407 0.043195
0 0.026276 0.566227 0.052347 0.204739
0 0.432071 0.353979 0.021586 0.021609
0 0.939840 0.553374 0.120118 0.315669
0 0.005694 0.435683 0.011388 0.048315
0 0.306820 0.300213 0.061408 0.061920
0 0.895452 0.103883 0.209097 0.207206
