0 0.905787 0.579057 0.024628 0.024511
0 0.410008 0.335702 0.044207 0.043242
0 0.539906 0.595001 0.034852 0.034904
0 0.701381 0.845131 0.026210 0.026208
0 0.338276 0.645097 0.032628 0.032531
0 0.788674 0.554800 0.029167 0.029353
0 0.114707 0.272297 0.047199 0.046344
0 0.941069 0.523367 0.022283 0.022560
0 0.422770 0.398485 0.042373 0.041086
0 0.534045 0.895205 0.027375 0.026870
0 0.549805 0.647959 0.030851 0.030962
0 0.055288 0.085254 0.029352 0.029683
0 0.674451 0.053589 0.026218 0.025706
0 0.441656 0.044068 0.050203 0.049232
0 0.476981 0.858598 0.031011 0.030517
0 0.667873 0.026183 0.023661 0.024134
0 0.048244 0.127797 0.028847 0.028298
0 0.970753 0.257065 0.024933 0.024847
0 0.186184 0.510631 0.030698 0.030576
0 0.495231 0.618358 0.026712 0.026184
0 0.596713 0.984202 0.030324 0.030211
0 0.215251 0.118892 0.028935 0.028868
0 0.019814 0.237060 0.039628 0.043916
0 0.886703 0.957074 0.033837 0.033822
0 0.781805 0.903310 0.022257 0.022684
0 0.415209 0.536819 0.030500 0.030314
0 0.205231 0.026366 0.026783 0.026122
0 0.493777 0.686916 0.025299 0.025345
0 0.104637 0.336008 0.029584 0.029419
0 0.713641 0.766463 0.023757 0.024407
0 0.368651 0.176037 0.033785 0.033532
0 0.742129 0.684414 0.055436 0.055612
0 0.440293 0.205765 0.032560 0.032400
0 0.289483 0.941599 0.030114 0.030773
0 0.390343 0.385610 0.022904 0.022744
0 0.023370 0.356619 0.045800 0.049189
0 0.095031 0.235137 0.031391 0.030894
0 0.325530 0.208906 0.040509 0.039651
0 0.099206 0.365831 0.033783 0.033879
0 0.236772 0.956706 0.028321 0.027499
0 0.479699 0.587689 0.020369 0.020277
0 0.198036 0.898122 0.024322 0.024294
0 0.057081 0.898400 0.112439 0.203201
0 0.089023 0.111267 0.022837 0.023067
0 0.807775 0.846079 0.021998 0.021418
0 0.991478 0.972008 0.017044 0.023523
0 0.239688 0.348099 0.027771 0.028486
0 0.947515 0.152218 0.019266 0.019166
0 0.784548 0.842309 0.022693 0.022752
0 0.372411 0.519653 0.023578 0.024122
0 0.237094 0.973379 0.026829 0.026788
0 0.993622 0.194626 0.012755 0.023906
0 0.398781 0.124854 0.025561 0.025306
0 0.378470 0.355631 0.027290 0.026613
0 0.590267 0.522946 0.020568 0.020708
0 0.563388 0.613183 0.020106 0.019427
0 0.276476 0.142984 0.026977 0.027154
0 0.716267 0.328418 0.022761 0.022964
0 0.034852 0.296155 0.068343 0.068635
