0 0.700069 0.435105 0.074994 0.074272
0 0.356973 0.649682 0.039987 0.039354
0 0.028911 0.775436 0.042577 0.042729
0 0.040424 0.588443 0.026989 0.027377
0 0.327721 0.827969 0.032111 0.032123
0 0.058299 0.696461 0.026738 0.026313
0 0.221578 0.706591 0.027279 0.027020
0 0.946763 0.718250 0.024695 0.024563
0 0.298804 0.815839 0.029376 0.029649
0 0.164195 0.655952 0.023283 0.022653
0 0.675120 0.306395 0.021253 0.021524
0 0.066908 0.859835 0.021700 0.021932
0 0.819828 0.748523 0.023273 0.023413
0 0.221693 0.899057 0.023900 0.023895
0 0.121874 0.684442 0.020674 0.020463
0 0.153661 0.637763 0.021089 0.021234
0 0.270182 0.840213 0.038426 0.038778
0 0.782898 0.120203 0.020698 0.020489
