0 0.821497 0.012254 0.054464 0.024057
0 0.483954 0.590286 0.161549 0.123574
0 0.869326 0.682585 0.041925 0.028466
0 0.212202 0.137373 0.176154 0.126097
0 0.665546 0.718948 0.042013 0.030460
0 0.368763 0.194809 0.039565 0.033803
0 0.426402 0.426197 0.062573 0.046843
0 0.680098 0.054142 0.065181 0.050062
0 0.104043 0.674976 0.196613 0.159607
0 0.699033 0.680682 0.033230 0.026842
0 0.930818 0.521203 0.035536 0.028049
0 0.653784 0.012534 0.065358 0.024838
0 0.348524 0.400702 0.039849 0.026457
0 0.274343 0.573199 0.040898 0.028223
