0 0.186694 0.621160 0.232662 0.229257
0 0.899494 0.821959 0.059701 0.060395
0 0.453275 0.218356 0.047927 0.047889
0 0.414784 0.057635 0.053920 0.054103
0 0.914892 0.955695 0.039754 0.039045
0 0.702196 0.681293 0.032165 0.032156
0 0.909656 0.350692 0.032479 0.033188
0 0.363236 0.553764 0.028873 0.028931
0 0.878903 0.905753 0.032328 0.031665
0 0.875902 0.357779 0.026717 0.026521
0 0.233436 0.216363 0.036872 0.035416
0 0.889765 0.671892 0.024476 0.025066
0 0.207684 0.636160 0.031233 0.029848
0 0.488091 0.056189 0.023126 0.023293
0 0.682091 0.987396 0.023796 0.022977
0 0.934490 0.890753 0.024890 0.023956
