0 0.101784 0.206369 0.029288 0.029267
0 0.218561 0.690362 0.080313 0.080381
0 0.073828 0.149392 0.026747 0.027507
0 0.091889 0.051546 0.050696 0.050990
0 0.055014 0.099795 0.026926 0.026793
0 0.107963 0.610775 0.023278 0.023439
0 0.156537 0.920148 0.037427 0.037117
0 0.450900 0.352741 0.045177 0.045400
0 0.186792 0.602139 0.024287 0.024222
0 0.161488 0.414681 0.049970 0.050387
0 0.162046 0.820949 0.053106 0.052560
0 0.096276 0.549926 0.031740 0.032396
0 0.290409 0.277500 0.040873 0.040981
0 0.326298 0.786711 0.045404 0.045438
0 0.549452 0.081511 0.036855 0.036256
0 0.039232 0.906606 0.041237 0.041587
0 0.334549 0.060367 0.031204 0.031157
0 0.561278 0.817518 0.033108 0.032794
0 0.308343 0.304175 0.027658 0.027082
0 0.024502 0.117274 0.024581 0.024754
0 0.277653 0.441862 0.026578 0.026276
0 0.284911 0.055152 0.035204 0.035470
0 0.585440 0.091220 0.037707 0.038372
0 0.310402 0.394856 0.023714 0.023820
0 0.169526 0.467265 0.022433 0.022411
0 0.333681 0.246497 0.028389 0.028161
0 0.446425 0.160852 0.030680 0.030514
0 0.256015 0.126754 0.027197 0.026954
0 0.486174 0.870151 0.031918 0.031684
0 0.532189 0.626882 0.039557 0.039215
0 0.434803 0.712309 0.052026 0.051209
0 0.250702 0.989465 0.041648 0.020828
0 0.377810 0.843843 0.029708 0.029245
0 0.262714 0.936617 0.021005 0.021147
0 0.080254 0.525820 0.029140 0.028761
0 0.334854 0.161795 0.028350 0.028292
0 0.587926 0.158586 0.023894 0.023692
0 0.257422 0.845536 0.048130 0.047285
0 0.552156 0.423417 0.023226 0.023160
0 0.521305 0.010137 0.037593 0.020230
0 0.065476 0.880001 0.027642 0.027532
0 0.264665 0.073014 0.022735 0.022804
0 0.312059 0.079388 0.028904 0.028938
0 0.356983 0.230237 0.022180 0.022106
0 0.387343 0.965866 0.066797 0.064611
0 0.091499 0.449502 0.022415 0.022684
0 0.389382 0.208819 0.023928 0.023853
0 0.295395 0.576881 0.024938 0.025773
0 0.287632 0.650172 0.021035 0.021262
0 0.517284 0.827517 0.026897 0.026516
0 0.369100 0.312983 0.026654 0.026711
0 0.260764 0.423866 0.021482 0.021176
0 0.176207 0.026823 0.019937 0.019968
0 0.336650 0.141213 0.024026 0.023667
0 0.411235 0.217633 0.023546 0.023541
0 0.381645 0.113456 0.022077 0.022116
0 0.335140 0.351055 0.020414 0.020563
0 0.519815 0.146249 0.025407 0.025230
0 0.129036 0.468395 0.020948 0.021305
0 0.253806 0.096650 0.023254 0.022909
0 0.427282 0.173429 0.023247 0.022452
0 0.399387 0.922765 0.021152 0.021417
0 0.261711 0.519033 0.020364 0.020460
0 0.436486 0.648916 0.022876 0.022020
0 0.119002 0.834097 0.018398 0.018823
0 0.293133 0.375432 0.021667 0.022143
0 0.211057 0.950387 0.022955 0.022721
0 0.516619 0.770229 0.029942 0.030468
0 0.496613 0.554434 0.020829 0.020123
0 0.544354 0.147216 0.021217 0.021257
0 0.444363 0.540429 0.022432 0.022499
0 0.303190 0.360953 0.020201 0.020029
0 0.495952 0.027837 0.023874 0.023247
0 0.433666 0.855158 0.074667 0.075078
0 0.157264 0.212349 0.022119 0.021925
0 0.594844 0.198910 0.019547 0.020195
0 0.459243 0.906484 0.038778 0.038165
0 0.055525 0.523071 0.019026 0.019091
