0 0.675802 0.781749 0.035509 0.035835
0 0.265086 0.256347 0.038705 0.038614
0 0.596214 0.069999 0.031789 0.031482
0 0.718276 0.623757 0.035949 0.037000
0 0.092165 0.758571 0.031247 0.031270
0 0.904410 0.324572 0.060956 0.061696
0 0.731271 0.556591 0.035551 0.035968
0 0.483371 0.847423 0.025704 0.025919
0 0.892914 0.910604 0.034212 0.034242
0 0.194968 0.265579 0.032492 0.032649
0 0.332538 0.928927 0.025887 0.026340
0 0.496879 0.127617 0.048531 0.047434
0 0.033619 0.757954 0.023578 0.024110
0 0.735036 0.514004 0.036778 0.036321
0 0.788081 0.497494 0.028384 0.028851
0 0.278443 0.423728 0.033492 0.034162
0 0.454319 0.959543 0.024109 0.024455
0 0.077076 0.862307 0.026746 0.026558
0 0.056910 0.545232 0.070350 0.071451
0 0.379745 0.577829 0.066240 0.065060
0 0.880119 0.758245 0.025290 0.025382
0 0.722652 0.679282 0.030548 0.029995
0 0.080953 0.951883 0.024571 0.024378
0 0.497836 0.617963 0.033470 0.033808
0 0.321653 0.840885 0.024138 0.024454
0 0.416169 0.414888 0.116669 0.115483
0 0.763170 0.492156 0.023358 0.022660
0 0.669660 0.605695 0.022564 0.022662
0 0.355071 0.492408 0.073323 0.071905
0 0.052682 0.609260 0.105187 0.219511
0 0.794556 0.366400 0.026965 0.025746
0 0.137928 0.587052 0.069408 0.070796
0 0.039460 0.303563 0.078338 0.131824
0 0.434439 0.918087 0.022487 0.022601
0 0.335582 0.675267 0.086487 0.084280
0 0.810649 0.374669 0.120130 0.119584
0 0.688572 0.711203 0.021849 0.022032
0 0.955272 0.096217 0.022621 0.022426
0 0.929870 0.610135 0.020793 0.020804
0 0.978576 0.816706 0.042190 0.051198
0 0.985254 0.466080 0.027209 0.027865
0 0.655418 0.916126 0.024337 0.023844
0 0.193606 0.426114 0.021848 0.022193
0 0.524325 0.456586 0.022151 0.022107
0 0.440260 0.491175 0.097201 0.095761
0 0.911370 0.970259 0.071290 0.059449
0 0.299799 0.716594 0.024224 0.023901
0 0.985848 0.145808 0.020218 0.019699
0 0.141288 0.664150 0.023398 0.023131
