0 0.168828 0.867342 0.047087 0.043742
0 0.861395 0.539563 0.061150 0.057625
0 0.101594 0.033536 0.054182 0.050884
0 0.259003 0.962721 0.048417 0.044755
0 0.440665 0.090515 0.034629 0.032253
0 0.906337 0.691857 0.046830 0.042448
0 0.446465 0.183132 0.041161 0.037368
0 0.435763 0.937640 0.129476 0.119656
0 0.562143 0.897525 0.041427 0.040911
0 0.460747 0.879989 0.047878 0.046824
0 0.359641 0.896307 0.034605 0.033316
0 0.891200 0.796944 0.043324 0.041200
0 0.113074 0.766462 0.034143 0.032054
0 0.077426 0.826176 0.032643 0.030630
0 0.564398 0.521177 0.576475 0.613884
0 0.161850 0.703423 0.037423 0.034574
0 0.237470 0.641224 0.069852 0.062908
0 0.143808 0.062171 0.034401 0.031815
0 0.895010 0.661570 0.030800 0.029644
0 0.862863 0.698305 0.032774 0.030960
0 0.976618 0.550848 0.046765 0.083601
0 0.588775 0.916122 0.040400 0.039474
0 0.951677 0.959703 0.052688 0.049279
0 0.221693 0.984201 0.052594 0.031535
0 0.555243 0.951591 0.030240 0.028991
0 0.502836 0.982051 0.075245 0.035605
0 0.969818 0.467742 0.029173 0.028632
0 0.176244 0.225852 0.025958 0.025718
0 0.837848 0.151494 0.301475 0.296649
0 0.119087 0.308112 0.164453 0.163581
0 0.006422 0.676711 0.012715 0.028474
0 0.881547 0.861963 0.030472 0.029741
0 0.391950 0.203937 0.229711 0.234195
0 0.882086 0.912186 0.059725 0.056521
0 0.366984 0.247751 0.169151 0.153102
0 0.202542 0.258203 0.046372 0.044080
