0 0.586849 0.207723 0.051201 0.033863
0 0.064495 0.646027 0.075702 0.056175
0 0.461339 0.569752 0.055847 0.040671
0 0.854868 0.349806 0.054725 0.038479
0 0.638908 0.269118 0.053007 0.037902
0 0.599253 0.593140 0.044843 0.032051
0 0.712351 0.547606 0.043902 0.030914
0 0.854911 0.738249 0.180422 0.126237
0 0.191161 0.529654 0.077097 0.054262
0 0.855254 0.672006 0.051330 0.034502
0 0.615546 0.774323 0.099765 0.062094
0 0.842625 0.290084 0.038522 0.029263
0 0.191419 0.630642 0.046700 0.033224
0 0.582542 0.723211 0.095421 0.072979
0 0.726870 0.019129 0.052763 0.036876
0 0.329097 0.650854 0.075803 0.058126
0 0.403555 0.773948 0.120227 0.063507
0 0.157546 0.204109 0.035086 0.029280
0 0.066950 0.493529 0.132901 0.285443
0 0.057430 0.783300 0.057209 0.040186
0 0.693877 0.682597 0.148554 0.113315
0 0.193976 0.007156 0.037113 0.013845
0 0.126223 0.192194 0.037481 0.030112
0 0.301093 0.747810 0.069060 0.051974
