0 0.608195 0.586550 0.040544 0.040485
0 0.527324 0.143008 0.035922 0.036338
0 0.471336 0.137663 0.045578 0.045346
0 0.079655 0.097690 0.027546 0.027386
0 0.551385 0.033269 0.027807 0.027469
0 0.475569 0.210768 0.038206 0.037754
0 0.524251 0.099024 0.035275 0.035635
0 0.286505 0.280172 0.025822 0.025999
0 0.333364 0.965593 0.031574 0.031460
0 0.446534 0.168137 0.027184 0.027329
0 0.107588 0.309098 0.023676 0.023755
0 0.235051 0.333366 0.028015 0.027410
0 0.194352 0.979121 0.064203 0.040891
0 0.957612 0.918786 0.071220 0.070818
0 0.018522 0.164764 0.037044 0.040150
0 0.933264 0.046790 0.023180 0.022861
0 0.434260 0.796302 0.023219 0.022853
0 0.198288 0.663684 0.041330 0.041316
0 0.637948 0.549585 0.048174 0.047495
0 0.491619 0.808061 0.035388 0.035301
0 0.062873 0.346146 0.023391 0.022594
0 0.608352 0.279803 0.059395 0.059346
0 0.606996 0.083955 0.052910 0.052092
0 0.830836 0.953903 0.076727 0.078117
0 0.941892 0.588775 0.029152 0.029290
0 0.786447 0.722207 0.030960 0.031104
0 0.692070 0.157443 0.022754 0.022580
0 0.690386 0.663287 0.043426 0.044110
0 0.931716 0.629584 0.035656 0.035274
0 0.763000 0.582243 0.023481 0.023572
0 0.789212 0.911380 0.051256 0.051121
0 0.830390 0.382625 0.085177 0.087922
0 0.897737 0.621992 0.033639 0.032065
0 0.133752 0.285199 0.023935 0.023789
0 0.907954 0.717335 0.029871 0.030140
0 0.152756 0.750172 0.025450 0.024955
0 0.820787 0.824302 0.023533 0.023594
0 0.674388 0.370560 0.037730 0.037751
0 0.658738 0.636984 0.037562 0.037825
0 0.110719 0.396775 0.046346 0.046804
0 0.714223 0.038640 0.022087 0.022069
0 0.986111 0.693335 0.027778 0.088618
0 0.790839 0.862839 0.043930 0.043492
0 0.327893 0.761022 0.060209 0.058665
0 0.632297 0.119476 0.043166 0.041610
0 0.187074 0.930949 0.049477 0.049857
0 0.493969 0.772940 0.062343 0.061050
0 0.937081 0.983989 0.031879 0.031542
0 0.109661 0.586184 0.048753 0.047714
0 0.591960 0.367128 0.034854 0.034652
0 0.504359 0.173537 0.042681 0.043054
0 0.330040 0.705169 0.081123 0.081718
0 0.757131 0.073248 0.021348 0.021336
0 0.037888 0.009599 0.019696 0.018101
0 0.548673 0.272386 0.041013 0.039730
0 0.560634 0.077837 0.036052 0.035607
0 0.495778 0.470617 0.052206 0.053605
0 0.821656 0.956230 0.021622 0.018960
0 0.102274 0.668521 0.060337 0.057513
0 0.182681 0.888508 0.084514 0.084175
