0 0.641517 0.895470 0.028763 0.029030
0 0.854159 0.392560 0.291683 0.290657
0 0.098129 0.235923 0.195900 0.219921
0 0.326301 0.620881 0.034480 0.034367
0 0.225292 0.697034 0.027387 0.027336
0 0.475703 0.576788 0.164053 0.163028
0 0.767650 0.809585 0.047501 0.047825
0 0.666123 0.038933 0.041115 0.041047
0 0.704572 0.115512 0.141190 0.141978
0 0.574206 0.947876 0.056257 0.056545
0 0.265476 0.560942 0.058510 0.058165
0 0.292672 0.680232 0.052759 0.052622
0 0.479181 0.391095 0.026338 0.026597
0 0.294203 0.874906 0.066223 0.066058
0 0.624488 0.758183 0.053519 0.053070
0 0.258517 0.512438 0.039778 0.039662
0 0.696834 0.697753 0.079356 0.081478
0 0.466245 0.250308 0.128196 0.127077
0 0.061146 0.726975 0.030488 0.030251
0 0.378059 0.296678 0.066455 0.066270
0 0.373576 0.122774 0.070354 0.069374
0 0.591415 0.784608 0.034056 0.034609
0 0.046371 0.404963 0.026352 0.025561
0 0.182026 0.363091 0.057766 0.056841
0 0.325552 0.326201 0.021205 0.021618
0 0.824955 0.895129 0.029898 0.030231
0 0.390042 0.797568 0.099281 0.098669
0 0.142801 0.394550 0.051152 0.051531
0 0.730457 0.769094 0.040465 0.040478
0 0.390894 0.978492 0.022054 0.021691
0 0.333668 0.919620 0.054669 0.053564
0 0.945799 0.983859 0.045601 0.031781
0 0.339846 0.659661 0.043242 0.042985
0 0.243078 0.661095 0.047983 0.047918
0 0.570560 0.312395 0.060166 0.060436
0 0.856192 0.216529 0.281737 0.285605
0 0.099948 0.512115 0.042773 0.042135
0 0.944115 0.773128 0.020070 0.021633
0 0.958049 0.740370 0.065083 0.064425
0 0.537633 0.661971 0.035241 0.035939
0 0.676678 0.975735 0.062661 0.048137
0 0.022015 0.088074 0.023130 0.022607
0 0.694794 0.939384 0.048311 0.048380
0 0.630335 0.932105 0.031346 0.031002
0 0.554103 0.090136 0.067662 0.068463
0 0.452973 0.747943 0.077266 0.077893
0 0.666925 0.759432 0.025655 0.025369
0 0.331092 0.567470 0.064896 0.065049
0 0.392379 0.850811 0.020303 0.020045
0 0.581556 0.144242 0.064829 0.062408
0 0.729550 0.478388 0.022238 0.023685
0 0.201935 0.567487 0.035051 0.036838
0 0.081226 0.972934 0.020093 0.020230
0 0.420491 0.989666 0.065259 0.020600
0 0.433706 0.909704 0.020703 0.020765
0 0.160296 0.909558 0.070267 0.069361
0 0.967002 0.786604 0.065995 0.071286
0 0.012400 0.346184 0.024543 0.061371
0 0.132674 0.496413 0.100582 0.097590
0 0.421829 0.388906 0.020896 0.021570
0 0.142159 0.570248 0.041945 0.041905
0 0.902814 0.751306 0.037471 0.037573
0 0.477017 0.166965 0.030252 0.030878
0 0.313392 0.238689 0.068307 0.066572
0 0.504454 0.106860 0.027784 0.027845
0 0.894910 0.971715 0.070495 0.054694
0 0.304158 0.175535 0.055874 0.055362
0 0.365403 0.394592 0.035464 0.033608
0 0.403604 0.013150 0.107451 0.026077
0 0.179538 0.733527 0.051991 0.052146
0 0.514844 0.151374 0.047481 0.046569
0 0.260487 0.301139 0.050828 0.051810
0 0.133634 0.763290 0.050984 0.049972
0 0.837360 0.967988 0.020629 0.020669
0 0.060037 0.444704 0.112076 0.106625
0 0.547523 0.057621 0.024814 0.024232
0 0.375915 0.459061 0.200350 0.191958
0 0.628934 0.966793 0.045150 0.044674
0 0.512800 0.203568 0.076843 0.078560
0 0.339475 0.892575 0.034674 0.031982
0 0.374963 0.260503 0.039476 0.039153
