0 0.362409 0.826893 0.070255 0.070280
0 0.720722 0.496171 0.080605 0.081629
0 0.617168 0.245300 0.045098 0.045147
0 0.662187 0.427284 0.033598 0.033613
0 0.222964 0.423081 0.066076 0.065944
0 0.047237 0.763395 0.029200 0.028896
0 0.853095 0.412420 0.029631 0.030015
0 0.043391 0.891934 0.026525 0.026939
0 0.504221 0.982546 0.030122 0.029767
0 0.926466 0.978229 0.041732 0.040750
0 0.081922 0.071511 0.038624 0.038330
0 0.678097 0.109641 0.029505 0.030936
0 0.884400 0.709235 0.030979 0.031191
0 0.221922 0.323743 0.024545 0.024253
0 0.063067 0.821458 0.096392 0.096333
0 0.197618 0.344708 0.022962 0.022353
0 0.460486 0.723421 0.022650 0.022708
0 0.367449 0.647048 0.022910 0.023236
0 0.803126 0.612764 0.023308 0.022898
0 0.718317 0.052404 0.025795 0.026156
0 0.315824 0.382087 0.038786 0.039151
0 0.824495 0.141058 0.026412 0.026341
0 0.221529 0.608035 0.034500 0.034229
0 0.755319 0.368889 0.022817 0.022647
0 0.799991 0.770561 0.027953 0.028182
0 0.827313 0.752002 0.031234 0.031078
0 0.188305 0.801923 0.020999 0.020680
0 0.275814 0.349981 0.020138 0.019974
0 0.516508 0.744876 0.252945 0.252945
0 0.243554 0.383462 0.020950 0.020616
0 0.785375 0.812551 0.068706 0.067479
0 0.230023 0.054243 0.035391 0.034876
0 0.954891 0.987553 0.020563 0.021488
0 0.216498 0.268079 0.053748 0.051839
0 0.271986 0.067679 0.027269 0.026547
