0 0.583076 0.422321 0.054000 0.053994
0 0.164084 0.815456 0.036094 0.035894
0 0.359857 0.111212 0.031789 0.031677
0 0.236514 0.112501 0.027049 0.027089
0 0.833098 0.567442 0.040169 0.040233
0 0.918845 0.377147 0.043905 0.043394
0 0.331097 0.379745 0.028590 0.028476
0 0.819132 0.430673 0.037337 0.037166
0 0.378651 0.656199 0.029075 0.028835
0 0.710507 0.364297 0.033643 0.033431
0 0.400465 0.305134 0.031872 0.032065
0 0.549133 0.730723 0.033194 0.033524
0 0.330625 0.806193 0.027509 0.027021
0 0.839965 0.967287 0.034315 0.033853
0 0.191931 0.473293 0.025484 0.025612
0 0.904184 0.515182 0.032484 0.032595
0 0.458492 0.347654 0.026952 0.026914
0 0.362653 0.143029 0.025481 0.024896
0 0.209356 0.151405 0.023381 0.023873
0 0.852625 0.051711 0.022159 0.022170
0 0.107770 0.015081 0.023322 0.024550
0 0.738706 0.508471 0.031614 0.031479
0 0.808495 0.785276 0.030638 0.030669
0 0.223537 0.134730 0.024811 0.024112
0 0.518645 0.772399 0.025816 0.025976
0 0.506647 0.380150 0.024156 0.024218
0 0.155996 0.306475 0.021838 0.021962
0 0.765511 0.008025 0.023385 0.015772
0 0.980202 0.554203 0.023953 0.023865
0 0.177206 0.110481 0.021710 0.021711
0 0.856844 0.673482 0.025291 0.025453
0 0.014325 0.522513 0.023704 0.023522
0 0.890088 0.192164 0.024687 0.024997
0 0.449605 0.275394 0.023725 0.023693
0 0.316099 0.159872 0.022674 0.022547
0 0.648369 0.300705 0.028436 0.028514
0 0.467192 0.127958 0.050832 0.050326
0 0.446963 0.140289 0.034658 0.036291
0 0.958882 0.171587 0.022267 0.022343
0 0.267119 0.272415 0.025790 0.025665
0 0.985622 0.404965 0.026436 0.026411
0 0.637852 0.011210 0.026690 0.022420
0 0.542726 0.044432 0.021631 0.021881
0 0.048377 0.170538 0.021671 0.021955
0 0.420242 0.852799 0.024695 0.024365
0 0.810221 0.245963 0.043081 0.043604
0 0.960677 0.467276 0.022088 0.021994
0 0.437707 0.334466 0.021306 0.021483
0 0.200796 0.783439 0.022287 0.022527
0 0.554015 0.008659 0.020888 0.017318
0 0.735559 0.296561 0.052177 0.052201
0 0.834209 0.140497 0.021986 0.022120
0 0.114791 0.316968 0.021183 0.021118
0 0.988031 0.652267 0.021376 0.021339
0 0.917250 0.111808 0.040154 0.039977
0 0.249505 0.830322 0.021610 0.021744
0 0.816675 0.449025 0.028491 0.025279
0 0.657949 0.494466 0.023398 0.023299
0 0.405192 0.049782 0.021345 0.021106
0 0.402403 0.837688 0.022219 0.022153
