0 0.896113 0.244534 0.196724 0.187820
0 0.986979 0.630690 0.025818 0.075346
0 0.147229 0.206499 0.036983 0.033294
0 0.296938 0.836794 0.039179 0.038087
0 0.756837 0.129717 0.036429 0.032246
0 0.937028 0.469616 0.047610 0.045747
0 0.932433 0.911796 0.086560 0.084006
0 0.058614 0.034878 0.031599 0.030107
0 0.440309 0.854519 0.041242 0.040085
0 0.408841 0.719379 0.034513 0.032832
0 0.254165 0.851034 0.043330 0.040213
0 0.267204 0.708743 0.067619 0.062592
0 0.577571 0.900202 0.028152 0.028339
0 0.981391 0.692914 0.037217 0.042636
0 0.984342 0.561384 0.030970 0.059673
0 0.980938 0.948756 0.038000 0.093093
0 0.649369 0.883946 0.034802 0.034404
0 0.606547 0.889772 0.025061 0.024381
0 0.210078 0.302109 0.027565 0.026743
