0 0.168288 0.251722 0.165006 0.161846
0 0.691924 0.180796 0.041738 0.041469
0 0.819258 0.167085 0.037289 0.035010
0 0.034946 0.810301 0.025038 0.024779
0 0.042150 0.587019 0.032756 0.032779
0 0.252342 0.719489 0.041389 0.040717
0 0.706797 0.247946 0.031083 0.030736
0 0.813202 0.815091 0.040843 0.039086
0 0.976435 0.950616 0.039042 0.037892
0 0.371800 0.345431 0.026569 0.026380
0 0.671131 0.088370 0.043127 0.042499
0 0.343582 0.387486 0.024443 0.023826
0 0.038936 0.902891 0.025712 0.024547
0 0.691955 0.563957 0.074494 0.073814
0 0.898659 0.167144 0.024959 0.024950
0 0.301865 0.985959 0.042070 0.028082
0 0.069983 0.853494 0.024045 0.023878
0 0.020719 0.638454 0.041024 0.054438
0 0.502432 0.910049 0.133937 0.126280
0 0.599686 0.617354 0.023743 0.023571
0 0.826670 0.582597 0.108380 0.104315
0 0.619470 0.204745 0.025093 0.024875
0 0.479616 0.258930 0.026096 0.025718
0 0.307634 0.365074 0.024740 0.023947
0 0.871309 0.226157 0.026789 0.025964
0 0.947038 0.837846 0.105924 0.153882
0 0.777725 0.340622 0.022495 0.022609
0 0.835526 0.755203 0.026217 0.026665
0 0.549679 0.686194 0.026409 0.026472
0 0.124452 0.145322 0.044179 0.043193
0 0.923081 0.348215 0.022710 0.022899
0 0.890095 0.361616 0.023082 0.023344
0 0.947196 0.282513 0.023376 0.023348
0 0.108273 0.656182 0.023478 0.023945
0 0.170779 0.105721 0.024056 0.023519
0 0.438292 0.635838 0.023494 0.023352
0 0.476613 0.752361 0.029611 0.028992
0 0.616909 0.448699 0.021913 0.021472
0 0.990862 0.624027 0.017855 0.068187
0 0.138588 0.777803 0.021440 0.021493
0 0.635351 0.570213 0.022568 0.022532
0 0.566458 0.083648 0.055921 0.053330
0 0.789811 0.299108 0.019371 0.019398
0 0.924677 0.950933 0.022154 0.021982
0 0.800057 0.969096 0.092668 0.061808
0 0.605072 0.041110 0.023365 0.023250
