0 0.397406 0.163284 0.161777 0.159904
0 0.690196 0.357140 0.239927 0.243717
0 0.883548 0.466323 0.025330 0.025286
0 0.644502 0.901316 0.032521 0.032515
0 0.934009 0.528163 0.023027 0.023153
0 0.358153 0.236958 0.035613 0.035127
0 0.415887 0.855215 0.023832 0.023854
0 0.141384 0.117194 0.028640 0.028587
0 0.628898 0.044340 0.028836 0.028087
0 0.780414 0.869756 0.027474 0.026955
0 0.798301 0.953763 0.091178 0.090872
0 0.719704 0.798684 0.036931 0.037452
0 0.205835 0.695772 0.029762 0.029663
0 0.854667 0.690781 0.101107 0.102204
0 0.265138 0.566279 0.024192 0.024155
0 0.739815 0.542610 0.149493 0.149649
0 0.223661 0.548981 0.027253 0.027545
0 0.879503 0.602616 0.043164 0.042656
0 0.919165 0.160176 0.024030 0.023847
0 0.070291 0.887770 0.100206 0.099518
0 0.921231 0.781482 0.022760 0.023014
0 0.275093 0.702720 0.023763 0.023673
0 0.519250 0.144962 0.030976 0.031094
0 0.940494 0.586682 0.037155 0.036873
0 0.406866 0.521571 0.023283 0.023497
0 0.969894 0.487684 0.038525 0.038220
0 0.722848 0.754790 0.038232 0.038590
0 0.022121 0.357707 0.044158 0.056317
0 0.182060 0.369250 0.022004 0.021651
0 0.223788 0.985118 0.028649 0.028450
0 0.033329 0.709421 0.040572 0.040110
0 0.887112 0.874946 0.054516 0.054449
0 0.719676 0.921743 0.037370 0.037733
0 0.820952 0.318655 0.030576 0.031239
0 0.380270 0.262621 0.038651 0.038655
0 0.443460 0.930654 0.034958 0.034763
0 0.426264 0.289068 0.032587 0.032604
0 0.297614 0.264246 0.022725 0.022617
0 0.774428 0.904278 0.033052 0.033366
0 0.979057 0.231362 0.025493 0.024698
0 0.107006 0.759259 0.021223 0.021237
0 0.636385 0.550726 0.142618 0.144736
0 0.743433 0.879201 0.024945 0.024701
0 0.154946 0.653260 0.029251 0.029214
0 0.693656 0.084125 0.027039 0.027027
0 0.268744 0.072859 0.029452 0.028968
0 0.287940 0.050259 0.032059 0.032048
0 0.854992 0.415302 0.037507 0.037275
0 0.170458 0.537682 0.051860 0.051545
0 0.202695 0.725703 0.027013 0.027152
0 0.266660 0.610377 0.020753 0.020906
0 0.176894 0.800627 0.192089 0.191610
0 0.159547 0.933292 0.019893 0.020072
0 0.817534 0.579134 0.022874 0.022627
0 0.550105 0.009352 0.031922 0.018704
0 0.579744 0.370909 0.085075 0.085505
0 0.977984 0.550099 0.022346 0.022093
0 0.691581 0.212964 0.022137 0.022285
0 0.086037 0.793185 0.022153 0.021452
0 0.867617 0.550640 0.037837 0.037718
0 0.410158 0.657596 0.020626 0.020629
0 0.540147 0.663655 0.027449 0.026911
0 0.453204 0.809705 0.021173 0.021280
0 0.321680 0.642294 0.030350 0.029990
0 0.957162 0.836094 0.085604 0.182472
0 0.670662 0.606586 0.023695 0.024293
0 0.519657 0.330229 0.027370 0.028429
0 0.118179 0.204700 0.019926 0.019850
0 0.432030 0.122398 0.021743 0.021844
0 0.856865 0.280178 0.022368 0.022480
0 0.630233 0.989921 0.018987 0.018649
0 0.109408 0.355116 0.023435 0.023317
0 0.084388 0.478866 0.039163 0.039312
0 0.205576 0.428527 0.157020 0.159133
0 0.708990 0.080117 0.153169 0.148559
0 0.362668 0.608600 0.079825 0.079793
0 0.489673 0.487320 0.275552 0.283373
0 0.374919 0.089820 0.045686 0.045746
0 0.768197 0.178558 0.020148 0.020633
0 0.265084 0.421261 0.025103 0.025085
0 0.945840 0.714988 0.069718 0.069117
0 0.458088 0.267867 0.072852 0.073929
0 0.773015 0.983339 0.020138 0.019837
0 0.871559 0.977919 0.018856 0.018597
0 0.345645 0.499617 0.028227 0.028651
0 0.981919 0.685303 0.019537 0.019213
0 0.650793 0.402257 0.019045 0.018834
0 0.176534 0.006138 0.019917 0.012276
0 0.962542 0.562591 0.022485 0.022248
0 0.947068 0.253969 0.018681 0.018553
0 0.801306 0.093530 0.028564 0.028379
0 0.818732 0.675767 0.020088 0.019386
0 0.391824 0.294381 0.028719 0.028364
0 0.963801 0.971303 0.072398 0.056858
0 0.866258 0.530802 0.034376 0.032479
0 0.332411 0.747490 0.018599 0.018332
0 0.240112 0.641081 0.025104 0.025331
0 0.864131 0.562397 0.030563 0.025688
0 0.492843 0.311154 0.036090 0.035829
0 0.983875 0.517872 0.032250 0.046841
0 0.430561 0.771024 0.018772 0.018201
0 0.161016 0.508873 0.020405 0.020195
0 0.422296 0.012000 0.019815 0.020666
0 0.854038 0.006589 0.023733 0.012891
0 0.596917 0.789002 0.020736 0.020756
