0 0.736918 0.686932 0.046188 0.046675
0 0.184730 0.698967 0.333056 0.349674
0 0.707973 0.554662 0.025646 0.025781
0 0.719830 0.451614 0.025563 0.025591
0 0.812937 0.863048 0.191837 0.196408
0 0.138098 0.176029 0.043908 0.044060
0 0.082216 0.382506 0.046180 0.046600
0 0.023592 0.359394 0.030297 0.030445
0 0.185545 0.342275 0.024762 0.025161
0 0.851825 0.661043 0.031192 0.031829
0 0.850630 0.149995 0.032891 0.033248
0 0.843905 0.225163 0.039301 0.039002
0 0.026474 0.306728 0.026614 0.026994
0 0.102835 0.431707 0.030548 0.030747
0 0.228499 0.624471 0.032113 0.032845
0 0.665491 0.712090 0.027472 0.027877
0 0.055868 0.467171 0.045390 0.045763
0 0.646800 0.664966 0.030583 0.030444
0 0.726596 0.151566 0.041182 0.041228
0 0.063976 0.332727 0.022977 0.022364
0 0.175991 0.276361 0.022853 0.022770
0 0.464774 0.094410 0.022588 0.022851
0 0.087102 0.937897 0.038474 0.038067
0 0.859518 0.712739 0.023183 0.023420
0 0.109413 0.669898 0.021881 0.021598
0 0.773164 0.155792 0.042434 0.042229
0 0.957646 0.721505 0.024746 0.025018
0 0.278013 0.894014 0.049264 0.049029
0 0.583956 0.225405 0.022723 0.022732
0 0.701493 0.973726 0.057213 0.052549
0 0.126384 0.896821 0.022415 0.022588
0 0.653018 0.445100 0.025265 0.025253
0 0.284609 0.311088 0.175491 0.178217
0 0.158339 0.979043 0.052570 0.041234
0 0.987576 0.214126 0.024582 0.049559
0 0.035343 0.194204 0.070685 0.085673
0 0.041730 0.497525 0.030434 0.031579
0 0.332441 0.477151 0.198524 0.202833
0 0.260130 0.007916 0.022536 0.015832
0 0.083729 0.237963 0.039152 0.039277
0 0.043352 0.853918 0.032009 0.031989
0 0.063372 0.084173 0.027878 0.027363
0 0.638426 0.954412 0.035917 0.035507
0 0.930205 0.691415 0.028959 0.029572
0 0.472969 0.892834 0.054507 0.054656
0 0.811362 0.732626 0.074329 0.075341
0 0.897267 0.776951 0.041225 0.040959
0 0.250466 0.117882 0.372782 0.235483
0 0.863781 0.873006 0.025223 0.025188
0 0.325345 0.797924 0.020227 0.020769
0 0.852534 0.316534 0.026785 0.027064
0 0.678388 0.903467 0.051585 0.051540
0 0.013365 0.538154 0.025758 0.026631
0 0.959514 0.442176 0.022822 0.022593
0 0.242459 0.928852 0.042630 0.043769
0 0.058000 0.307066 0.024470 0.024811
0 0.088217 0.177039 0.045944 0.045989
0 0.725954 0.284542 0.027855 0.027779
0 0.123412 0.967958 0.029223 0.029702
0 0.974204 0.124849 0.025375 0.025457
0 0.736496 0.188265 0.020137 0.020213
0 0.111886 0.321751 0.066600 0.068188
0 0.741647 0.412412 0.019563 0.019735
0 0.258596 0.991020 0.043676 0.017911
0 0.875423 0.975745 0.020079 0.020107
0 0.305030 0.766930 0.026742 0.026694
0 0.006360 0.983985 0.012621 0.027373
0 0.172927 0.585768 0.039026 0.038615
0 0.920330 0.648986 0.019365 0.019506
0 0.006645 0.382503 0.013289 0.043901
0 0.142533 0.074262 0.019194 0.019418
