0 0.383475 0.485781 0.127114 0.124590
0 0.404461 0.979681 0.055321 0.040637
0 0.155560 0.908979 0.051763 0.048599
0 0.037949 0.752148 0.040309 0.038910
0 0.155506 0.760956 0.033498 0.032531
0 0.688384 0.345927 0.039655 0.039126
0 0.813817 0.064648 0.035375 0.034136
0 0.108707 0.125006 0.217414 0.224388
0 0.665103 0.013519 0.036043 0.027038
0 0.530042 0.487071 0.205974 0.192698
0 0.050158 0.923089 0.100315 0.134412
0 0.661598 0.369538 0.040660 0.039520
0 0.937286 0.762067 0.031003 0.029672
0 0.399097 0.821740 0.026831 0.026175
0 0.254461 0.522293 0.080986 0.078609
0 0.102381 0.851737 0.028533 0.027996
0 0.895035 0.188114 0.060593 0.059591
0 0.964479 0.790150 0.035559 0.035037
0 0.960941 0.316737 0.027244 0.026945
0 0.772123 0.461085 0.149248 0.139356
0 0.837941 0.708346 0.025982 0.025173
0 0.044913 0.462953 0.031166 0.029068
0 0.542616 0.107575 0.026330 0.025843
0 0.801549 0.722672 0.027765 0.026850
0 0.317838 0.202105 0.224337 0.222394
0 0.729314 0.395484 0.025264 0.025418
0 0.102461 0.959516 0.026334 0.025903
0 0.690866 0.215372 0.130487 0.127358
0 0.485777 0.055649 0.023385 0.022936
0 0.983773 0.402316 0.032012 0.043414
0 0.012507 0.636523 0.024927 0.041835
0 0.956595 0.861668 0.023129 0.022365
0 0.277654 0.142001 0.041694 0.041621
0 0.412514 0.541420 0.020779 0.020556
0 0.219616 0.564570 0.090615 0.087590
0 0.262037 0.349926 0.023564 0.023373
0 0.354711 0.210375 0.024655 0.023916
0 0.276691 0.304639 0.021245 0.021587
0 0.307815 0.254756 0.022099 0.021413
0 0.640164 0.035080 0.022552 0.022806
0 0.623966 0.416660 0.039909 0.038834
0 0.626176 0.808897 0.020055 0.020055
0 0.700017 0.665107 0.020326 0.020202
0 0.592757 0.401257 0.032741 0.032394
0 0.026692 0.375957 0.023046 0.022717
0 0.551435 0.674733 0.020720 0.020935
0 0.657793 0.989858 0.044738 0.020272
0 0.962166 0.237724 0.075667 0.208140
0 0.858091 0.045360 0.020983 0.020909
0 0.445237 0.213135 0.043678 0.042940
0 0.365581 0.850466 0.021776 0.020724
0 0.339414 0.078381 0.021111 0.021107
0 0.146393 0.630885 0.028207 0.026887
0 0.809734 0.683725 0.020350 0.020244
0 0.742379 0.028260 0.022113 0.022577
