0 0.357421 0.695258 0.188031 0.187204
0 0.936739 0.283753 0.126523 0.132049
0 0.185262 0.245514 0.070834 0.070285
0 0.576385 0.545949 0.070275 0.071857
0 0.468248 0.084913 0.040085 0.039746
0 0.620701 0.262221 0.030345 0.030490
0 0.454971 0.340714 0.023886 0.024038
0 0.950451 0.813552 0.035477 0.035608
0 0.700736 0.761370 0.036763 0.036186
0 0.249329 0.373416 0.081530 0.081582
0 0.646678 0.945755 0.022253 0.021848
0 0.167778 0.693910 0.115253 0.118053
0 0.110122 0.199495 0.027909 0.027857
0 0.258029 0.513276 0.072443 0.071648
0 0.780107 0.324561 0.024707 0.024760
0 0.855727 0.153056 0.125733 0.126602
0 0.707882 0.475484 0.038947 0.038799
0 0.835131 0.747761 0.049286 0.049605
0 0.514824 0.627170 0.025863 0.026351
0 0.354566 0.114621 0.081385 0.081142
0 0.645412 0.111612 0.025434 0.025434
0 0.976859 0.111257 0.026115 0.026092
0 0.556960 0.176429 0.121222 0.121175
0 0.605269 0.409198 0.032386 0.032326
0 0.278584 0.206682 0.111598 0.109807
0 0.044841 0.832169 0.025112 0.024741
0 0.621293 0.968886 0.024931 0.024838
0 0.207561 0.305372 0.078530 0.078741
0 0.336950 0.172152 0.051538 0.051823
0 0.895728 0.082083 0.032175 0.032872
0 0.760739 0.060565 0.119754 0.117977
0 0.026753 0.884973 0.035095 0.035290
0 0.694617 0.159031 0.044444 0.044008
0 0.235701 0.090532 0.087347 0.088684
0 0.616574 0.077759 0.024894 0.025289
0 0.133860 0.960411 0.027805 0.027716
0 0.730025 0.811288 0.026841 0.027265
0 0.538758 0.319170 0.022566 0.022528
0 0.010995 0.627855 0.021991 0.028847
0 0.713198 0.719052 0.022736 0.022197
0 0.020452 0.595383 0.029593 0.029214
0 0.978273 0.412332 0.021152 0.021005
0 0.087079 0.226870 0.035769 0.036025
0 0.032956 0.810820 0.028587 0.028256
0 0.878176 0.223640 0.026466 0.026411
0 0.576155 0.094009 0.027631 0.027861
0 0.111160 0.039979 0.022138 0.021662
0 0.082440 0.914531 0.032074 0.032350
0 0.305589 0.794752 0.020784 0.020824
0 0.932157 0.164381 0.020450 0.020234
0 0.924719 0.427410 0.023627 0.023507
0 0.741683 0.177004 0.027763 0.028127
0 0.701277 0.237517 0.032613 0.032856
0 0.845926 0.424196 0.049062 0.048787
0 0.926582 0.074338 0.023878 0.023388
0 0.648706 0.368531 0.048603 0.049356
0 0.022953 0.921966 0.021408 0.020867
0 0.866681 0.798548 0.021200 0.021170
0 0.239015 0.566923 0.022804 0.022723
0 0.450238 0.270601 0.039033 0.038834
0 0.282164 0.265454 0.024632 0.024531
0 0.871025 0.320824 0.024284 0.024222
0 0.892407 0.585912 0.020081 0.020130
0 0.219240 0.870161 0.020629 0.020829
0 0.157436 0.606314 0.110466 0.112048
0 0.933971 0.041415 0.018959 0.018721
0 0.884968 0.025937 0.024974 0.024765
0 0.985058 0.897461 0.029885 0.043178
0 0.622389 0.923998 0.246660 0.146732
0 0.377561 0.384917 0.023357 0.023734
0 0.345388 0.436274 0.166974 0.170241
0 0.444091 0.218588 0.019505 0.019606
0 0.290745 0.912207 0.033336 0.033205
0 0.988666 0.167107 0.022668 0.074638
0 0.900648 0.777272 0.020091 0.020267
0 0.065721 0.367751 0.061131 0.062626
0 0.693941 0.083803 0.019102 0.019046
0 0.654632 0.243470 0.019103 0.019517
0 0.638441 0.075378 0.019764 0.019950
0 0.160261 0.045999 0.093659 0.090332
0 0.910156 0.021465 0.023840 0.023989
0 0.990628 0.753445 0.018744 0.027963
0 0.627878 0.875205 0.146748 0.140829
0 0.129974 0.023467 0.025932 0.026546
0 0.011721 0.745395 0.023280 0.069653
0 0.673781 0.583314 0.032207 0.032576
0 0.984118 0.610961 0.030514 0.031227
