0 0.232459 0.586956 0.043677 0.039548
0 0.856786 0.870525 0.053869 0.043299
0 0.643770 0.955991 0.055355 0.045060
0 0.462206 0.630860 0.040905 0.034952
0 0.681994 0.934834 0.043330 0.034521
0 0.430143 0.804159 0.223974 0.173026
0 0.466451 0.773192 0.037191 0.032024
0 0.025047 0.968837 0.050094 0.062326
0 0.476010 0.600905 0.301094 0.261790
0 0.659151 0.874928 0.033448 0.028645
0 0.810984 0.790063 0.036350 0.029679
0 0.377924 0.359910 0.045517 0.040465
0 0.182460 0.742083 0.030136 0.027183
0 0.535145 0.393921 0.059973 0.051309
0 0.456168 0.224785 0.031658 0.030742
0 0.724401 0.587234 0.057811 0.047000
0 0.071430 0.784569 0.039037 0.038534
0 0.045551 0.294176 0.091102 0.101244
