0 0.577458 0.715076 0.049371 0.049947
0 0.639505 0.344552 0.040217 0.040236
0 0.609649 0.180664 0.039138 0.039379
0 0.847932 0.846131 0.070870 0.069079
0 0.668134 0.721006 0.063113 0.062804
0 0.811862 0.709183 0.048735 0.047409
0 0.199642 0.496379 0.029408 0.029591
0 0.197491 0.601552 0.037836 0.037754
0 0.632507 0.277337 0.056019 0.055960
0 0.361615 0.704410 0.048766 0.049219
0 0.988488 0.845508 0.022477 0.062661
0 0.167106 0.626965 0.025447 0.025591
0 0.728978 0.705480 0.044997 0.045366
0 0.970783 0.946632 0.026901 0.026181
0 0.765876 0.245407 0.021939 0.022065
0 0.419632 0.773180 0.024806 0.024568
0 0.126394 0.668913 0.022539 0.022844
0 0.662369 0.702458 0.037682 0.031921
