0 0.930095 0.145840 0.130649 0.128067
0 0.289151 0.079018 0.040544 0.040169
0 0.465591 0.342176 0.024411 0.024221
0 0.255088 0.856314 0.035627 0.035343
0 0.645154 0.614548 0.043144 0.043416
0 0.706989 0.187960 0.122758 0.122481
0 0.573567 0.934516 0.028319 0.028889
0 0.162714 0.040955 0.058556 0.059047
0 0.661007 0.919172 0.025858 0.025698
0 0.663999 0.432889 0.098880 0.099536
0 0.649592 0.860604 0.025012 0.024952
0 0.358025 0.615718 0.024378 0.024447
0 0.931296 0.988436 0.029849 0.023078
0 0.297605 0.355836 0.021782 0.021935
0 0.981880 0.061161 0.036240 0.041578
0 0.900542 0.942474 0.024284 0.024361
0 0.187544 0.012942 0.030662 0.025844
0 0.662572 0.985437 0.024537 0.025125
0 0.045703 0.941657 0.036203 0.035448
0 0.652323 0.036537 0.021273 0.021332
0 0.606588 0.949158 0.021500 0.021659
0 0.664829 0.791236 0.026245 0.026947
0 0.788584 0.061818 0.023385 0.022524
0 0.627840 0.682015 0.086040 0.085424
0 0.778668 0.980375 0.053619 0.039250
0 0.843933 0.231900 0.021605 0.021540
0 0.906039 0.283645 0.023483 0.023129
0 0.411146 0.396437 0.286703 0.272444
0 0.549098 0.494740 0.021018 0.021244
0 0.832160 0.832155 0.053195 0.053615
0 0.930769 0.355273 0.025193 0.025485
0 0.655588 0.096572 0.051162 0.050791
0 0.987534 0.544519 0.024932 0.043892
0 0.762709 0.731455 0.022503 0.023098
0 0.437818 0.698187 0.341770 0.355313
0 0.258134 0.698102 0.044231 0.045116
0 0.609819 0.818326 0.020364 0.020647
0 0.142777 0.115008 0.020209 0.020263
0 0.666767 0.816447 0.019335 0.019698
0 0.651976 0.835585 0.034213 0.033460
0 0.276310 0.312358 0.020910 0.021194
0 0.782965 0.888615 0.017832 0.018315
0 0.913150 0.047064 0.029760 0.029379
0 0.533373 0.538372 0.020782 0.020327
0 0.696439 0.278640 0.070919 0.069895
