0 0.331268 0.855747 0.040386 0.040071
0 0.834971 0.698563 0.049857 0.049658
0 0.419334 0.093570 0.030626 0.030372
0 0.190701 0.214601 0.028523 0.028106
0 0.533705 0.852556 0.026962 0.027626
0 0.410882 0.840415 0.057171 0.057640
0 0.399220 0.895996 0.026152 0.026556
0 0.898575 0.824180 0.025748 0.025505
0 0.450491 0.781544 0.026708 0.026617
0 0.393620 0.053498 0.032955 0.032869
0 0.351615 0.658801 0.024374 0.024110
0 0.880341 0.207882 0.055614 0.054418
0 0.483857 0.895698 0.024911 0.025588
0 0.066382 0.326931 0.022788 0.022716
0 0.521948 0.413215 0.020988 0.020826
0 0.355323 0.983314 0.020522 0.021335
0 0.348264 0.206682 0.020713 0.020812
0 0.696093 0.382426 0.022568 0.022833
0 0.928512 0.259967 0.026354 0.026560
0 0.429650 0.800172 0.033016 0.033120
0 0.027793 0.172355 0.022783 0.022194
0 0.843083 0.509203 0.025143 0.025351
0 0.891421 0.384230 0.022398 0.021947
0 0.636226 0.539125 0.019784 0.019888
0 0.063803 0.453974 0.019922 0.020009
0 0.680429 0.707598 0.022424 0.022361
0 0.118236 0.791032 0.021361 0.021533
0 0.010663 0.522815 0.019000 0.019620
0 0.051136 0.536692 0.018723 0.018564
0 0.860034 0.351736 0.020736 0.021072
0 0.517843 0.898551 0.019691 0.019627
0 0.960481 0.335425 0.020127 0.020282
0 0.147795 0.667518 0.024038 0.023914
0 0.237712 0.916282 0.018415 0.018199
0 0.616086 0.973535 0.021501 0.021042
0 0.605288 0.931858 0.020978 0.020971
0 0.355750 0.821587 0.026056 0.025995
0 0.156583 0.913256 0.021074 0.021349
0 0.335936 0.640425 0.017166 0.017292
0 0.033240 0.708336 0.066192 0.124926
0 0.427178 0.211699 0.020681 0.020634
