0 0.507383 0.568479 0.085684 0.083536
0 0.641107 0.921195 0.030220 0.029020
0 0.374232 0.678878 0.032348 0.031078
0 0.502889 0.829822 0.045194 0.044497
0 0.413044 0.886700 0.025033 0.024496
0 0.441147 0.591176 0.025807 0.025707
0 0.739206 0.974064 0.057113 0.051549
0 0.910564 0.865275 0.028466 0.027908
0 0.625813 0.850752 0.030453 0.029951
0 0.903797 0.623617 0.036526 0.035738
0 0.877139 0.482238 0.086057 0.083946
0 0.495930 0.886970 0.026190 0.025624
0 0.144142 0.074029 0.024057 0.023479
0 0.126651 0.163474 0.032940 0.031546
0 0.051476 0.102791 0.033225 0.032153
0 0.173031 0.890794 0.042074 0.041897
0 0.300438 0.528943 0.028074 0.026591
0 0.032678 0.087592 0.023360 0.023869
0 0.502192 0.621309 0.026914 0.027254
0 0.356721 0.373873 0.039512 0.039204
0 0.953502 0.604662 0.039628 0.037665
0 0.141409 0.898904 0.037180 0.036361
0 0.069019 0.681309 0.021878 0.021861
0 0.897299 0.570500 0.023260 0.022929
0 0.410686 0.817903 0.045663 0.043205
0 0.021341 0.873437 0.040922 0.047987
0 0.258890 0.788590 0.042129 0.041256
0 0.537044 0.784437 0.022093 0.022015
0 0.788383 0.956529 0.024257 0.023574
0 0.827668 0.326910 0.020325 0.020374
0 0.226504 0.798253 0.023188 0.023350
0 0.132624 0.513054 0.075138 0.073626
0 0.458074 0.488302 0.026135 0.025161
0 0.399062 0.813099 0.029600 0.032605
0 0.765613 0.522997 0.048626 0.048765
0 0.113076 0.904842 0.023246 0.021938
0 0.380324 0.951351 0.310371 0.096262
0 0.993287 0.430702 0.012934 0.046525
0 0.769627 0.611936 0.071271 0.070200
0 0.782853 0.204672 0.020437 0.020656
0 0.806749 0.672872 0.035572 0.034426
0 0.458867 0.907837 0.046937 0.047151
0 0.521868 0.745708 0.023839 0.023789
0 0.114188 0.140513 0.022978 0.022859
0 0.468801 0.895678 0.025988 0.025173
0 0.472505 0.621855 0.025478 0.024893
0 0.249427 0.940819 0.022840 0.022976
0 0.582347 0.439767 0.024357 0.023962
0 0.939368 0.991739 0.026975 0.016521
0 0.219991 0.776328 0.024129 0.023877
0 0.137763 0.956072 0.192496 0.086761
0 0.558652 0.775934 0.019244 0.019641
0 0.841646 0.993293 0.024334 0.013415
0 0.077148 0.415593 0.034664 0.033242
0 0.460874 0.350439 0.173879 0.166942
0 0.051673 0.983760 0.023218 0.022956
0 0.463633 0.744356 0.019886 0.020423
0 0.994352 0.176160 0.010949 0.047932
