0 0.322749 0.283870 0.023794 0.023816
0 0.138239 0.974333 0.026997 0.027338
0 0.139260 0.550453 0.044789 0.044226
0 0.379856 0.733350 0.022827 0.022923
0 0.193139 0.734687 0.024593 0.024925
0 0.518233 0.758269 0.181855 0.272573
0 0.522739 0.053454 0.022247 0.022101
0 0.110910 0.429445 0.037529 0.036177
0 0.297756 0.337021 0.021162 0.021339
0 0.494328 0.099691 0.028300 0.028183
0 0.060796 0.325247 0.018380 0.017907
0 0.489366 0.955423 0.156420 0.089064
0 0.120325 0.393392 0.047204 0.046596
0 0.418134 0.489626 0.034646 0.034955
0 0.355249 0.129105 0.018953 0.019247
0 0.421724 0.214183 0.021042 0.021167
0 0.272154 0.806711 0.021947 0.021115
0 0.329316 0.983927 0.052916 0.032145
0 0.226354 0.473461 0.032749 0.033613
0 0.111844 0.229167 0.023468 0.023483
