0 0.977250 0.929441 0.038377 0.038070
0 0.833346 0.766833 0.033463 0.033522
0 0.922361 0.677363 0.059830 0.058586
0 0.687891 0.792198 0.030511 0.030233
0 0.209463 0.873289 0.029781 0.029189
0 0.965779 0.684871 0.040983 0.041282
0 0.917366 0.779598 0.044349 0.043157
0 0.703509 0.854688 0.025207 0.025215
0 0.646408 0.599629 0.025716 0.025590
0 0.118509 0.143913 0.234876 0.287808
0 0.745284 0.391740 0.024269 0.024266
0 0.772416 0.609916 0.031884 0.032751
0 0.930358 0.528636 0.027371 0.027607
0 0.986132 0.846373 0.027736 0.032002
0 0.960518 0.194260 0.021212 0.021019
0 0.479837 0.859751 0.094590 0.089320
0 0.714117 0.028046 0.028700 0.028032
0 0.109694 0.808065 0.056027 0.056648
0 0.009568 0.879871 0.019136 0.029158
0 0.270235 0.444799 0.031938 0.032090
0 0.857537 0.799190 0.040873 0.040607
0 0.279646 0.728268 0.023895 0.024460
