0 0.371572 0.350139 0.035947 0.036000
0 0.022311 0.735466 0.043348 0.043129
0 0.923827 0.961843 0.030293 0.029933
0 0.037159 0.182446 0.031749 0.030966
0 0.287090 0.085774 0.029941 0.029328
0 0.032790 0.813305 0.024128 0.023584
0 0.275990 0.332700 0.043775 0.043532
0 0.069719 0.272151 0.025971 0.025787
0 0.023121 0.300052 0.037375 0.038797
0 0.469929 0.262748 0.036206 0.035721
0 0.654930 0.156235 0.025757 0.025412
0 0.355805 0.225132 0.027605 0.027096
0 0.421231 0.666678 0.025476 0.025457
0 0.108439 0.319203 0.025656 0.025926
0 0.218699 0.055988 0.024388 0.024528
0 0.302402 0.216936 0.022978 0.023063
0 0.306441 0.918849 0.022524 0.022684
0 0.041364 0.343150 0.024730 0.025242
0 0.126378 0.221547 0.029503 0.029002
0 0.147978 0.080529 0.024178 0.024524
0 0.024908 0.610150 0.021599 0.021746
0 0.701635 0.582203 0.022280 0.022507
0 0.461855 0.252284 0.028431 0.028855
