0 0.813770 0.552068 0.025470 0.025604
0 0.902896 0.086435 0.192073 0.172870
0 0.259201 0.299678 0.026493 0.026659
0 0.322118 0.471583 0.029690 0.030032
0 0.621944 0.902207 0.079921 0.079123
0 0.745500 0.373553 0.022815 0.023020
0 0.564825 0.115634 0.304425 0.231268
0 0.151784 0.085466 0.053966 0.053556
0 0.709084 0.368370 0.021556 0.021291
0 0.089599 0.427761 0.051246 0.051327
0 0.635714 0.023293 0.029702 0.029361
0 0.407186 0.131076 0.056485 0.056774
0 0.056619 0.340056 0.084802 0.085419
0 0.445559 0.645018 0.022850 0.023028
0 0.554766 0.038029 0.084517 0.076057
0 0.897925 0.240686 0.113331 0.114757
0 0.168288 0.457894 0.055966 0.056116
0 0.835460 0.662982 0.021753 0.021774
0 0.882989 0.512901 0.065469 0.066631
0 0.030018 0.258220 0.041862 0.042314
0 0.460881 0.489277 0.023582 0.023860
0 0.233894 0.026394 0.064553 0.052789
0 0.782390 0.087286 0.074382 0.074543
0 0.459854 0.194112 0.023832 0.023425
0 0.520333 0.473787 0.044054 0.044253
0 0.806826 0.369378 0.047052 0.047491
0 0.337992 0.740593 0.020507 0.020473
0 0.094168 0.090658 0.022013 0.021800
0 0.563788 0.242697 0.036220 0.035608
0 0.020872 0.637268 0.041725 0.065521
0 0.382344 0.416537 0.021091 0.021164
0 0.251334 0.530468 0.063543 0.063491
0 0.337706 0.720380 0.020003 0.020061
0 0.923034 0.447939 0.021584 0.021214
0 0.244264 0.077068 0.031011 0.030381
0 0.591340 0.595631 0.041043 0.040680
0 0.462246 0.901727 0.020914 0.021591
0 0.014324 0.686501 0.021454 0.021326
0 0.625820 0.405681 0.019706 0.018965
0 0.390330 0.276309 0.018020 0.017944
0 0.156974 0.852493 0.024447 0.024300
0 0.542520 0.864547 0.020329 0.020368
0 0.900350 0.631845 0.019575 0.019466
0 0.243164 0.441828 0.019942 0.020150
0 0.387998 0.928177 0.202772 0.143645
0 0.136532 0.006068 0.024767 0.012136
0 0.589865 0.465323 0.019451 0.019436
0 0.038653 0.052725 0.076867 0.103548
0 0.466678 0.334781 0.018551 0.018674
0 0.686148 0.959049 0.099183 0.081806
0 0.246480 0.125702 0.020168 0.019963
0 0.524664 0.591073 0.019331 0.019819
0 0.495967 0.366521 0.019165 0.018829
0 0.020273 0.607554 0.031046 0.027546
0 0.551148 0.323570 0.022837 0.022815
0 0.255214 0.389258 0.134390 0.133305
0 0.030213 0.560668 0.019524 0.019268
0 0.158796 0.928206 0.021353 0.021221
0 0.557168 0.938030 0.148260 0.122628
