0 0.919466 0.513259 0.031059 0.031018
0 0.580113 0.618798 0.025971 0.026075
0 0.822855 0.517549 0.025728 0.025729
0 0.647914 0.897983 0.024607 0.024775
0 0.293104 0.293406 0.048417 0.048468
0 0.716904 0.740099 0.040483 0.040322
0 0.533776 0.818984 0.119701 0.118684
0 0.527725 0.459308 0.061470 0.061341
0 0.679906 0.656690 0.052256 0.052601
0 0.351850 0.333866 0.030918 0.031415
0 0.055621 0.643043 0.052875 0.053879
0 0.800772 0.595469 0.072115 0.071328
0 0.368586 0.413287 0.038262 0.038504
0 0.734490 0.580125 0.029928 0.030350
0 0.813890 0.726655 0.032296 0.032898
0 0.626439 0.987846 0.032382 0.024230
0 0.953637 0.986578 0.026408 0.025840
0 0.842057 0.849381 0.240491 0.244886
0 0.692880 0.831391 0.040353 0.039661
0 0.701607 0.797281 0.053348 0.054393
0 0.289765 0.413599 0.027199 0.027409
0 0.191976 0.746281 0.029372 0.029010
0 0.049136 0.571635 0.036878 0.036762
0 0.114180 0.923543 0.035222 0.035672
0 0.819348 0.630955 0.052782 0.053570
0 0.622303 0.802836 0.027160 0.027098
0 0.840151 0.552896 0.025275 0.025496
0 0.223070 0.791371 0.028355 0.028891
0 0.165527 0.718222 0.053402 0.052571
0 0.496712 0.716638 0.123026 0.121060
0 0.113812 0.664971 0.038822 0.038361
0 0.749635 0.966233 0.033185 0.033311
0 0.571309 0.440065 0.057656 0.057637
0 0.918046 0.725879 0.030144 0.030269
0 0.065852 0.491300 0.025626 0.025728
0 0.005901 0.804398 0.011802 0.035554
0 0.173181 0.755831 0.022819 0.023005
0 0.227974 0.565632 0.041417 0.041119
0 0.525355 0.217048 0.042994 0.043377
0 0.232173 0.852901 0.019484 0.019740
0 0.199754 0.682399 0.049150 0.048960
0 0.329817 0.816329 0.020510 0.020556
0 0.937782 0.731223 0.019721 0.019971
0 0.347748 0.968070 0.020191 0.019912
0 0.567495 0.483496 0.020702 0.020964
0 0.860726 0.162765 0.050071 0.051110
0 0.625225 0.436282 0.020862 0.021042
0 0.254217 0.622747 0.023150 0.023576
0 0.950881 0.107005 0.020494 0.020620
0 0.090433 0.590665 0.032637 0.030888
0 0.651152 0.586681 0.028235 0.028985
0 0.831482 0.174851 0.029934 0.029926
0 0.598905 0.807044 0.022089 0.022323
0 0.673456 0.221180 0.031352 0.030260
0 0.028792 0.539674 0.035379 0.035793
0 0.334406 0.414606 0.024858 0.024888
0 0.494134 0.444000 0.020694 0.020092
0 0.546630 0.964088 0.106113 0.071386
0 0.011221 0.519571 0.021782 0.034050
0 0.828125 0.278019 0.023638 0.023785
0 0.575808 0.204880 0.504432 0.409760
0 0.937157 0.010866 0.029202 0.021732
0 0.219571 0.781639 0.024444 0.023647
0 0.162162 0.990819 0.020158 0.016744
0 0.987232 0.043270 0.025535 0.035853
0 0.887115 0.648096 0.019148 0.019393
0 0.658572 0.828125 0.026433 0.027302
0 0.137279 0.687068 0.031525 0.030629
0 0.870291 0.977144 0.097908 0.045263
0 0.460440 0.712218 0.079160 0.079173
0 0.356761 0.460152 0.028271 0.028929
0 0.953811 0.026442 0.021343 0.021390
0 0.873776 0.575327 0.021504 0.021697
0 0.210619 0.293517 0.109646 0.110350
0 0.376500 0.746373 0.043241 0.043708
0 0.138576 0.691589 0.045523 0.044393
0 0.296595 0.058663 0.022557 0.022688
0 0.928962 0.382357 0.049534 0.050570
0 0.334316 0.902307 0.212796 0.192549
0 0.386584 0.329202 0.026168 0.026097
0 0.296072 0.231993 0.095608 0.092861
0 0.210024 0.406274 0.025394 0.025967
0 0.632809 0.824940 0.023945 0.024376
0 0.575215 0.178205 0.022259 0.023008
0 0.796430 0.338504 0.023086 0.023159
