0 0.426205 0.807400 0.039900 0.040049
0 0.561773 0.577711 0.064063 0.064789
0 0.241078 0.210165 0.077881 0.076970
0 0.219730 0.417007 0.030010 0.029336
0 0.217748 0.270236 0.050900 0.050283
0 0.176303 0.556357 0.035560 0.035014
0 0.409931 0.913287 0.030180 0.030293
0 0.628261 0.162489 0.033092 0.033562
0 0.146580 0.146668 0.073177 0.071641
0 0.182835 0.301051 0.039309 0.039308
0 0.328099 0.271965 0.033801 0.033539
0 0.950189 0.794734 0.025407 0.025392
0 0.472149 0.336660 0.028858 0.029206
0 0.215177 0.351174 0.029586 0.029191
0 0.165859 0.675312 0.028661 0.028636
0 0.624935 0.312330 0.030613 0.030583
0 0.038166 0.346611 0.031294 0.031076
0 0.796846 0.323641 0.023337 0.023082
0 0.469233 0.190166 0.032879 0.032750
0 0.143510 0.467126 0.034047 0.033664
0 0.570106 0.716179 0.036421 0.035344
0 0.479238 0.449377 0.025834 0.025599
0 0.208944 0.521865 0.022869 0.022965
0 0.297124 0.150163 0.023165 0.023453
0 0.345967 0.635706 0.025016 0.025113
0 0.868272 0.790990 0.023330 0.023804
0 0.094250 0.432565 0.022053 0.021965
0 0.095563 0.217078 0.026618 0.026770
0 0.608564 0.297352 0.030856 0.030923
0 0.897388 0.855532 0.024193 0.023939
0 0.055416 0.503948 0.021526 0.021682
0 0.667298 0.934770 0.028032 0.028328
0 0.951232 0.495322 0.022060 0.022745
0 0.985626 0.468456 0.022654 0.022146
0 0.763445 0.131778 0.023555 0.023402
0 0.242482 0.979041 0.019495 0.019251
0 0.053589 0.414078 0.019823 0.020012
0 0.828053 0.233806 0.020656 0.020921
0 0.246731 0.724928 0.023456 0.023331
0 0.011990 0.470350 0.022446 0.024148
0 0.945286 0.539274 0.026778 0.026086
0 0.200202 0.905460 0.020059 0.020123
0 0.288788 0.571260 0.021054 0.021164
0 0.939988 0.608205 0.020483 0.020590
0 0.079031 0.765989 0.026637 0.026680
0 0.041297 0.298429 0.023766 0.023715
0 0.824662 0.481356 0.023739 0.023681
0 0.609734 0.649724 0.020206 0.020036
