0 0.399082 0.701861 0.177855 0.171132
0 0.145894 0.122017 0.040725 0.040423
0 0.696728 0.183047 0.058847 0.058187
0 0.322250 0.581271 0.081023 0.078860
0 0.971179 0.658668 0.032880 0.031574
0 0.231572 0.413318 0.045239 0.045203
0 0.546855 0.508515 0.031649 0.031918
0 0.009222 0.413884 0.018444 0.036054
0 0.045331 0.189336 0.024915 0.024645
0 0.159730 0.014658 0.034005 0.029315
0 0.303600 0.958085 0.046730 0.045920
0 0.935861 0.401459 0.032998 0.032581
0 0.476718 0.528841 0.058992 0.057212
0 0.009512 0.162871 0.019023 0.038142
0 0.495288 0.134186 0.029914 0.029724
0 0.968058 0.082096 0.030604 0.030803
0 0.778100 0.574118 0.034111 0.033856
0 0.785275 0.273315 0.033546 0.033752
0 0.755660 0.501398 0.029420 0.029427
0 0.772707 0.221115 0.027375 0.027480
0 0.272109 0.388340 0.030458 0.029474
0 0.104352 0.396167 0.031830 0.030988
0 0.261322 0.430833 0.030184 0.028763
0 0.020157 0.232386 0.037445 0.038017
0 0.319205 0.342812 0.026181 0.025872
0 0.736949 0.342846 0.024799 0.024506
0 0.535458 0.246599 0.024972 0.025000
0 0.010977 0.930179 0.021954 0.031615
0 0.162594 0.824987 0.032362 0.032323
0 0.106980 0.435162 0.024780 0.024967
0 0.713705 0.582141 0.026009 0.026234
0 0.124105 0.676107 0.038027 0.036017
0 0.188039 0.132699 0.024771 0.024865
0 0.916907 0.593370 0.026501 0.026454
0 0.811280 0.274701 0.025589 0.026853
0 0.330996 0.322685 0.025543 0.025649
0 0.154576 0.333699 0.022922 0.022991
0 0.593286 0.167652 0.025691 0.025247
0 0.084635 0.933712 0.032182 0.032269
0 0.579349 0.785228 0.021682 0.022192
0 0.856335 0.370929 0.023553 0.023617
0 0.017158 0.253464 0.021831 0.021586
0 0.989040 0.946205 0.020846 0.022405
0 0.968036 0.556235 0.022562 0.022723
0 0.242972 0.949287 0.023855 0.023115
0 0.570162 0.543389 0.022431 0.022889
0 0.385899 0.976402 0.024099 0.023723
0 0.965894 0.009432 0.040431 0.018822
0 0.839076 0.357130 0.020918 0.020999
0 0.478174 0.573951 0.031402 0.031133
0 0.443780 0.271995 0.022418 0.022329
0 0.724577 0.669878 0.023035 0.023227
0 0.545059 0.533497 0.022526 0.022712
0 0.185541 0.313649 0.021145 0.021644
0 0.820159 0.901453 0.022075 0.022015
0 0.652174 0.334340 0.019832 0.020004
0 0.677244 0.308347 0.039413 0.037359
0 0.684385 0.287722 0.022385 0.020953
0 0.640903 0.113143 0.019980 0.019655
0 0.421221 0.564243 0.023168 0.022914
0 0.794353 0.477350 0.023470 0.023844
0 0.990191 0.529594 0.019618 0.027526
0 0.314194 0.992409 0.021538 0.015183
0 0.005989 0.011018 0.011978 0.019942
0 0.323221 0.154417 0.020147 0.020204
0 0.759431 0.245577 0.030088 0.029655
