0 0.828839 0.429040 0.304103 0.319832
0 0.564931 0.063047 0.026846 0.026616
0 0.285634 0.920455 0.027899 0.027592
0 0.611386 0.717630 0.072340 0.072518
0 0.683043 0.228554 0.025640 0.025519
0 0.309378 0.806671 0.037636 0.037200
0 0.505485 0.676109 0.060142 0.060189
0 0.689696 0.184157 0.027068 0.027089
0 0.712408 0.843328 0.263446 0.267148
0 0.112213 0.115610 0.033444 0.033240
0 0.461945 0.246629 0.059064 0.058548
0 0.178254 0.867969 0.037428 0.038047
0 0.445249 0.116799 0.055692 0.055098
0 0.656095 0.814855 0.024867 0.024947
0 0.102910 0.623649 0.022636 0.022390
0 0.457220 0.766628 0.034990 0.035189
0 0.698334 0.092528 0.031396 0.030955
0 0.138032 0.873977 0.034571 0.034369
0 0.282348 0.738204 0.045842 0.044795
0 0.245872 0.768285 0.042329 0.041995
0 0.344455 0.889301 0.036869 0.036891
0 0.504340 0.214720 0.046026 0.047517
0 0.580321 0.257571 0.030741 0.030885
0 0.012506 0.492779 0.025011 0.035499
0 0.429581 0.406304 0.034696 0.035005
0 0.955122 0.720374 0.089756 0.107993
0 0.091455 0.439728 0.025005 0.024912
0 0.479673 0.498114 0.032691 0.033521
0 0.512987 0.281519 0.034303 0.034727
0 0.055729 0.791731 0.053294 0.054568
0 0.460279 0.171013 0.025538 0.025672
0 0.059700 0.104720 0.019981 0.019897
0 0.608250 0.202618 0.054973 0.056548
0 0.023121 0.790931 0.026826 0.027589
0 0.051654 0.991123 0.019570 0.017754
0 0.935228 0.658626 0.078850 0.081549
0 0.232551 0.021873 0.094593 0.043680
0 0.109821 0.286373 0.019789 0.020240
0 0.586420 0.487219 0.038760 0.038417
0 0.011330 0.987858 0.022659 0.023724
0 0.607008 0.092098 0.029315 0.029777
0 0.018876 0.650599 0.037598 0.048821
0 0.388112 0.008244 0.026909 0.016359
0 0.732971 0.652435 0.086397 0.085563
0 0.566555 0.218239 0.046963 0.047438
0 0.209110 0.581672 0.035989 0.036152
0 0.799395 0.695758 0.083593 0.084029
0 0.465616 0.981841 0.054380 0.036148
0 0.957133 0.589806 0.085735 0.100336
0 0.338583 0.453838 0.019309 0.019348
0 0.328940 0.286054 0.025166 0.025266
0 0.019622 0.303464 0.038978 0.065862
0 0.560518 0.553039 0.024768 0.024155
0 0.195297 0.608335 0.019629 0.019709
0 0.412340 0.239857 0.038172 0.038142
0 0.025541 0.728408 0.017540 0.017299
0 0.844421 0.746514 0.048864 0.049930
0 0.131644 0.049544 0.127843 0.099089
0 0.534077 0.024581 0.037705 0.037267
0 0.355742 0.433501 0.031032 0.030020
0 0.554423 0.103324 0.027209 0.026762
0 0.652118 0.614118 0.028358 0.028805
0 0.523173 0.720000 0.017751 0.017695
0 0.037104 0.044850 0.071458 0.088110
0 0.705183 0.547500 0.056132 0.055479
0 0.540380 0.569910 0.031001 0.031572
0 0.437191 0.325204 0.020994 0.020696
0 0.008245 0.741019 0.015920 0.046967
0 0.592717 0.590705 0.028938 0.029370
0 0.714061 0.744057 0.075919 0.077316
0 0.320497 0.221519 0.019355 0.019362
0 0.524599 0.640124 0.017158 0.017471
0 0.137769 0.138028 0.016872 0.016947
0 0.113360 0.654484 0.031752 0.032073
0 0.778629 0.727582 0.056617 0.056271
0 0.503847 0.865587 0.048172 0.047167
