0 0.528136 0.627451 0.118966 0.116629
0 0.818164 0.229790 0.052604 0.049858
0 0.653273 0.396932 0.050050 0.046630
0 0.595834 0.545214 0.043596 0.043210
0 0.310377 0.636494 0.047060 0.046378
0 0.967165 0.425281 0.046885 0.044035
0 0.909023 0.501448 0.047733 0.044452
0 0.071271 0.415712 0.044988 0.045472
0 0.463760 0.178672 0.032266 0.032006
0 0.989232 0.165578 0.021341 0.031292
0 0.753587 0.247410 0.031025 0.030850
0 0.734285 0.398174 0.031364 0.029941
0 0.168218 0.302471 0.025544 0.025557
0 0.498944 0.931028 0.024302 0.023820
0 0.026657 0.387177 0.053314 0.096170
0 0.022341 0.644972 0.040187 0.039568
0 0.677518 0.311610 0.036000 0.036144
0 0.123882 0.610193 0.025007 0.025040
0 0.609269 0.385005 0.038334 0.037764
0 0.094514 0.651546 0.023372 0.022825
0 0.168032 0.514309 0.025954 0.025427
0 0.166490 0.601297 0.045585 0.045582
0 0.551468 0.319450 0.023422 0.022620
0 0.761931 0.723304 0.046006 0.044370
0 0.227393 0.985726 0.028259 0.027119
0 0.195652 0.636678 0.050217 0.048969
0 0.119391 0.774682 0.025938 0.025649
0 0.064640 0.600683 0.080830 0.079101
0 0.724340 0.048454 0.035573 0.036038
0 0.411324 0.482847 0.028126 0.027926
0 0.908556 0.101739 0.032635 0.031441
0 0.047645 0.788324 0.025645 0.025398
0 0.978069 0.580527 0.031640 0.031063
0 0.984442 0.008884 0.031116 0.017111
0 0.840744 0.937683 0.023885 0.023298
0 0.971416 0.737666 0.028765 0.028481
0 0.774444 0.965753 0.022938 0.023607
0 0.779338 0.905601 0.027657 0.027767
0 0.755510 0.216548 0.023653 0.022936
0 0.613628 0.283537 0.071414 0.068813
0 0.749534 0.822299 0.047352 0.046018
0 0.342563 0.426193 0.077384 0.074580
