0 0.618477 0.579830 0.058093 0.057382
0 0.319707 0.110183 0.051044 0.051212
0 0.813489 0.646642 0.027968 0.027812
0 0.094300 0.949433 0.023921 0.023962
0 0.187178 0.951663 0.029695 0.029497
0 0.340329 0.477148 0.040931 0.041058
0 0.622326 0.642572 0.024137 0.023891
0 0.575082 0.849755 0.035704 0.036019
0 0.041578 0.391549 0.081364 0.119892
0 0.972011 0.937712 0.035388 0.034679
0 0.912226 0.347982 0.030960 0.030464
0 0.621238 0.669664 0.025340 0.025496
0 0.491815 0.725643 0.029909 0.029483
0 0.444324 0.473666 0.023079 0.023147
0 0.965143 0.588557 0.025428 0.025481
0 0.303551 0.934621 0.024050 0.024096
0 0.791113 0.795021 0.058648 0.057929
0 0.659390 0.556713 0.025597 0.026003
0 0.851361 0.912568 0.089534 0.087851
0 0.741627 0.836274 0.040524 0.041535
0 0.944362 0.013713 0.024958 0.024686
0 0.676686 0.806705 0.048122 0.048114
0 0.045273 0.693634 0.046518 0.046525
0 0.304706 0.213193 0.022160 0.022104
0 0.569577 0.634065 0.019697 0.019402
0 0.267826 0.992600 0.025420 0.014801
0 0.737394 0.774281 0.021587 0.021748
0 0.396969 0.068764 0.082871 0.081947
0 0.016567 0.890494 0.033134 0.049577
0 0.951756 0.980481 0.021794 0.022124
0 0.219121 0.702489 0.030327 0.029729
