0 0.160289 0.167529 0.054146 0.053110
0 0.840894 0.686128 0.027208 0.026819
0 0.768510 0.775763 0.033128 0.032933
0 0.720428 0.875992 0.033257 0.033025
0 0.097442 0.539557 0.037264 0.036875
0 0.623265 0.925333 0.027809 0.027247
0 0.727937 0.978886 0.027896 0.026879
0 0.935757 0.016339 0.042142 0.032678
0 0.673042 0.696064 0.032319 0.031829
0 0.780543 0.856642 0.024308 0.024521
0 0.140527 0.549801 0.038725 0.037710
0 0.032726 0.349982 0.059765 0.056755
0 0.497335 0.564930 0.023437 0.023319
0 0.671296 0.615363 0.031839 0.032314
0 0.653392 0.881196 0.030765 0.030465
0 0.030849 0.428076 0.030636 0.030405
0 0.938898 0.520495 0.028780 0.028029
0 0.028220 0.158249 0.030328 0.029602
0 0.423480 0.176759 0.029977 0.029618
0 0.428503 0.980112 0.021594 0.021600
0 0.311369 0.765480 0.026038 0.025621
0 0.305163 0.947095 0.020533 0.020268
0 0.983146 0.959716 0.020444 0.020024
