0 0.929565 0.766180 0.059507 0.059094
0 0.935747 0.316967 0.041776 0.041028
0 0.462395 0.717809 0.041627 0.040844
0 0.104551 0.296926 0.068050 0.067488
0 0.911802 0.395245 0.031912 0.031687
0 0.066796 0.929690 0.065723 0.064252
0 0.677077 0.122402 0.347967 0.244803
0 0.875408 0.644435 0.053665 0.051744
0 0.241660 0.555079 0.052868 0.051549
0 0.939870 0.167609 0.029707 0.029860
0 0.645158 0.507937 0.032233 0.031445
0 0.842855 0.852442 0.029683 0.029470
0 0.135755 0.377926 0.045276 0.045011
0 0.891372 0.072835 0.054515 0.052261
0 0.182443 0.801432 0.056359 0.055061
0 0.052704 0.223191 0.034903 0.034339
0 0.855343 0.596610 0.035196 0.034118
0 0.608436 0.301180 0.221600 0.192837
0 0.470735 0.796033 0.041220 0.040535
0 0.118076 0.735811 0.036642 0.035943
0 0.531617 0.757583 0.025409 0.025161
0 0.989866 0.532548 0.020267 0.029178
0 0.113950 0.491877 0.028468 0.028524
0 0.848745 0.468008 0.045793 0.043622
0 0.062878 0.177028 0.032681 0.032151
0 0.309143 0.450227 0.032863 0.032577
0 0.310973 0.660606 0.041349 0.039706
0 0.580687 0.474001 0.026445 0.026007
0 0.491928 0.819501 0.029129 0.029331
0 0.800325 0.409586 0.025487 0.025062
0 0.892195 0.320666 0.026124 0.025741
0 0.517244 0.215130 0.148115 0.151159
0 0.122462 0.346479 0.029391 0.028769
0 0.989770 0.581821 0.020460 0.037611
0 0.316367 0.824680 0.029795 0.029426
0 0.898472 0.683477 0.027756 0.027658
0 0.218521 0.932458 0.029876 0.028814
0 0.844100 0.544092 0.057322 0.057050
0 0.450690 0.763623 0.035858 0.034997
0 0.569019 0.451947 0.022520 0.022556
0 0.039665 0.135058 0.057597 0.055219
0 0.186776 0.503071 0.029135 0.028720
0 0.980086 0.651470 0.020313 0.020590
0 0.052282 0.759263 0.034434 0.034970
0 0.551228 0.634446 0.030397 0.029927
0 0.376337 0.546124 0.029346 0.028693
0 0.228501 0.660398 0.028585 0.027886
0 0.676445 0.812537 0.116355 0.112068
0 0.145521 0.513506 0.025773 0.025820
0 0.900766 0.228929 0.022630 0.022242
0 0.543749 0.965068 0.023950 0.023815
0 0.665074 0.994160 0.034167 0.011680
0 0.394446 0.213310 0.024945 0.025072
0 0.546651 0.793941 0.047077 0.047232
0 0.289539 0.910089 0.036861 0.035922
0 0.338694 0.043643 0.029536 0.029376
0 0.817859 0.983270 0.026424 0.026412
0 0.864268 0.983020 0.039601 0.033546
0 0.962194 0.551035 0.052643 0.050758
0 0.065977 0.491279 0.030829 0.030144
0 0.006427 0.915807 0.012854 0.044302
0 0.184439 0.701913 0.039632 0.039319
0 0.946293 0.593086 0.054474 0.052817
0 0.613640 0.611710 0.031492 0.031031
0 0.099684 0.383628 0.031113 0.032196
0 0.024446 0.853264 0.022364 0.021946
0 0.435406 0.359425 0.026010 0.025541
0 0.311164 0.575156 0.026505 0.026041
0 0.374538 0.798479 0.036276 0.036374
0 0.896429 0.611004 0.029420 0.028589
0 0.276344 0.584995 0.026213 0.026452
0 0.184872 0.456639 0.027316 0.027989
0 0.417364 0.724835 0.024610 0.024546
0 0.959155 0.048364 0.026941 0.026296
0 0.337798 0.788505 0.029696 0.028412
0 0.565803 0.772201 0.028436 0.027919
0 0.016845 0.773502 0.033464 0.036116
0 0.688763 0.496806 0.027236 0.026833
0 0.561539 0.982057 0.021504 0.021739
0 0.407487 0.991119 0.022220 0.017763
0 0.598099 0.213571 0.029123 0.028677
0 0.597654 0.837351 0.023053 0.023040
0 0.062053 0.978488 0.053389 0.042196
0 0.737303 0.878515 0.064458 0.064342
0 0.162086 0.668500 0.038220 0.036167
0 0.059305 0.844669 0.044223 0.041426
0 0.275160 0.965518 0.033527 0.032283
0 0.875394 0.437346 0.020493 0.020424
0 0.049471 0.854096 0.021324 0.021001
0 0.930650 0.911406 0.022711 0.023510
0 0.960577 0.109144 0.025037 0.025469
0 0.194834 0.608717 0.042373 0.041364
0 0.297900 0.882450 0.027312 0.027903
