0 0.267023 0.842252 0.328063 0.315496
0 0.745634 0.283345 0.039277 0.039445
0 0.425585 0.107210 0.030338 0.030315
0 0.026284 0.656088 0.045112 0.045041
0 0.432342 0.661585 0.034486 0.034585
0 0.735119 0.946280 0.024534 0.024137
0 0.767236 0.811733 0.045942 0.045538
0 0.948542 0.141105 0.045139 0.045081
0 0.429691 0.041347 0.025335 0.024865
0 0.403781 0.070329 0.026829 0.026787
0 0.218169 0.056708 0.028049 0.027942
0 0.631660 0.033642 0.024763 0.024833
0 0.396701 0.011686 0.026506 0.023372
0 0.647885 0.158006 0.024333 0.024244
0 0.944423 0.474216 0.052056 0.052049
0 0.764067 0.317573 0.037584 0.037596
0 0.509361 0.746104 0.027319 0.027438
0 0.697404 0.496654 0.025840 0.025598
0 0.256556 0.179466 0.032906 0.032443
0 0.378655 0.570198 0.022396 0.022181
0 0.095337 0.672350 0.025857 0.026094
0 0.651301 0.242135 0.021125 0.021378
0 0.321712 0.708183 0.038732 0.037946
0 0.349650 0.039788 0.024951 0.023798
0 0.936581 0.299776 0.022027 0.022000
0 0.371356 0.696298 0.024125 0.023915
0 0.529358 0.011876 0.027203 0.023753
0 0.175613 0.231516 0.032178 0.032535
0 0.876050 0.235013 0.034001 0.033865
0 0.223700 0.217692 0.031361 0.031235
0 0.744820 0.124619 0.033990 0.033320
0 0.612940 0.017546 0.047959 0.035091
0 0.652682 0.057440 0.155138 0.114880
