0 0.804375 0.359901 0.067891 0.065429
0 0.880527 0.121832 0.028312 0.028049
0 0.723381 0.169751 0.031353 0.030791
0 0.753166 0.232270 0.027704 0.027462
0 0.779629 0.207075 0.026479 0.026124
0 0.813213 0.306080 0.028549 0.028392
0 0.795247 0.224513 0.026111 0.025779
0 0.951508 0.251201 0.031593 0.030773
0 0.268911 0.050969 0.029161 0.027811
0 0.214054 0.237044 0.033778 0.033338
0 0.931565 0.217647 0.022870 0.022933
0 0.718204 0.055641 0.022259 0.022722
0 0.692144 0.261858 0.022476 0.022591
0 0.613024 0.579323 0.034307 0.033462
0 0.829535 0.424738 0.026965 0.026829
0 0.483588 0.727216 0.039192 0.036615
0 0.731591 0.205427 0.020667 0.020387
0 0.818241 0.516092 0.022717 0.022863
0 0.736435 0.279830 0.021883 0.021857
0 0.653653 0.267390 0.021678 0.021770
0 0.840608 0.396894 0.038965 0.036905
0 0.491545 0.645981 0.025899 0.025303
0 0.615829 0.658893 0.035093 0.034004
0 0.371650 0.368589 0.022149 0.021750
0 0.140125 0.495778 0.031186 0.030594
0 0.552357 0.234777 0.022343 0.021712
0 0.452413 0.901828 0.037866 0.034832
0 0.769767 0.592796 0.021740 0.022133
0 0.821037 0.586974 0.034301 0.034298
0 0.992291 0.798999 0.015418 0.021211
0 0.416592 0.589175 0.022888 0.022348
0 0.047486 0.074652 0.020765 0.020448
0 0.094735 0.201512 0.021766 0.021519
0 0.551211 0.905022 0.030183 0.029511
0 0.416278 0.007572 0.030877 0.014629
0 0.724120 0.586441 0.024871 0.024843
