0 0.084718 0.419452 0.048212 0.048046
0 0.539537 0.567103 0.033838 0.034306
0 0.113332 0.030127 0.040692 0.039877
0 0.843256 0.930546 0.045414 0.045475
0 0.309280 0.229023 0.048690 0.048331
0 0.137117 0.462478 0.035571 0.035528
0 0.400584 0.275138 0.033347 0.032925
0 0.358350 0.246846 0.049790 0.048636
0 0.799276 0.016835 0.031296 0.031188
0 0.191519 0.117658 0.033580 0.033473
0 0.183800 0.414933 0.028439 0.028431
0 0.354453 0.200563 0.037412 0.037309
0 0.009488 0.099252 0.018976 0.036477
0 0.060969 0.881392 0.030603 0.030468
0 0.542062 0.747673 0.043512 0.043904
0 0.741853 0.046208 0.027887 0.027684
0 0.611662 0.656619 0.033998 0.033906
0 0.617887 0.726201 0.036002 0.036380
0 0.128879 0.082404 0.028530 0.028056
0 0.883073 0.271271 0.031697 0.032031
0 0.785470 0.221368 0.026740 0.027455
0 0.139372 0.647638 0.022854 0.023099
0 0.424851 0.072419 0.030497 0.030072
0 0.660833 0.513710 0.033008 0.032928
0 0.022330 0.797408 0.023938 0.024211
0 0.807010 0.803386 0.032751 0.033127
0 0.629640 0.576410 0.029984 0.029560
0 0.646084 0.466521 0.029164 0.029202
0 0.555184 0.683114 0.030970 0.032166
0 0.132986 0.154161 0.033675 0.033189
0 0.794947 0.282747 0.024920 0.024873
0 0.306305 0.059925 0.028470 0.028188
0 0.211763 0.187586 0.027618 0.027863
0 0.015506 0.173564 0.031013 0.056506
0 0.522693 0.861272 0.028182 0.028443
0 0.245049 0.847344 0.030644 0.029955
0 0.609683 0.543906 0.026499 0.026397
0 0.543154 0.776776 0.028419 0.028230
0 0.610593 0.791886 0.028225 0.027832
0 0.681300 0.613313 0.028118 0.028290
0 0.722389 0.841492 0.030706 0.031237
0 0.288334 0.007691 0.042206 0.015373
0 0.786924 0.539166 0.026554 0.026522
0 0.097922 0.135044 0.024104 0.023977
0 0.438643 0.128170 0.024416 0.024553
0 0.576094 0.832047 0.029732 0.029513
0 0.423589 0.764136 0.025477 0.025811
0 0.472683 0.289120 0.022845 0.023131
0 0.468816 0.194527 0.022077 0.022009
0 0.025240 0.218906 0.024901 0.025309
0 0.506885 0.823680 0.021732 0.021660
0 0.318234 0.584672 0.022394 0.022763
0 0.032019 0.721489 0.020732 0.020598
0 0.730128 0.479654 0.024754 0.024874
0 0.036348 0.896073 0.022517 0.020931
0 0.986067 0.947449 0.023435 0.022708
0 0.115969 0.853209 0.061481 0.061161
0 0.219889 0.642901 0.044432 0.044900
0 0.584130 0.360341 0.041007 0.041910
0 0.878659 0.881101 0.023358 0.023527
0 0.267556 0.200497 0.021133 0.021539
0 0.391864 0.008624 0.020967 0.016837
0 0.601221 0.816214 0.023497 0.023729
0 0.163233 0.871630 0.022734 0.023029
0 0.211592 0.860402 0.023465 0.023566
0 0.659070 0.560900 0.023543 0.023723
0 0.930473 0.062833 0.023564 0.023381
0 0.503664 0.714976 0.021241 0.021248
0 0.211519 0.248683 0.022074 0.023027
0 0.972006 0.841966 0.022884 0.022614
0 0.606534 0.568130 0.022043 0.022373
0 0.087308 0.989569 0.022053 0.020863
0 0.486889 0.930734 0.021330 0.021489
0 0.543589 0.942705 0.021420 0.021214
0 0.853698 0.893883 0.024371 0.024691
0 0.898000 0.431956 0.022393 0.022511
0 0.564654 0.808292 0.022430 0.022544
0 0.370433 0.123333 0.019618 0.019836
0 0.044814 0.980329 0.022997 0.022685
