0 0.309044 0.648265 0.036058 0.035995
0 0.203283 0.676639 0.035040 0.034708
0 0.496772 0.870761 0.027240 0.027461
0 0.081287 0.153807 0.047463 0.046271
0 0.160919 0.292126 0.128258 0.129606
0 0.727681 0.280428 0.023572 0.023499
0 0.915163 0.491855 0.042449 0.042163
0 0.091396 0.648547 0.025162 0.024944
0 0.625074 0.712282 0.115996 0.116385
0 0.723030 0.310437 0.030776 0.030163
0 0.307670 0.563146 0.074316 0.072048
0 0.898093 0.523141 0.028710 0.028627
0 0.571414 0.451629 0.072264 0.072489
0 0.617754 0.626704 0.097859 0.098492
0 0.552336 0.905668 0.034868 0.034846
0 0.391997 0.270338 0.027301 0.026999
0 0.790316 0.550003 0.032487 0.032363
0 0.137407 0.592590 0.033003 0.033066
0 0.282932 0.506440 0.050836 0.051245
0 0.445346 0.330597 0.022621 0.022844
0 0.095602 0.830619 0.047045 0.046531
0 0.340312 0.949146 0.024108 0.024173
0 0.636415 0.473175 0.076259 0.076082
0 0.123776 0.185505 0.110280 0.110432
0 0.011693 0.756218 0.023201 0.025929
0 0.865874 0.136885 0.064026 0.064832
0 0.153676 0.056480 0.157961 0.112960
0 0.652096 0.906734 0.078881 0.078670
0 0.301235 0.418636 0.042788 0.042795
0 0.212945 0.804849 0.021825 0.021831
0 0.967270 0.470132 0.028930 0.029591
0 0.443552 0.834618 0.029919 0.029977
0 0.674612 0.622089 0.021652 0.021860
0 0.388915 0.416436 0.073551 0.073147
0 0.193265 0.411970 0.076538 0.076306
0 0.154157 0.480459 0.039230 0.039220
0 0.216890 0.513008 0.034343 0.034800
0 0.965533 0.386015 0.027684 0.027262
0 0.300001 0.364105 0.138813 0.140331
0 0.346567 0.476738 0.073240 0.074517
0 0.040854 0.514589 0.022355 0.022070
0 0.930275 0.158709 0.023522 0.023449
0 0.540822 0.845663 0.032296 0.032348
0 0.770431 0.441922 0.031874 0.032600
0 0.749106 0.141950 0.032261 0.032684
0 0.493776 0.350966 0.026875 0.026994
0 0.407213 0.683441 0.022237 0.022214
0 0.438765 0.414492 0.021940 0.021635
0 0.049493 0.053849 0.097010 0.107676
0 0.249548 0.252210 0.073556 0.073208
0 0.287784 0.309988 0.065167 0.065983
0 0.861984 0.704073 0.021205 0.021084
0 0.423492 0.818460 0.025351 0.025895
0 0.759679 0.743603 0.021310 0.021714
0 0.727802 0.476454 0.032070 0.032347
0 0.463054 0.847451 0.021574 0.022236
0 0.615905 0.214668 0.021867 0.021469
0 0.483897 0.326205 0.022332 0.022204
0 0.350304 0.775502 0.022368 0.022410
0 0.969710 0.808742 0.023582 0.023499
0 0.637610 0.514084 0.021816 0.020802
0 0.225120 0.889648 0.021481 0.021593
0 0.781932 0.925109 0.087852 0.086789
0 0.203529 0.854179 0.020992 0.021173
0 0.925891 0.585953 0.100511 0.105140
0 0.464823 0.594412 0.098995 0.101187
0 0.007001 0.694592 0.013982 0.057878
0 0.569334 0.839926 0.020316 0.020289
0 0.408492 0.515841 0.057199 0.057141
0 0.081375 0.254730 0.060395 0.057602
0 0.967533 0.655531 0.064617 0.136389
0 0.093071 0.426126 0.018879 0.018562
0 0.920672 0.087819 0.051281 0.050455
0 0.226178 0.866984 0.019311 0.019235
0 0.379572 0.395857 0.045206 0.032647
0 0.253118 0.459638 0.032494 0.033344
0 0.513976 0.066137 0.024120 0.025058
0 0.519384 0.575529 0.020289 0.020021
0 0.579459 0.043983 0.138509 0.087439
0 0.891205 0.915316 0.217589 0.169369
0 0.971053 0.305464 0.057242 0.080263
0 0.801390 0.129125 0.033847 0.034189
0 0.258187 0.611032 0.019404 0.019785
0 0.829876 0.078995 0.233563 0.157990
0 0.386993 0.346256 0.047726 0.047626
0 0.009544 0.893286 0.017949 0.018957
0 0.337314 0.561865 0.019461 0.024293
0 0.527168 0.081493 0.030733 0.028992
0 0.411549 0.752810 0.050227 0.050692
0 0.505066 0.848001 0.021278 0.020470
