0 0.689437 0.415874 0.218173 0.150571
0 0.619091 0.713094 0.173440 0.129762
0 0.364942 0.279621 0.057209 0.041304
0 0.522715 0.592649 0.061274 0.045513
0 0.236587 0.525104 0.060373 0.043363
0 0.187654 0.211419 0.050787 0.036204
0 0.119404 0.454378 0.041660 0.029062
0 0.714072 0.581940 0.046934 0.036745
0 0.915626 0.528427 0.047101 0.033391
0 0.415434 0.585184 0.150439 0.109990
0 0.762996 0.215381 0.040537 0.029200
0 0.059574 0.397987 0.035333 0.027032
0 0.926304 0.719194 0.142546 0.112078
0 0.852852 0.574712 0.036819 0.025610
0 0.758437 0.323771 0.079649 0.059936
0 0.328178 0.436676 0.042327 0.031237
