0 0.418046 0.352032 0.113117 0.112830
0 0.371636 0.895082 0.027723 0.027663
0 0.285746 0.542536 0.053349 0.054161
0 0.034084 0.372840 0.029512 0.029235
0 0.361567 0.958926 0.046990 0.046892
0 0.126117 0.619513 0.034916 0.034817
0 0.537189 0.018245 0.042314 0.036490
0 0.925766 0.414735 0.031044 0.031159
0 0.400082 0.850564 0.032043 0.031305
0 0.490519 0.603792 0.053526 0.053730
0 0.741988 0.463601 0.047232 0.047309
0 0.246026 0.296280 0.027139 0.027405
0 0.766835 0.222554 0.024187 0.024132
0 0.135306 0.390340 0.044897 0.045348
0 0.075711 0.547102 0.026401 0.026544
0 0.504927 0.250567 0.026983 0.026592
0 0.174114 0.735730 0.023943 0.023706
0 0.506273 0.513450 0.025040 0.025306
0 0.353770 0.819077 0.023788 0.023733
0 0.156595 0.418576 0.046013 0.046194
0 0.057764 0.573723 0.035083 0.035721
0 0.611633 0.951953 0.027988 0.028024
0 0.302929 0.621467 0.039417 0.037701
0 0.444360 0.833143 0.056102 0.056021
0 0.222415 0.949056 0.039689 0.039668
0 0.821768 0.941262 0.043760 0.043648
0 0.104124 0.334608 0.037306 0.037245
0 0.937541 0.295699 0.023592 0.024017
0 0.060043 0.859347 0.026547 0.026478
0 0.481002 0.810421 0.024160 0.024455
0 0.480165 0.958728 0.022185 0.022802
0 0.418907 0.910149 0.024409 0.024198
0 0.592447 0.574922 0.054920 0.054523
0 0.083308 0.364767 0.030825 0.031518
0 0.919521 0.495128 0.022521 0.022078
0 0.579945 0.909522 0.067730 0.066709
0 0.312578 0.982300 0.024290 0.024576
0 0.578562 0.543063 0.032894 0.032868
0 0.415685 0.809798 0.030452 0.029675
0 0.421466 0.448580 0.024659 0.024287
0 0.096772 0.304515 0.038083 0.038842
0 0.381805 0.574890 0.025714 0.026454
0 0.040592 0.464268 0.031832 0.031260
0 0.038420 0.179994 0.044304 0.044435
0 0.669614 0.632561 0.021931 0.021714
0 0.811006 0.036048 0.025604 0.026075
0 0.895367 0.621911 0.038585 0.039032
0 0.442565 0.918921 0.022383 0.022957
0 0.061404 0.922041 0.021043 0.021421
0 0.960073 0.708037 0.026990 0.027356
0 0.432291 0.891841 0.020772 0.021148
0 0.285912 0.595931 0.047137 0.047231
0 0.411141 0.594079 0.030357 0.031969
0 0.006170 0.405035 0.012340 0.030120
0 0.356240 0.017608 0.020412 0.020257
0 0.964160 0.814922 0.021494 0.021344
0 0.242034 0.570105 0.058954 0.057092
0 0.122284 0.843150 0.047335 0.047929
0 0.424903 0.936751 0.026811 0.026666
0 0.561301 0.311548 0.044541 0.044181
0 0.987082 0.178637 0.025836 0.034739
0 0.638610 0.032916 0.029175 0.029728
0 0.224176 0.296307 0.020435 0.020874
0 0.735267 0.164224 0.020999 0.020929
0 0.791100 0.460101 0.020370 0.020205
0 0.716010 0.839874 0.125489 0.128814
0 0.529502 0.727021 0.020688 0.020832
0 0.016018 0.534449 0.026281 0.026582
0 0.031264 0.401928 0.018692 0.017997
0 0.237799 0.923893 0.031394 0.033762
0 0.148450 0.148646 0.296900 0.295900
0 0.042573 0.483449 0.047819 0.049164
0 0.435088 0.622339 0.029157 0.029683
0 0.693763 0.351538 0.022155 0.021738
0 0.622025 0.218484 0.055197 0.054358
0 0.322363 0.466131 0.019442 0.019170
0 0.412141 0.989198 0.018734 0.019015
0 0.213967 0.182251 0.206266 0.215602
0 0.439816 0.868946 0.023486 0.025183
0 0.386255 0.510185 0.018978 0.018862
0 0.946829 0.665754 0.034265 0.034370
0 0.303739 0.496503 0.019724 0.019656
0 0.014046 0.207736 0.028093 0.040680
0 0.810878 0.305815 0.032069 0.030971
