0 0.551469 0.772702 0.183720 0.176675
0 0.323586 0.308341 0.132842 0.135124
0 0.540401 0.240856 0.364108 0.372446
0 0.916813 0.295645 0.074973 0.074468
0 0.927473 0.788613 0.058156 0.058165
0 0.045173 0.043039 0.043889 0.044155
0 0.242998 0.582679 0.042060 0.042046
0 0.206718 0.556040 0.029422 0.029479
0 0.879031 0.034186 0.058155 0.058204
0 0.060377 0.567448 0.035984 0.036114
0 0.596521 0.401189 0.040963 0.040915
0 0.047182 0.683031 0.035048 0.035369
0 0.887082 0.568410 0.036341 0.035776
0 0.165203 0.627061 0.028822 0.028976
0 0.465060 0.447272 0.050435 0.049044
0 0.801625 0.641820 0.049249 0.048722
0 0.952576 0.023110 0.036362 0.034946
0 0.011866 0.587008 0.023733 0.044621
0 0.737472 0.334994 0.033978 0.034088
0 0.909077 0.927707 0.088394 0.087055
0 0.680294 0.674352 0.075203 0.074186
0 0.309084 0.617718 0.026487 0.026433
0 0.485894 0.243430 0.054472 0.054784
0 0.028321 0.968705 0.030720 0.030003
0 0.636809 0.471407 0.044927 0.044764
0 0.697079 0.385332 0.027774 0.027393
0 0.073664 0.120048 0.083393 0.083875
0 0.946016 0.197434 0.029019 0.029339
0 0.431598 0.570296 0.034773 0.034757
0 0.099181 0.731102 0.058666 0.058079
0 0.295948 0.669514 0.050820 0.051474
0 0.808719 0.252371 0.043956 0.043588
0 0.082090 0.304105 0.040747 0.041193
0 0.417694 0.931105 0.054461 0.054646
0 0.898174 0.349407 0.026401 0.026204
0 0.983201 0.922684 0.033369 0.047590
0 0.260034 0.674240 0.040362 0.040154
0 0.469508 0.011563 0.021915 0.022488
0 0.770698 0.441732 0.029442 0.029478
0 0.512299 0.044410 0.050086 0.049983
0 0.534519 0.228402 0.026782 0.026969
0 0.169535 0.059915 0.080480 0.079511
0 0.173666 0.941074 0.025113 0.025135
0 0.935638 0.049642 0.037448 0.038703
0 0.023569 0.879423 0.046370 0.094701
0 0.420305 0.720501 0.027565 0.027778
0 0.284581 0.136037 0.025518 0.025493
0 0.240190 0.345596 0.024120 0.024598
0 0.081895 0.711646 0.033401 0.036281
0 0.128223 0.507877 0.059589 0.059023
0 0.405864 0.063024 0.031707 0.031750
0 0.169296 0.261579 0.043723 0.044636
0 0.893511 0.091940 0.023788 0.024674
0 0.957955 0.605633 0.029989 0.029798
0 0.310179 0.796427 0.034457 0.033310
0 0.741660 0.106638 0.023264 0.023153
0 0.052548 0.433321 0.024482 0.024615
0 0.976921 0.962470 0.025428 0.025111
0 0.262510 0.216277 0.173348 0.165329
0 0.732365 0.682875 0.021432 0.021172
0 0.114668 0.325402 0.025224 0.025363
0 0.230696 0.101030 0.074007 0.076377
0 0.273764 0.192130 0.023112 0.022985
0 0.522435 0.441345 0.024518 0.024817
0 0.459048 0.472511 0.026355 0.026187
0 0.244386 0.542482 0.022006 0.021940
0 0.898812 0.114868 0.023024 0.022914
0 0.403447 0.761174 0.056103 0.057482
0 0.716268 0.008132 0.063581 0.016263
0 0.308633 0.021513 0.173199 0.043026
0 0.927120 0.625780 0.044554 0.044614
0 0.381178 0.447406 0.121546 0.121091
0 0.401255 0.572351 0.028196 0.029284
0 0.913774 0.075198 0.024830 0.025019
0 0.200599 0.831167 0.051544 0.048149
0 0.979991 0.038491 0.021578 0.021955
