0 0.217591 0.687990 0.075964 0.063007
0 0.426741 0.162498 0.130156 0.110322
0 0.334807 0.371853 0.051476 0.042782
0 0.718354 0.254279 0.140172 0.120790
0 0.851668 0.682307 0.043493 0.034163
0 0.936570 0.714475 0.038680 0.036596
0 0.909460 0.234428 0.057881 0.047713
0 0.433677 0.989838 0.038080 0.020189
0 0.475608 0.541839 0.048508 0.041792
0 0.149404 0.906722 0.130465 0.112132
0 0.934626 0.550659 0.067162 0.056418
0 0.491250 0.922630 0.027217 0.025082
0 0.941728 0.208770 0.048362 0.040305
0 0.166525 0.931962 0.031351 0.029467
0 0.916705 0.751035 0.036473 0.033283
