0 0.830964 0.068882 0.165962 0.137556
0 0.151747 0.464776 0.026397 0.026339
0 0.385111 0.186988 0.024750 0.024917
0 0.421521 0.107648 0.035322 0.035683
0 0.459787 0.572218 0.026494 0.026596
0 0.580072 0.641477 0.040641 0.040851
0 0.707950 0.912765 0.057053 0.056675
0 0.945074 0.151020 0.028639 0.027984
0 0.432626 0.015869 0.023538 0.024306
0 0.307265 0.645278 0.067181 0.067525
0 0.508351 0.903020 0.025273 0.025060
0 0.224786 0.217889 0.023688 0.023916
0 0.033316 0.976215 0.026456 0.026061
0 0.329551 0.248551 0.023108 0.022911
0 0.512865 0.561569 0.025382 0.025311
0 0.640957 0.977380 0.025056 0.025210
0 0.161134 0.781969 0.020152 0.020418
0 0.327703 0.606956 0.024268 0.024555
0 0.606858 0.616666 0.025658 0.025945
0 0.655052 0.916350 0.031083 0.030909
0 0.023781 0.612318 0.021096 0.020790
0 0.755484 0.988661 0.038537 0.022678
0 0.240346 0.563746 0.102529 0.103180
0 0.361122 0.560372 0.072823 0.073460
0 0.878460 0.673448 0.020884 0.020613
0 0.796057 0.640501 0.023250 0.023276
0 0.961341 0.433437 0.020357 0.020438
0 0.897105 0.260176 0.019444 0.019505
0 0.462581 0.142891 0.088054 0.090469
0 0.729559 0.605279 0.019437 0.019911
0 0.083611 0.239732 0.019233 0.019345
0 0.863308 0.568253 0.273385 0.326863
0 0.032620 0.867402 0.019373 0.019020
0 0.476224 0.894124 0.038364 0.038923
0 0.888003 0.479217 0.203476 0.199475
0 0.650543 0.528617 0.019221 0.019167
0 0.620952 0.201488 0.066552 0.065785
0 0.712368 0.250691 0.017894 0.018217
0 0.462259 0.037121 0.026487 0.025976
