0 0.686128 0.571491 0.304101 0.270337
0 0.368616 0.632312 0.061926 0.058119
0 0.537861 0.895266 0.033077 0.032431
0 0.519027 0.319738 0.039178 0.038686
0 0.621433 0.349639 0.027983 0.028076
0 0.969676 0.742792 0.032909 0.033123
0 0.960655 0.925392 0.065159 0.058752
0 0.497095 0.684013 0.212036 0.197678
0 0.844151 0.814355 0.034660 0.034382
0 0.607944 0.306598 0.029030 0.027743
0 0.674789 0.243162 0.026034 0.025184
0 0.640779 0.169096 0.022830 0.023230
0 0.721755 0.961129 0.024903 0.024693
0 0.814972 0.388211 0.027007 0.026077
0 0.733774 0.774740 0.040726 0.038585
0 0.981207 0.459386 0.036101 0.037208
0 0.955016 0.562761 0.035089 0.034728
0 0.858681 0.239471 0.036957 0.036844
0 0.513247 0.269391 0.031333 0.031559
0 0.430560 0.298947 0.027697 0.027476
0 0.763610 0.456896 0.021297 0.020932
0 0.620871 0.257003 0.034467 0.035313
0 0.766667 0.990856 0.035336 0.017960
0 0.436465 0.799287 0.029721 0.029124
0 0.393143 0.243688 0.021213 0.021268
0 0.568837 0.720105 0.023872 0.024264
0 0.979936 0.525825 0.024999 0.024158
0 0.873932 0.972380 0.037335 0.037212
0 0.321129 0.588232 0.032926 0.032401
0 0.842964 0.582064 0.023617 0.023505
0 0.545455 0.692701 0.046058 0.044569
0 0.742976 0.466979 0.022724 0.022381
