0 0.238890 0.171993 0.044336 0.042919
0 0.082967 0.115615 0.034480 0.033318
0 0.610046 0.100682 0.049034 0.046263
0 0.468726 0.379178 0.037240 0.036591
0 0.719897 0.104572 0.024919 0.024551
0 0.767569 0.837588 0.042485 0.041000
0 0.609468 0.425408 0.025292 0.024868
0 0.085754 0.971441 0.075310 0.057119
0 0.383138 0.680242 0.035050 0.033886
0 0.721461 0.018410 0.026608 0.025714
0 0.981642 0.425205 0.036583 0.037590
0 0.238822 0.449029 0.030681 0.028643
0 0.983466 0.098969 0.027523 0.026794
0 0.661520 0.182025 0.040646 0.039899
0 0.071011 0.058359 0.036335 0.036344
0 0.203770 0.335129 0.025410 0.025210
0 0.284642 0.150364 0.037907 0.036420
0 0.346045 0.230301 0.023508 0.022740
0 0.624401 0.126018 0.034080 0.033937
0 0.295838 0.905225 0.024487 0.024862
0 0.524046 0.440790 0.026875 0.026503
0 0.418658 0.527478 0.028101 0.027339
0 0.019456 0.266582 0.034491 0.034862
0 0.125150 0.630509 0.047127 0.046757
0 0.521361 0.176793 0.025290 0.025077
