0 0.448263 0.356312 0.107336 0.105506
0 0.741786 0.450195 0.040653 0.039584
0 0.366553 0.699654 0.045307 0.044893
0 0.595731 0.293081 0.063656 0.062549
0 0.926610 0.500111 0.071646 0.072069
0 0.044843 0.597839 0.075718 0.074688
0 0.519515 0.446627 0.031315 0.029909
0 0.748208 0.333274 0.039437 0.039197
0 0.818755 0.513257 0.060830 0.060844
0 0.134809 0.095946 0.045227 0.043512
0 0.549763 0.979168 0.042712 0.040653
0 0.351962 0.245494 0.041864 0.040710
0 0.855870 0.201089 0.050386 0.050181
0 0.646881 0.930736 0.074285 0.072878
0 0.126367 0.395309 0.039131 0.039230
0 0.041422 0.142253 0.072992 0.074044
0 0.647755 0.117036 0.029946 0.029481
0 0.699509 0.258876 0.060232 0.059219
0 0.032470 0.281402 0.064660 0.067589
0 0.382025 0.031000 0.031196 0.031023
0 0.953158 0.109844 0.033101 0.033100
0 0.423551 0.291679 0.036055 0.035348
0 0.639399 0.015164 0.091750 0.030103
0 0.722996 0.128230 0.028785 0.028122
0 0.638046 0.861625 0.042831 0.042851
0 0.926635 0.230909 0.026528 0.026207
0 0.867930 0.014383 0.051666 0.028623
0 0.969634 0.544561 0.040125 0.039324
0 0.406952 0.480630 0.030083 0.029918
0 0.681503 0.843407 0.032149 0.032482
0 0.016212 0.559971 0.032317 0.046591
0 0.094535 0.304976 0.034100 0.033524
0 0.339689 0.008875 0.029775 0.017563
0 0.721030 0.429123 0.024762 0.023934
0 0.413053 0.184114 0.025474 0.025247
0 0.444143 0.196867 0.027891 0.027140
0 0.696046 0.879677 0.044651 0.045277
0 0.208653 0.058321 0.026577 0.026322
0 0.803562 0.491676 0.022626 0.020595
0 0.278376 0.014708 0.052182 0.029404
0 0.614451 0.066661 0.037971 0.037494
0 0.153869 0.397011 0.022616 0.022543
0 0.239560 0.027287 0.023453 0.022655
0 0.859844 0.571267 0.021541 0.021644
0 0.585189 0.345978 0.023940 0.023992
0 0.264063 0.686780 0.023483 0.023395
0 0.019346 0.508833 0.023828 0.023452
0 0.519322 0.594862 0.021009 0.020976
0 0.420417 0.465063 0.028643 0.029111
0 0.298842 0.918979 0.408015 0.161664
0 0.763652 0.086431 0.073161 0.071729
0 0.819015 0.792275 0.023974 0.023925
0 0.134597 0.013916 0.031103 0.027202
0 0.199867 0.804281 0.020912 0.020973
0 0.660914 0.053453 0.020818 0.020976
