0 0.952055 0.142324 0.054883 0.051206
0 0.145514 0.458112 0.042515 0.038836
0 0.291761 0.659380 0.029542 0.027129
0 0.954861 0.725384 0.027498 0.025839
0 0.323518 0.586701 0.027272 0.026350
0 0.350694 0.983794 0.033570 0.028953
0 0.690017 0.548979 0.025131 0.024422
0 0.956203 0.347636 0.032039 0.031034
0 0.582313 0.737068 0.029030 0.027106
0 0.350501 0.746582 0.025607 0.024283
0 0.480572 0.157864 0.026302 0.025134
0 0.426174 0.579330 0.023471 0.022394
0 0.546412 0.584965 0.024123 0.023317
0 0.564664 0.865920 0.026697 0.025542
0 0.679152 0.605392 0.022543 0.021872
