0 0.102997 0.233084 0.026639 0.026351
0 0.129137 0.608074 0.028439 0.028727
0 0.588336 0.786379 0.035225 0.035739
0 0.323172 0.873750 0.038027 0.037287
0 0.068140 0.483215 0.035491 0.035399
0 0.442132 0.332778 0.049436 0.048798
0 0.670699 0.743771 0.025864 0.026590
0 0.054657 0.928170 0.030950 0.031212
0 0.149604 0.890986 0.024337 0.024422
0 0.181225 0.912122 0.033371 0.033792
0 0.889599 0.462640 0.035158 0.034945
0 0.275989 0.093173 0.043687 0.043470
0 0.271812 0.628379 0.071830 0.071592
0 0.269693 0.247394 0.032895 0.033010
0 0.341455 0.769372 0.047021 0.046687
0 0.294920 0.131537 0.061805 0.062588
0 0.227144 0.793808 0.035002 0.034206
0 0.369945 0.811690 0.041426 0.040715
0 0.969951 0.611116 0.052964 0.052103
0 0.794002 0.463561 0.021141 0.021046
0 0.299106 0.317694 0.064440 0.064278
0 0.298861 0.770717 0.037043 0.037225
0 0.383070 0.942757 0.036501 0.036344
0 0.693074 0.597202 0.023843 0.023838
0 0.071002 0.224559 0.022227 0.022550
0 0.342928 0.595275 0.055559 0.055408
0 0.634233 0.401762 0.029086 0.029061
0 0.082496 0.288222 0.048985 0.049823
0 0.502160 0.912395 0.031135 0.031273
0 0.630421 0.624226 0.029708 0.029773
0 0.008656 0.932232 0.016684 0.021578
0 0.285126 0.538053 0.067283 0.069082
0 0.058893 0.747795 0.024826 0.024963
0 0.618461 0.958148 0.033609 0.032503
0 0.025336 0.600744 0.050672 0.071162
0 0.468304 0.751872 0.022687 0.022515
0 0.744789 0.860177 0.038140 0.038125
0 0.150393 0.538726 0.043598 0.043255
0 0.616972 0.736561 0.037713 0.038072
0 0.165034 0.306436 0.048383 0.048729
0 0.179237 0.741786 0.024211 0.024612
0 0.493582 0.663138 0.101320 0.101737
0 0.429915 0.215997 0.063489 0.063018
0 0.308123 0.216476 0.024028 0.024028
0 0.404030 0.629325 0.107972 0.105470
0 0.103669 0.898914 0.057008 0.056337
0 0.702763 0.332054 0.056212 0.056388
0 0.280032 0.502961 0.022695 0.021952
0 0.204271 0.551325 0.055469 0.056242
0 0.084928 0.874098 0.029214 0.029150
0 0.068640 0.314313 0.023645 0.023266
0 0.877964 0.116853 0.022488 0.022441
0 0.018493 0.454647 0.030721 0.032136
0 0.974180 0.654558 0.027726 0.028060
0 0.260057 0.275401 0.036398 0.034252
0 0.030878 0.884222 0.021180 0.020103
0 0.251334 0.318826 0.026680 0.026865
0 0.720185 0.786698 0.083106 0.082829
0 0.454652 0.620517 0.041560 0.043543
0 0.573128 0.931524 0.064995 0.065016
0 0.978036 0.168933 0.024544 0.024771
0 0.455767 0.150831 0.049647 0.050492
0 0.161492 0.237779 0.018647 0.018579
0 0.128709 0.843843 0.027392 0.027344
0 0.531472 0.281673 0.057611 0.058067
0 0.667835 0.583359 0.027224 0.027508
0 0.009244 0.315257 0.018488 0.040031
0 0.046920 0.982547 0.024054 0.025555
0 0.052026 0.273501 0.017786 0.017838
0 0.100995 0.529625 0.027214 0.027303
0 0.150716 0.757945 0.020151 0.020555
0 0.594790 0.987203 0.037506 0.025594
0 0.713391 0.915951 0.100999 0.101180
0 0.024139 0.952830 0.019036 0.019020
0 0.075365 0.204189 0.018694 0.019128
0 0.718319 0.727994 0.026761 0.027006
0 0.127150 0.851591 0.035099 0.035668
0 0.165879 0.780153 0.019138 0.018971
0 0.046062 0.038402 0.090925 0.076804
0 0.753632 0.992934 0.024818 0.014132
0 0.328471 0.202754 0.019774 0.019501
0 0.924487 0.113922 0.019894 0.020120
0 0.092720 0.195995 0.018155 0.018114
0 0.552793 0.796786 0.032042 0.031935
0 0.945995 0.171091 0.017980 0.017495
0 0.450418 0.109169 0.045302 0.046303
0 0.050070 0.146139 0.081234 0.078997
0 0.339452 0.145091 0.039925 0.039631
0 0.333646 0.931387 0.024746 0.024645
0 0.010686 0.720322 0.020978 0.028294
0 0.504930 0.772209 0.028864 0.029621
0 0.184141 0.515076 0.030993 0.030787
0 0.308821 0.680751 0.019571 0.019343
0 0.875314 0.937026 0.236425 0.124483
0 0.705785 0.727330 0.017721 0.019956
0 0.569032 0.911960 0.020826 0.022155
0 0.080828 0.449913 0.017737 0.017740
0 0.078033 0.332350 0.017627 0.017612
