0 0.887780 0.575892 0.070698 0.070873
0 0.619825 0.244702 0.066878 0.066474
0 0.909201 0.312013 0.028385 0.027963
0 0.570614 0.851081 0.028836 0.029561
0 0.434572 0.510414 0.042449 0.042500
0 0.646867 0.910098 0.030930 0.031126
0 0.522279 0.714558 0.021877 0.022096
0 0.439587 0.602305 0.039527 0.039992
0 0.614003 0.523862 0.039208 0.039652
0 0.861744 0.147727 0.034621 0.034510
0 0.611337 0.462674 0.023874 0.024030
0 0.726224 0.347387 0.040257 0.040143
0 0.775930 0.642141 0.027716 0.027784
0 0.917051 0.906862 0.027146 0.026384
0 0.395224 0.650506 0.039282 0.038894
0 0.441912 0.210102 0.030085 0.030280
0 0.535944 0.243409 0.027903 0.028446
0 0.206287 0.757390 0.032151 0.032910
0 0.076734 0.813453 0.039164 0.039152
0 0.735196 0.464379 0.039654 0.039293
0 0.886694 0.345548 0.022768 0.022701
0 0.532755 0.447450 0.024049 0.023979
0 0.460449 0.763933 0.026316 0.026322
0 0.072091 0.625567 0.024482 0.024784
0 0.495855 0.780585 0.028168 0.028240
0 0.457564 0.328269 0.041304 0.040742
0 0.036869 0.556089 0.041442 0.041015
0 0.571112 0.411348 0.032998 0.032398
0 0.043840 0.613332 0.022328 0.021628
0 0.520784 0.097960 0.042580 0.042714
0 0.089857 0.116644 0.021058 0.021064
0 0.370681 0.933832 0.023015 0.023419
0 0.825075 0.267303 0.029610 0.029387
0 0.961081 0.362911 0.020837 0.020930
0 0.475982 0.745470 0.023190 0.023392
0 0.586702 0.652017 0.042146 0.041866
0 0.691515 0.933173 0.023733 0.024503
0 0.359170 0.367918 0.029318 0.029411
0 0.904766 0.192468 0.039551 0.039307
0 0.076838 0.588655 0.031971 0.033027
0 0.493443 0.641537 0.020445 0.020581
0 0.731275 0.530039 0.025461 0.025440
0 0.741177 0.392982 0.020337 0.020333
0 0.538072 0.424446 0.027977 0.027378
0 0.443486 0.724331 0.021717 0.022033
0 0.988801 0.991690 0.021555 0.016273
0 0.570667 0.047277 0.032741 0.031466
0 0.984167 0.168024 0.031666 0.121834
0 0.905038 0.143915 0.027132 0.027544
0 0.697921 0.987319 0.019117 0.019479
0 0.651625 0.637975 0.019675 0.019648
0 0.514636 0.022394 0.022193 0.022632
0 0.039606 0.821140 0.026577 0.026620
0 0.011896 0.135251 0.023498 0.029976
0 0.960882 0.268675 0.019537 0.020799
0 0.142190 0.884944 0.029550 0.030852
0 0.010632 0.956540 0.021259 0.046629
0 0.886957 0.271830 0.028031 0.028280
0 0.330925 0.782193 0.024826 0.024857
0 0.547078 0.069697 0.027227 0.026556
0 0.500112 0.149560 0.076617 0.077462
0 0.859980 0.272807 0.023420 0.022891
0 0.954476 0.929493 0.020803 0.020633
0 0.642051 0.534750 0.019510 0.019828
0 0.368185 0.340218 0.035723 0.036799
0 0.051247 0.889750 0.021035 0.021403
