0 0.054865 0.572642 0.041537 0.041665
0 0.515965 0.888004 0.034267 0.034596
0 0.335464 0.515312 0.042795 0.043367
0 0.427374 0.368732 0.029587 0.029195
0 0.772851 0.686797 0.029393 0.029605
0 0.664568 0.778037 0.025095 0.025359
0 0.860679 0.726231 0.022412 0.022584
0 0.538313 0.635782 0.046208 0.046447
0 0.922193 0.612318 0.028946 0.028955
0 0.831040 0.635792 0.055364 0.055808
0 0.042032 0.955202 0.042061 0.042373
0 0.756285 0.908646 0.031154 0.031698
0 0.315100 0.558791 0.026951 0.027211
0 0.447674 0.674541 0.051695 0.052057
0 0.879011 0.812554 0.025667 0.025721
0 0.357704 0.168915 0.066863 0.066730
0 0.386821 0.020361 0.038980 0.038906
0 0.119395 0.405768 0.076735 0.077545
0 0.608710 0.089756 0.024948 0.025145
0 0.848695 0.283030 0.069838 0.069927
0 0.929673 0.385982 0.037737 0.038235
0 0.855141 0.770273 0.021139 0.021207
0 0.976694 0.723710 0.042771 0.043303
0 0.698620 0.903225 0.023541 0.024070
0 0.252723 0.713944 0.020154 0.020684
0 0.858707 0.984647 0.060798 0.030706
0 0.841019 0.899482 0.022657 0.022334
0 0.291575 0.017827 0.027367 0.028566
0 0.635913 0.969757 0.022575 0.022509
0 0.843724 0.406225 0.056387 0.057372
0 0.793492 0.979635 0.049438 0.040199
0 0.124645 0.783302 0.021707 0.021896
0 0.012870 0.509060 0.025739 0.037883
0 0.778514 0.460161 0.038982 0.039233
0 0.624770 0.734701 0.043137 0.044008
0 0.634094 0.419230 0.062492 0.063282
0 0.987124 0.180224 0.023049 0.023747
0 0.853691 0.882852 0.020511 0.020080
0 0.918927 0.350463 0.037558 0.038712
0 0.508785 0.054553 0.025753 0.025929
0 0.793351 0.713715 0.057380 0.056926
0 0.137093 0.369912 0.026509 0.026158
0 0.987164 0.866305 0.025669 0.037045
0 0.788099 0.307060 0.060772 0.060134
0 0.573728 0.835567 0.022141 0.022427
0 0.337061 0.081984 0.031364 0.031393
0 0.576482 0.595325 0.026230 0.027888
0 0.885932 0.228766 0.053230 0.053314
0 0.972517 0.270611 0.026598 0.026593
0 0.819109 0.510704 0.089550 0.086329
0 0.506949 0.009044 0.032884 0.018089
0 0.194997 0.655449 0.022005 0.021916
0 0.816142 0.444161 0.041472 0.041434
0 0.978853 0.950962 0.031349 0.030573
0 0.801896 0.265262 0.024092 0.024082
0 0.348344 0.235607 0.052160 0.052769
0 0.989725 0.237762 0.020551 0.030445
0 0.536471 0.534366 0.044320 0.043558
0 0.879448 0.577189 0.039367 0.038823
0 0.668102 0.131426 0.027576 0.027858
0 0.992019 0.818414 0.015961 0.023699
0 0.092006 0.349032 0.042432 0.043810
0 0.010627 0.414752 0.021253 0.039772
0 0.987647 0.336932 0.022632 0.022831
0 0.470049 0.812753 0.030833 0.031326
0 0.362337 0.198865 0.021880 0.021660
0 0.728897 0.892687 0.019433 0.020089
0 0.779503 0.718088 0.045391 0.047051
0 0.875750 0.555378 0.034914 0.033501
