0 0.883326 0.738618 0.074344 0.073307
0 0.889707 0.217773 0.045782 0.044357
0 0.585777 0.709711 0.058124 0.059259
0 0.770553 0.412648 0.030200 0.030320
0 0.770433 0.984351 0.054939 0.030991
0 0.740942 0.821634 0.049273 0.048701
0 0.660035 0.017690 0.046414 0.035380
0 0.516183 0.033497 0.025473 0.025373
0 0.115047 0.110920 0.024957 0.025260
0 0.503312 0.086599 0.025141 0.025122
0 0.964291 0.827550 0.058497 0.057159
0 0.010389 0.896694 0.020757 0.027429
0 0.954739 0.744519 0.064016 0.063219
0 0.163690 0.951445 0.041990 0.041005
0 0.972316 0.913152 0.055369 0.073586
