0 0.837850 0.744179 0.028804 0.028482
0 0.226026 0.674186 0.057486 0.056862
0 0.816774 0.690592 0.035493 0.034980
0 0.615227 0.146177 0.034073 0.034084
0 0.391392 0.359405 0.050504 0.049448
0 0.858128 0.817489 0.034428 0.033807
0 0.460379 0.197701 0.029690 0.030259
0 0.444718 0.363084 0.040054 0.038454
0 0.063896 0.327218 0.034051 0.032925
0 0.581673 0.847063 0.025015 0.024543
0 0.545738 0.564892 0.025933 0.025704
0 0.779654 0.575698 0.029288 0.029157
0 0.945901 0.239401 0.031832 0.031881
0 0.634000 0.109160 0.023419 0.023693
0 0.093348 0.197691 0.024655 0.024305
0 0.241985 0.581874 0.027897 0.027725
0 0.915977 0.843854 0.032194 0.032127
0 0.164673 0.246277 0.027534 0.027309
0 0.121216 0.344755 0.025057 0.025018
0 0.833039 0.671308 0.023803 0.024266
0 0.951605 0.207623 0.025356 0.025573
0 0.307916 0.082132 0.022593 0.022489
0 0.337526 0.442196 0.023433 0.023223
0 0.387467 0.491100 0.022413 0.022467
0 0.099845 0.868008 0.058547 0.055649
0 0.993895 0.337323 0.012211 0.031263
0 0.316033 0.032386 0.021104 0.020842
0 0.979294 0.014735 0.034068 0.029470
0 0.635657 0.797620 0.019975 0.020156
0 0.800759 0.648848 0.025260 0.024867
0 0.102140 0.362918 0.022622 0.022857
0 0.110708 0.041212 0.042159 0.040864
