0 0.454987 0.522743 0.189147 0.187167
0 0.696733 0.278105 0.090741 0.090125
0 0.536467 0.389266 0.065543 0.065544
0 0.320894 0.824291 0.166766 0.168988
0 0.338430 0.515425 0.063463 0.063296
0 0.399407 0.915836 0.030702 0.031215
0 0.445736 0.869419 0.032307 0.031731
0 0.035097 0.843654 0.035356 0.034545
0 0.709174 0.752775 0.037241 0.036790
0 0.046732 0.708006 0.063126 0.062135
0 0.803669 0.638900 0.052506 0.053355
0 0.144436 0.546478 0.033558 0.033794
0 0.191826 0.684452 0.096533 0.096040
0 0.886208 0.965230 0.039288 0.038682
0 0.791963 0.787710 0.033697 0.033528
0 0.448541 0.485628 0.031224 0.031004
0 0.936046 0.217201 0.030104 0.030000
0 0.324771 0.642265 0.045497 0.044295
0 0.932904 0.868116 0.032707 0.031969
0 0.442499 0.982925 0.034094 0.033061
0 0.113738 0.745700 0.054131 0.052829
0 0.928093 0.814348 0.037679 0.036721
0 0.831235 0.952327 0.029588 0.029221
0 0.985897 0.922107 0.025215 0.025140
0 0.150384 0.575270 0.041560 0.041134
0 0.581250 0.937507 0.164671 0.123715
0 0.913227 0.927680 0.039138 0.037931
0 0.795589 0.836454 0.213531 0.208806
0 0.112550 0.351959 0.225101 0.391260
0 0.273817 0.862474 0.026873 0.026510
0 0.897440 0.905151 0.030485 0.030599
0 0.377818 0.974864 0.023980 0.023535
0 0.109017 0.712453 0.028470 0.027844
0 0.414638 0.839309 0.021404 0.021456
0 0.728311 0.645006 0.027850 0.028004
0 0.048377 0.042572 0.096754 0.084094
0 0.138136 0.074600 0.082168 0.081495
0 0.678637 0.907133 0.180965 0.174453
0 0.522078 0.334175 0.037770 0.037473
0 0.510958 0.892062 0.025827 0.025627
0 0.252528 0.630225 0.030583 0.030476
0 0.248083 0.596297 0.028541 0.028906
0 0.294054 0.576990 0.028555 0.029186
0 0.242368 0.895363 0.024414 0.024608
0 0.651028 0.736668 0.038255 0.037690
0 0.225968 0.606810 0.029496 0.028065
0 0.052178 0.741088 0.030345 0.029608
0 0.857905 0.932894 0.026663 0.026867
0 0.869636 0.018369 0.196742 0.036738
0 0.612189 0.621803 0.024324 0.024144
0 0.220374 0.151706 0.024021 0.023935
0 0.618097 0.655678 0.034338 0.033573
0 0.509143 0.641603 0.085453 0.083894
0 0.013165 0.780409 0.024927 0.028367
0 0.062892 0.923081 0.125785 0.152091
0 0.875573 0.982240 0.021798 0.021283
0 0.767827 0.213132 0.020189 0.020092
0 0.906173 0.544877 0.024991 0.024771
0 0.902884 0.895590 0.023703 0.024561
0 0.812399 0.955783 0.065584 0.063699
