0 0.779373 0.350583 0.035198 0.034749
0 0.267869 0.761586 0.063113 0.062650
0 0.787352 0.148318 0.038677 0.038407
0 0.943421 0.360791 0.039791 0.040309
0 0.676368 0.248748 0.033957 0.034267
0 0.087609 0.067031 0.066232 0.065021
0 0.335250 0.711872 0.047243 0.048629
0 0.926644 0.146676 0.034860 0.034967
0 0.673902 0.675826 0.061560 0.063024
0 0.095335 0.031624 0.062374 0.061826
0 0.018552 0.273934 0.034238 0.035777
0 0.898505 0.384600 0.022258 0.022845
0 0.065926 0.442336 0.036741 0.036481
0 0.106595 0.383134 0.033384 0.034198
0 0.289853 0.884814 0.028891 0.029128
0 0.274958 0.072089 0.025248 0.025557
0 0.421223 0.032837 0.023342 0.024083
0 0.522658 0.577415 0.034063 0.033904
0 0.113105 0.846295 0.046003 0.046696
0 0.898531 0.187453 0.027248 0.027648
0 0.388038 0.012642 0.025241 0.024067
0 0.111968 0.638679 0.022705 0.023185
0 0.101659 0.743776 0.024208 0.024554
0 0.336324 0.036104 0.034014 0.033234
0 0.984622 0.359055 0.026062 0.026353
0 0.991427 0.319377 0.017031 0.020956
0 0.702344 0.169033 0.020981 0.021561
0 0.449004 0.023090 0.043622 0.044336
0 0.637170 0.010168 0.023617 0.020137
0 0.827199 0.370804 0.023110 0.023400
0 0.134202 0.368656 0.028539 0.028583
0 0.082038 0.528149 0.025860 0.025505
0 0.973754 0.990766 0.020417 0.018468
0 0.140557 0.047435 0.022367 0.022559
0 0.039533 0.038624 0.045848 0.046411
0 0.287594 0.267745 0.035700 0.035177
