0 0.288585 0.761475 0.340149 0.334793
0 0.438450 0.535438 0.315486 0.322706
0 0.065801 0.192102 0.131346 0.175149
0 0.878861 0.796349 0.033473 0.033842
0 0.360315 0.035870 0.039871 0.039777
0 0.833223 0.404679 0.036085 0.036875
0 0.877961 0.833726 0.029866 0.028850
0 0.281957 0.427747 0.038248 0.039127
0 0.653191 0.871859 0.322975 0.255843
0 0.240124 0.164653 0.026553 0.026648
0 0.369218 0.974392 0.027770 0.027768
0 0.891305 0.860312 0.038408 0.038422
0 0.669993 0.077077 0.049382 0.048172
0 0.570813 0.621043 0.052348 0.052502
0 0.380749 0.235741 0.039784 0.039842
0 0.161962 0.406513 0.323445 0.390027
0 0.076520 0.940151 0.021524 0.021636
0 0.386991 0.276196 0.022229 0.022259
0 0.018479 0.860212 0.036561 0.100724
0 0.899768 0.733607 0.025814 0.026436
0 0.987718 0.782887 0.020585 0.021042
0 0.364618 0.090170 0.020113 0.019998
0 0.240383 0.203965 0.020680 0.020283
0 0.932918 0.622285 0.022571 0.022765
0 0.800304 0.357769 0.019144 0.018980
0 0.162360 0.632932 0.019184 0.018448
0 0.402480 0.368143 0.020527 0.020759
0 0.351709 0.260368 0.028743 0.028848
0 0.210223 0.978922 0.191765 0.042145
0 0.174516 0.600345 0.019303 0.019069
0 0.971677 0.291655 0.022914 0.023365
0 0.825496 0.916410 0.019608 0.021102
0 0.913162 0.917540 0.173488 0.164803
