0 0.200363 0.088672 0.021991 0.022303
0 0.907719 0.648205 0.025670 0.025309
0 0.238326 0.806587 0.029126 0.030014
0 0.366756 0.220604 0.038042 0.037502
0 0.093082 0.841970 0.182051 0.222791
0 0.145752 0.120413 0.022171 0.022322
0 0.437597 0.094189 0.023976 0.023333
0 0.943346 0.031334 0.043173 0.043285
0 0.589902 0.330708 0.026151 0.026341
0 0.803796 0.633303 0.071106 0.071083
0 0.726008 0.845506 0.029332 0.029014
0 0.652494 0.296423 0.021961 0.021801
0 0.834548 0.697758 0.045996 0.046571
0 0.486987 0.686159 0.021318 0.021587
0 0.684112 0.419048 0.027732 0.027373
0 0.630473 0.688065 0.052856 0.054124
0 0.650480 0.392201 0.020393 0.020596
0 0.976774 0.985460 0.031825 0.029080
0 0.347446 0.912962 0.052159 0.052196
0 0.309852 0.382498 0.023528 0.024265
0 0.929944 0.096060 0.035906 0.036169
0 0.622155 0.055698 0.026089 0.026217
0 0.923329 0.832136 0.025433 0.025886
0 0.574192 0.035602 0.052642 0.051442
0 0.830594 0.788938 0.057122 0.057036
0 0.375442 0.960665 0.046642 0.045401
0 0.713496 0.801663 0.035475 0.035159
0 0.151197 0.158848 0.020169 0.020222
0 0.607812 0.639581 0.047998 0.048007
0 0.857681 0.867076 0.030707 0.031174
0 0.687121 0.921030 0.022019 0.021422
0 0.026104 0.119975 0.022503 0.021948
0 0.642587 0.015922 0.024655 0.025139
0 0.208864 0.153124 0.022296 0.022991
0 0.282393 0.704381 0.031212 0.032193
0 0.641454 0.766256 0.048843 0.049333
0 0.416818 0.768268 0.035128 0.035903
0 0.250883 0.125393 0.019040 0.019222
0 0.378290 0.178030 0.019338 0.019472
0 0.592718 0.725476 0.056146 0.055974
0 0.508077 0.778026 0.023926 0.024241
0 0.715235 0.601645 0.033725 0.033414
0 0.965288 0.353547 0.024485 0.024779
0 0.012948 0.732642 0.025571 0.029533
0 0.507160 0.053238 0.026319 0.026664
0 0.374844 0.099708 0.020951 0.020878
0 0.179604 0.112489 0.018984 0.019222
0 0.549125 0.947349 0.028269 0.027572
0 0.679723 0.818325 0.029606 0.028905
0 0.034216 0.166405 0.065760 0.067563
0 0.607418 0.527726 0.019335 0.019327
0 0.013044 0.303482 0.025798 0.032990
0 0.960112 0.562437 0.079593 0.093879
0 0.277077 0.440713 0.040838 0.041290
0 0.201914 0.888254 0.024693 0.024566
0 0.726460 0.563042 0.020213 0.020178
0 0.487612 0.931435 0.018400 0.018712
0 0.145140 0.519022 0.220895 0.226216
0 0.287894 0.040204 0.269876 0.080408
0 0.880993 0.690909 0.040384 0.040030
0 0.240305 0.991654 0.020540 0.016620
0 0.897120 0.089114 0.024354 0.024004
0 0.491020 0.541002 0.026763 0.026781
0 0.906520 0.212276 0.026221 0.026140
0 0.863515 0.734377 0.039836 0.039811
0 0.637640 0.251982 0.018917 0.019121
0 0.660654 0.964127 0.018691 0.018342
0 0.710111 0.826194 0.024278 0.024001
0 0.523132 0.580964 0.020390 0.019938
0 0.073034 0.094224 0.067144 0.064592
0 0.746367 0.711708 0.023426 0.023749
0 0.029543 0.700901 0.038984 0.039895
0 0.790152 0.869575 0.031299 0.032952
0 0.372633 0.985688 0.021265 0.021256
0 0.190512 0.647600 0.072990 0.071803
0 0.250949 0.712106 0.030639 0.030950
0 0.401847 0.507965 0.033846 0.033029
0 0.982860 0.493061 0.034233 0.044577
0 0.932149 0.910098 0.135703 0.179804
0 0.990457 0.193815 0.018380 0.025078
0 0.464466 0.664648 0.047823 0.047593
0 0.754096 0.607312 0.040903 0.041312
0 0.682710 0.889878 0.107666 0.102714
0 0.458889 0.818015 0.019074 0.019011
0 0.446995 0.555166 0.018107 0.018093
0 0.355271 0.940227 0.021918 0.016317
0 0.463344 0.960067 0.019340 0.019167
