0 0.121923 0.537416 0.067389 0.067209
0 0.025432 0.236891 0.031817 0.031362
0 0.802389 0.027251 0.032556 0.032059
0 0.030236 0.011939 0.052300 0.023513
0 0.121082 0.778801 0.032816 0.033358
0 0.741804 0.783173 0.041192 0.040898
0 0.471456 0.068177 0.023509 0.023133
0 0.069004 0.911622 0.025386 0.025129
0 0.524851 0.904779 0.022814 0.022893
0 0.624633 0.069462 0.022883 0.022945
0 0.462370 0.121702 0.020419 0.020525
0 0.653925 0.019637 0.023239 0.023665
0 0.988204 0.244266 0.021744 0.022354
0 0.179482 0.822984 0.056517 0.056296
