0 0.217880 0.298157 0.131533 0.133214
0 0.282060 0.264151 0.024066 0.024266
0 0.537170 0.907444 0.027567 0.027343
0 0.214717 0.901990 0.024028 0.023865
0 0.532442 0.948824 0.026064 0.025655
0 0.052765 0.729380 0.040368 0.039885
0 0.456224 0.751900 0.026719 0.026189
0 0.135137 0.517721 0.044017 0.043949
0 0.045172 0.608260 0.036271 0.036081
0 0.482763 0.613725 0.042940 0.042157
0 0.208430 0.824652 0.025747 0.026070
0 0.121534 0.983379 0.025092 0.024631
0 0.049531 0.807951 0.032463 0.032404
0 0.230814 0.580013 0.026757 0.026895
0 0.556143 0.269625 0.027758 0.027805
0 0.319119 0.652474 0.041697 0.041382
0 0.163481 0.844515 0.035591 0.035635
0 0.302716 0.161845 0.024554 0.024293
0 0.048754 0.963664 0.031470 0.032445
0 0.357537 0.738589 0.039295 0.039817
0 0.519951 0.339916 0.025903 0.025467
0 0.498708 0.701016 0.022018 0.021783
0 0.254372 0.949239 0.022241 0.022006
0 0.174708 0.785048 0.020499 0.020567
0 0.372991 0.816693 0.032807 0.032971
0 0.461137 0.889925 0.036531 0.036455
0 0.108223 0.823239 0.026724 0.026145
0 0.337056 0.696482 0.061097 0.061831
0 0.460130 0.356964 0.034638 0.034804
0 0.572950 0.828234 0.022429 0.022080
0 0.513511 0.772161 0.035656 0.035110
0 0.072880 0.221093 0.087432 0.086716
0 0.077618 0.567418 0.026204 0.026808
0 0.380699 0.509245 0.021919 0.021438
0 0.536122 0.141930 0.024489 0.023736
0 0.591277 0.494227 0.026421 0.029563
0 0.009197 0.782895 0.018234 0.026424
0 0.302284 0.625081 0.028847 0.028079
0 0.155228 0.399368 0.023750 0.023455
0 0.199076 0.973537 0.028292 0.028750
0 0.482196 0.186084 0.042986 0.042770
0 0.017842 0.906372 0.019434 0.019563
0 0.502569 0.218159 0.032978 0.032840
0 0.579206 0.725918 0.031773 0.032000
0 0.525473 0.432315 0.021829 0.022075
0 0.501711 0.465873 0.023553 0.023465
0 0.427370 0.497403 0.020540 0.020080
0 0.271655 0.884413 0.021907 0.020955
0 0.265720 0.828091 0.023406 0.023215
0 0.389886 0.222263 0.027864 0.028896
0 0.457857 0.971449 0.020132 0.019375
0 0.191652 0.618613 0.022775 0.022380
0 0.480915 0.731976 0.025665 0.026042
0 0.387619 0.786556 0.021085 0.020384
0 0.006796 0.244922 0.013468 0.025548
0 0.021663 0.979352 0.023829 0.022311
0 0.466923 0.204982 0.037506 0.037520
0 0.152279 0.647824 0.022327 0.022126
0 0.447472 0.218491 0.026824 0.026682
0 0.231108 0.849835 0.020310 0.019836
0 0.174555 0.922197 0.020782 0.019823
0 0.503545 0.972947 0.027966 0.027376
0 0.184603 0.859573 0.019024 0.019041
0 0.198253 0.951833 0.021346 0.021373
0 0.333096 0.236547 0.047128 0.046464
0 0.529324 0.181557 0.031315 0.030520
0 0.050454 0.081128 0.100909 0.110123
0 0.491816 0.242266 0.039454 0.038726
0 0.532468 0.668125 0.021412 0.021833
0 0.200564 0.729011 0.019206 0.018573
0 0.345447 0.904004 0.024206 0.023989
0 0.105766 0.495006 0.026439 0.027832
0 0.364722 0.712668 0.045499 0.048073
0 0.399253 0.674592 0.018304 0.018552
0 0.176951 0.464940 0.023934 0.023878
0 0.391885 0.979481 0.020626 0.019661
0 0.364256 0.590556 0.019012 0.019141
0 0.115136 0.280192 0.084467 0.086246
0 0.363480 0.954717 0.020577 0.020157
0 0.420536 0.809899 0.021775 0.021684
0 0.447037 0.569067 0.038244 0.038323
0 0.471986 0.816676 0.018307 0.018161
0 0.100241 0.195220 0.023710 0.023917
0 0.374941 0.760345 0.018214 0.018857
0 0.171459 0.360634 0.021872 0.021976
0 0.186972 0.183477 0.022358 0.021709
0 0.117783 0.555329 0.028678 0.028842
0 0.172282 0.838023 0.024618 0.028824
0 0.512771 0.008754 0.049799 0.017509
0 0.522435 0.610633 0.019834 0.019735
0 0.371349 0.881145 0.017404 0.016855
0 0.509649 0.796208 0.018618 0.018707
