0 0.119040 0.795279 0.093080 0.093159
0 0.718690 0.470606 0.027731 0.027864
0 0.696973 0.615597 0.031104 0.031102
0 0.060623 0.964858 0.037734 0.036761
0 0.444285 0.496334 0.029410 0.029222
0 0.918344 0.415604 0.053689 0.052834
0 0.405631 0.047380 0.032422 0.032187
0 0.152065 0.572650 0.026374 0.026352
0 0.634867 0.380389 0.027964 0.027910
0 0.384680 0.740601 0.029594 0.029929
0 0.792964 0.095053 0.088538 0.088616
0 0.908059 0.235125 0.035680 0.035374
0 0.022191 0.739234 0.044383 0.058730
0 0.862033 0.164176 0.101137 0.100581
0 0.597577 0.530482 0.024951 0.025563
0 0.626980 0.944579 0.184239 0.109268
0 0.495021 0.250698 0.030210 0.030064
0 0.173458 0.631679 0.044793 0.044491
0 0.774179 0.334878 0.043165 0.042337
0 0.447184 0.662192 0.027796 0.027198
0 0.789413 0.778430 0.032995 0.032643
0 0.190223 0.137758 0.029633 0.029835
0 0.585886 0.896978 0.035000 0.034430
0 0.271586 0.859560 0.033280 0.033057
0 0.479740 0.701231 0.052187 0.052196
0 0.191549 0.924410 0.029921 0.029687
0 0.546778 0.935756 0.028316 0.027926
0 0.727427 0.428598 0.046994 0.048226
0 0.562758 0.499807 0.022050 0.021945
0 0.985189 0.327321 0.029400 0.038720
0 0.566969 0.072843 0.032891 0.033189
0 0.171865 0.806637 0.027213 0.026790
0 0.955389 0.278591 0.086657 0.097001
0 0.848724 0.758267 0.029122 0.029335
0 0.856640 0.290866 0.031514 0.031598
0 0.342257 0.868725 0.025229 0.024177
0 0.102107 0.530496 0.025870 0.025152
0 0.366806 0.946633 0.188833 0.106211
0 0.839274 0.896711 0.026237 0.026105
0 0.881759 0.547952 0.035290 0.035300
0 0.245991 0.201622 0.377687 0.361185
0 0.958427 0.361437 0.032878 0.032862
0 0.123598 0.465517 0.022708 0.022457
0 0.418710 0.668021 0.027332 0.026672
0 0.790309 0.064591 0.021934 0.023580
0 0.107913 0.947663 0.025392 0.024990
0 0.760350 0.189445 0.023813 0.024227
0 0.986037 0.479273 0.027925 0.052890
0 0.438851 0.013055 0.021150 0.021362
0 0.140991 0.844000 0.022193 0.022171
0 0.036479 0.112098 0.022076 0.021780
0 0.318624 0.433958 0.488461 0.442649
0 0.164354 0.057814 0.023429 0.023446
0 0.979037 0.271659 0.041906 0.066886
0 0.269934 0.519369 0.020476 0.020632
0 0.357331 0.973684 0.023441 0.023117
0 0.727469 0.794803 0.044680 0.043343
0 0.698962 0.851088 0.067265 0.065096
0 0.270004 0.022920 0.020931 0.021354
