0 0.902181 0.362124 0.055703 0.055581
0 0.916488 0.610869 0.040536 0.040641
0 0.619209 0.242278 0.036781 0.036612
0 0.968662 0.749518 0.036325 0.035872
0 0.647151 0.817595 0.050949 0.052136
0 0.784236 0.608029 0.027931 0.027538
0 0.584248 0.279208 0.028648 0.028716
0 0.527494 0.511207 0.054578 0.054528
0 0.707557 0.320063 0.030743 0.031259
0 0.739863 0.863083 0.039177 0.039217
0 0.494690 0.281188 0.027324 0.027497
0 0.256897 0.266316 0.022576 0.022636
0 0.634654 0.093024 0.033863 0.033807
0 0.976585 0.922712 0.025768 0.025025
0 0.885260 0.066460 0.149576 0.132921
0 0.150240 0.659901 0.035447 0.035670
0 0.891207 0.394481 0.030777 0.031186
0 0.935510 0.747527 0.026721 0.026890
0 0.612881 0.840338 0.030879 0.031031
0 0.761940 0.566485 0.029851 0.029674
0 0.438622 0.418264 0.029195 0.029040
0 0.271294 0.829598 0.023459 0.023707
0 0.676954 0.958249 0.026496 0.026315
0 0.318274 0.498611 0.052931 0.052282
0 0.609329 0.314213 0.023423 0.023563
0 0.623354 0.574510 0.029832 0.029367
0 0.953458 0.462749 0.027249 0.027263
0 0.424119 0.347314 0.044399 0.043717
0 0.690763 0.789759 0.025669 0.025614
0 0.776543 0.841685 0.036372 0.034990
0 0.503154 0.679180 0.025635 0.025239
0 0.964400 0.432397 0.021648 0.022098
0 0.813987 0.941768 0.028865 0.027914
0 0.979424 0.717181 0.026989 0.026690
0 0.163116 0.896187 0.030396 0.030658
0 0.733783 0.816829 0.035344 0.034791
0 0.671831 0.746209 0.024076 0.024408
0 0.647546 0.493494 0.041614 0.041005
0 0.344856 0.838230 0.024603 0.024119
0 0.850130 0.424215 0.027619 0.028138
0 0.400548 0.245619 0.029838 0.030332
0 0.458551 0.727600 0.026407 0.026930
0 0.543362 0.568568 0.028567 0.028792
0 0.380321 0.654012 0.039808 0.040554
0 0.500652 0.328198 0.021859 0.021627
0 0.380296 0.100227 0.033234 0.033460
0 0.779473 0.673415 0.029305 0.028748
0 0.348613 0.616748 0.031459 0.032437
0 0.149356 0.332388 0.023140 0.023059
0 0.600015 0.558783 0.025351 0.025388
0 0.408608 0.699967 0.027673 0.027714
0 0.177668 0.304481 0.021460 0.021328
0 0.854337 0.850030 0.030876 0.030951
0 0.510559 0.603539 0.022064 0.022306
0 0.523049 0.796104 0.021474 0.021212
0 0.245183 0.943063 0.021029 0.021162
0 0.642526 0.523804 0.027769 0.028609
0 0.345791 0.716862 0.022827 0.022476
0 0.294024 0.872083 0.020534 0.020417
0 0.479990 0.828321 0.026570 0.026594
0 0.440843 0.444872 0.021492 0.021426
0 0.804107 0.029352 0.031886 0.031502
0 0.036293 0.420153 0.032768 0.032775
0 0.405804 0.364533 0.019757 0.020001
0 0.617690 0.497614 0.025123 0.025637
0 0.491362 0.622977 0.024155 0.024343
0 0.560284 0.242414 0.020051 0.020339
0 0.183330 0.650824 0.020455 0.020464
0 0.482010 0.493356 0.024612 0.024905
0 0.161848 0.048227 0.022828 0.022900
0 0.417640 0.205505 0.019932 0.020209
0 0.861885 0.696687 0.020140 0.020023
0 0.204849 0.501784 0.024038 0.024099
0 0.802942 0.165458 0.042767 0.041561
0 0.288265 0.526378 0.027474 0.027325
0 0.020870 0.352950 0.040909 0.079164
0 0.361809 0.119954 0.029067 0.027986
0 0.832837 0.028424 0.018961 0.019244
0 0.883381 0.544348 0.020125 0.020421
0 0.334453 0.637307 0.028807 0.029494
0 0.646391 0.993323 0.023296 0.013267
0 0.734282 0.014963 0.074984 0.029846
0 0.582744 0.672669 0.023672 0.023366
0 0.370452 0.890726 0.019403 0.019463
0 0.523372 0.394463 0.020704 0.021650
0 0.436778 0.692089 0.021396 0.020950
0 0.961714 0.485584 0.022416 0.022479
0 0.648389 0.571736 0.020967 0.020772
0 0.500802 0.152296 0.019813 0.019849
0 0.078031 0.228704 0.020646 0.020402
0 0.400574 0.890698 0.020435 0.020616
0 0.459440 0.266887 0.019277 0.019475
