0 0.909568 0.200136 0.025830 0.026158
0 0.379690 0.585637 0.026395 0.026808
0 0.760731 0.639814 0.026407 0.026315
0 0.167791 0.875979 0.042685 0.042496
0 0.579074 0.209332 0.052414 0.052804
0 0.496055 0.859486 0.062562 0.062258
0 0.418497 0.077150 0.028445 0.027994
0 0.723889 0.265021 0.030653 0.030915
0 0.195499 0.187127 0.035756 0.034899
0 0.438464 0.362272 0.025097 0.025095
0 0.400144 0.241328 0.033385 0.033374
0 0.400015 0.736546 0.035607 0.035483
0 0.880397 0.216384 0.036759 0.036020
0 0.114265 0.311636 0.225673 0.232288
0 0.089415 0.458376 0.040627 0.041041
0 0.831273 0.390573 0.022476 0.022539
0 0.563822 0.324149 0.025862 0.026127
0 0.345150 0.196372 0.032283 0.032257
0 0.376345 0.697937 0.028485 0.028487
0 0.610012 0.131606 0.025428 0.025417
0 0.962816 0.545372 0.040718 0.041170
0 0.186791 0.965614 0.063430 0.061650
0 0.051479 0.823434 0.052683 0.052325
0 0.425855 0.223815 0.021567 0.021788
0 0.733694 0.096201 0.060722 0.061386
0 0.615337 0.158191 0.026237 0.026688
0 0.780501 0.030536 0.062366 0.060897
0 0.768082 0.240948 0.027662 0.027583
0 0.151965 0.922591 0.055223 0.054944
0 0.458480 0.516932 0.031118 0.031955
0 0.590549 0.065594 0.046139 0.045679
0 0.225156 0.217259 0.022571 0.023045
0 0.387996 0.945779 0.041538 0.040629
0 0.444972 0.666774 0.049059 0.048980
0 0.402409 0.909619 0.036573 0.037451
0 0.073247 0.085162 0.022233 0.022325
0 0.836861 0.221916 0.021190 0.021195
0 0.653213 0.131663 0.036903 0.037078
0 0.952352 0.400143 0.026164 0.025906
0 0.386766 0.538122 0.025390 0.025186
0 0.683305 0.123624 0.021639 0.021629
0 0.622805 0.553829 0.033487 0.032910
0 0.748348 0.210328 0.026856 0.027279
0 0.782690 0.221358 0.028096 0.028368
0 0.474519 0.403891 0.021937 0.022151
0 0.918420 0.117535 0.051760 0.051759
0 0.761686 0.495463 0.020114 0.020316
0 0.666652 0.078234 0.027900 0.028122
0 0.607945 0.329300 0.033141 0.032397
0 0.638414 0.366299 0.032466 0.033574
0 0.384223 0.889449 0.030555 0.030814
0 0.311311 0.104430 0.020116 0.020117
0 0.020406 0.947689 0.020653 0.020810
0 0.886694 0.528329 0.032227 0.031783
0 0.013323 0.913078 0.026645 0.050684
0 0.807679 0.062468 0.039138 0.040170
0 0.509217 0.624602 0.019012 0.018915
0 0.610524 0.404557 0.022007 0.021716
0 0.210921 0.446104 0.022129 0.022220
0 0.014188 0.840317 0.025734 0.026322
0 0.937387 0.382512 0.031040 0.031649
0 0.920932 0.079712 0.052796 0.052899
0 0.807163 0.166871 0.020158 0.020341
0 0.008856 0.820766 0.017712 0.034631
0 0.419827 0.283285 0.023714 0.025541
0 0.117511 0.872374 0.020161 0.020291
0 0.690659 0.033716 0.154298 0.067274
0 0.589829 0.352600 0.034480 0.035464
0 0.825435 0.186549 0.020187 0.020698
0 0.951557 0.094891 0.022579 0.023392
0 0.463718 0.354504 0.019320 0.019463
0 0.014929 0.564683 0.029859 0.064817
0 0.786890 0.729079 0.021095 0.020914
0 0.051548 0.581114 0.048473 0.048165
0 0.088932 0.666292 0.121918 0.123416
0 0.168133 0.077153 0.020014 0.020395
0 0.435035 0.595136 0.018800 0.018718
0 0.863474 0.072209 0.019221 0.019486
0 0.887644 0.952077 0.019045 0.019055
0 0.468220 0.224749 0.022124 0.022140
0 0.368367 0.039427 0.240538 0.078853
0 0.467785 0.592041 0.020363 0.020256
0 0.773455 0.109862 0.024367 0.023588
0 0.501750 0.375047 0.017824 0.018124
0 0.467978 0.567914 0.022750 0.022378
0 0.242280 0.751513 0.026135 0.026824
0 0.770187 0.797745 0.019405 0.019356
0 0.773034 0.202440 0.020708 0.020464
0 0.472091 0.121947 0.023819 0.023519
0 0.147529 0.291404 0.022231 0.022181
0 0.557584 0.032187 0.055498 0.052215
0 0.887100 0.423655 0.025441 0.026330
0 0.097853 0.877357 0.079044 0.077526
0 0.510764 0.190648 0.041228 0.040819
0 0.291626 0.274956 0.019591 0.019459
0 0.178907 0.320712 0.020039 0.019828
0 0.178693 0.057453 0.020664 0.020676
0 0.629663 0.658554 0.018762 0.018995
0 0.036493 0.207164 0.072941 0.200462
0 0.418533 0.493270 0.018447 0.018349
0 0.471337 0.821890 0.029599 0.029819
0 0.310798 0.147928 0.019791 0.019620
0 0.788694 0.089299 0.022916 0.022824
0 0.567618 0.016716 0.031538 0.029911
0 0.841846 0.019011 0.021714 0.021264
0 0.807513 0.828860 0.030912 0.030258
0 0.464912 0.986065 0.030356 0.027401
0 0.432429 0.926368 0.019776 0.019777
0 0.449039 0.911208 0.023230 0.025211
0 0.647471 0.285658 0.017511 0.017364
0 0.792626 0.198788 0.019814 0.019536
0 0.984644 0.844061 0.030712 0.039704
0 0.841564 0.969689 0.022506 0.022590
0 0.589988 0.524887 0.017892 0.018148
0 0.745933 0.177035 0.021007 0.020539
0 0.791816 0.256282 0.025398 0.025660
0 0.598795 0.510939 0.019028 0.018876
0 0.649947 0.581110 0.019934 0.019975
0 0.433439 0.983717 0.032924 0.031172
0 0.353246 0.988637 0.019522 0.019580
0 0.986910 0.568827 0.026135 0.076467
0 0.788927 0.073930 0.026781 0.025583
0 0.958889 0.176764 0.021251 0.022042
0 0.974452 0.338903 0.017558 0.017604
0 0.050255 0.855413 0.031374 0.031737
0 0.452405 0.343086 0.020375 0.020099
