0 0.050541 0.953279 0.067819 0.065677
0 0.462870 0.725642 0.039679 0.038778
0 0.132870 0.477179 0.058191 0.057914
0 0.895094 0.086853 0.055911 0.056295
0 0.531758 0.655465 0.055624 0.054776
0 0.754529 0.155283 0.030328 0.029924
0 0.129064 0.545247 0.032108 0.032251
0 0.831092 0.589835 0.028431 0.028156
0 0.133292 0.326392 0.036021 0.035722
0 0.475798 0.622502 0.050842 0.050656
0 0.096700 0.204589 0.031967 0.031446
0 0.916583 0.568073 0.025287 0.025698
0 0.255591 0.407940 0.024163 0.024223
0 0.057992 0.188874 0.023972 0.023840
0 0.823280 0.468122 0.035217 0.034614
0 0.667724 0.525887 0.023895 0.023564
0 0.409522 0.124427 0.037720 0.036348
0 0.353362 0.536345 0.027300 0.027317
0 0.250679 0.992714 0.029073 0.014499
0 0.186855 0.086657 0.068232 0.068509
0 0.078692 0.987678 0.032981 0.024645
0 0.970977 0.424879 0.058046 0.081846
