0 0.664462 0.615415 0.283982 0.274881
0 0.220067 0.559373 0.160058 0.164783
0 0.942728 0.392893 0.085756 0.087830
0 0.573840 0.360770 0.078468 0.077875
0 0.709844 0.228693 0.052497 0.052092
0 0.471754 0.854984 0.035214 0.034623
0 0.140712 0.123956 0.061095 0.059955
0 0.177652 0.427930 0.034304 0.033632
0 0.038271 0.793830 0.075943 0.123043
0 0.788583 0.331610 0.066323 0.065386
0 0.112787 0.978680 0.045299 0.042639
0 0.984407 0.778837 0.031186 0.038501
0 0.228182 0.920161 0.028996 0.028865
0 0.946433 0.521985 0.032274 0.032317
0 0.076401 0.991223 0.037914 0.017061
0 0.891540 0.549798 0.023792 0.023946
0 0.820199 0.991505 0.024073 0.016842
0 0.568637 0.894032 0.057252 0.059222
0 0.591065 0.957845 0.128528 0.084293
0 0.906909 0.461223 0.031164 0.031474
0 0.161724 0.935105 0.030256 0.031315
0 0.143505 0.957360 0.036537 0.036564
0 0.795869 0.294392 0.036189 0.036477
0 0.397211 0.902619 0.026953 0.026190
0 0.419972 0.976496 0.085417 0.047008
0 0.943020 0.768239 0.113961 0.233584
0 0.608456 0.892687 0.033465 0.033772
0 0.869023 0.960900 0.021323 0.021327
0 0.417009 0.056215 0.021839 0.021809
0 0.944394 0.935328 0.110067 0.128731
0 0.343312 0.886314 0.025458 0.025520
0 0.088083 0.543189 0.033747 0.033566
0 0.604457 0.398495 0.022332 0.021966
0 0.454773 0.692962 0.043364 0.042725
0 0.384784 0.919783 0.025409 0.025228
0 0.973226 0.458553 0.052874 0.060828
0 0.277869 0.971748 0.239260 0.056154
0 0.648352 0.924507 0.022162 0.022542
0 0.523292 0.895407 0.028625 0.028877
0 0.162100 0.146097 0.028902 0.028130
0 0.378320 0.778338 0.040309 0.039733
0 0.048517 0.121008 0.096171 0.126915
0 0.203347 0.379353 0.021674 0.021708
0 0.595693 0.419165 0.036549 0.034699
0 0.134839 0.564104 0.046644 0.047648
