0 0.410933 0.822931 0.290774 0.296991
0 0.301677 0.407433 0.218504 0.218000
0 0.754464 0.362067 0.029376 0.029068
0 0.264371 0.880671 0.047853 0.048393
0 0.805981 0.417115 0.026010 0.026231
0 0.254994 0.969905 0.033525 0.033999
0 0.777890 0.685240 0.047045 0.047342
0 0.869299 0.644128 0.022099 0.022224
0 0.135904 0.907569 0.059570 0.059479
0 0.091576 0.683502 0.051429 0.051231
0 0.099614 0.793134 0.105785 0.105982
0 0.115955 0.438478 0.092084 0.090920
0 0.553543 0.428915 0.036917 0.036418
0 0.703154 0.969143 0.044359 0.045365
0 0.199228 0.467422 0.036036 0.035287
0 0.750620 0.928548 0.049748 0.049555
0 0.450938 0.593267 0.167878 0.166024
0 0.211396 0.894354 0.063375 0.063717
0 0.834605 0.119963 0.027246 0.026659
0 0.055017 0.151449 0.030078 0.030193
0 0.036599 0.879424 0.036927 0.036981
0 0.171894 0.622247 0.040268 0.040255
0 0.523239 0.499731 0.033420 0.033553
0 0.030723 0.241483 0.022623 0.022618
0 0.808435 0.188770 0.046572 0.046684
0 0.583401 0.010818 0.033251 0.021636
0 0.140595 0.032511 0.069173 0.065010
0 0.015787 0.618146 0.029279 0.029288
0 0.085229 0.116914 0.020840 0.020616
0 0.724246 0.011072 0.024418 0.022145
0 0.190128 0.931972 0.025175 0.024727
0 0.567391 0.082080 0.023459 0.023186
0 0.070396 0.559250 0.048430 0.046881
0 0.510552 0.471215 0.023287 0.023452
0 0.973301 0.429334 0.024496 0.024409
0 0.158630 0.723726 0.040595 0.041411
0 0.195128 0.297851 0.047874 0.047595
0 0.329202 0.013931 0.027424 0.026866
0 0.908717 0.934429 0.022198 0.022514
0 0.970711 0.112622 0.023008 0.022636
0 0.060774 0.582174 0.021111 0.021658
0 0.132751 0.619317 0.021594 0.021849
0 0.609240 0.739715 0.022726 0.022555
0 0.158667 0.570725 0.027198 0.028287
0 0.102858 0.638064 0.032137 0.034081
0 0.060160 0.946983 0.109966 0.103611
0 0.796563 0.954814 0.021323 0.021445
0 0.699731 0.685321 0.022987 0.022971
0 0.202775 0.014841 0.097673 0.029682
0 0.015599 0.576570 0.031197 0.038061
0 0.470634 0.489503 0.022072 0.021825
0 0.218763 0.505671 0.056834 0.056465
0 0.200795 0.707047 0.074800 0.077883
0 0.075646 0.599314 0.033980 0.033941
0 0.463633 0.990306 0.050845 0.019388
0 0.080310 0.631719 0.018217 0.018280
0 0.936505 0.028790 0.020030 0.020338
0 0.497197 0.310797 0.031451 0.031580
0 0.561924 0.212346 0.029293 0.029420
0 0.137465 0.566737 0.019022 0.020690
0 0.008457 0.138413 0.016655 0.021153
0 0.111953 0.959545 0.152481 0.080910
0 0.825336 0.737112 0.019848 0.020286
0 0.649314 0.413031 0.036883 0.036502
0 0.656870 0.129885 0.147957 0.148286
0 0.284252 0.691441 0.104899 0.104843
0 0.201062 0.587009 0.024361 0.024322
0 0.099811 0.484543 0.019775 0.019433
0 0.010822 0.404429 0.021498 0.029931
0 0.892088 0.986673 0.023474 0.023198
0 0.338327 0.258302 0.099087 0.099248
0 0.181063 0.234545 0.019909 0.019992
0 0.890447 0.767987 0.020510 0.020470
0 0.116949 0.861811 0.031704 0.031879
0 0.228634 0.581663 0.035634 0.038573
0 0.580156 0.034767 0.022297 0.022507
0 0.538691 0.015521 0.056093 0.031043
0 0.375680 0.683138 0.050210 0.050393
0 0.912685 0.384368 0.060221 0.061545
0 0.243364 0.548293 0.023690 0.024253
0 0.958851 0.981856 0.027864 0.027628
0 0.007161 0.487852 0.014321 0.027858
0 0.419069 0.204434 0.054490 0.054579
0 0.007232 0.777863 0.014331 0.019630
0 0.012035 0.512367 0.023756 0.043861
0 0.799860 0.087162 0.019604 0.019647
0 0.100869 0.572834 0.019252 0.019774
