0 0.347317 0.268572 0.045501 0.045214
0 0.119422 0.802044 0.030087 0.030212
0 0.538840 0.271547 0.058444 0.057729
0 0.173950 0.489529 0.041063 0.041125
0 0.181725 0.398634 0.024402 0.024295
0 0.128348 0.715033 0.032388 0.032286
0 0.095203 0.168387 0.031375 0.031546
0 0.212337 0.964728 0.034329 0.034280
0 0.161265 0.710029 0.021531 0.021884
0 0.276336 0.839471 0.037086 0.036823
0 0.226192 0.031481 0.030081 0.030485
0 0.088258 0.055902 0.023532 0.023614
0 0.030504 0.091386 0.028660 0.028139
0 0.576522 0.939002 0.032880 0.032784
0 0.564502 0.615699 0.031826 0.031883
0 0.127928 0.773340 0.027802 0.027683
0 0.503307 0.915512 0.022259 0.022738
0 0.103001 0.925836 0.044308 0.043554
0 0.273058 0.072516 0.022024 0.021881
0 0.242699 0.538864 0.027427 0.026970
0 0.473805 0.448903 0.087817 0.088812
0 0.327098 0.450122 0.041447 0.041210
0 0.042408 0.114721 0.020340 0.020266
0 0.414802 0.815164 0.046197 0.046842
0 0.486393 0.045607 0.026523 0.026242
0 0.064033 0.954715 0.022151 0.021832
0 0.472242 0.903926 0.020831 0.020709
0 0.142356 0.906618 0.030087 0.029712
0 0.354442 0.988126 0.030886 0.023749
0 0.566695 0.643579 0.023567 0.023815
0 0.412548 0.220821 0.023020 0.023277
0 0.098038 0.780582 0.018401 0.018545
0 0.501373 0.243586 0.038532 0.038033
0 0.581719 0.409834 0.038914 0.036692
0 0.486727 0.139906 0.027778 0.027653
0 0.249695 0.009057 0.040664 0.017840
0 0.044815 0.976685 0.084428 0.046631
0 0.146001 0.792888 0.020167 0.019920
0 0.313179 0.276794 0.023103 0.022872
0 0.498456 0.553361 0.022537 0.022852
0 0.417816 0.008252 0.025145 0.016409
0 0.118305 0.917539 0.019708 0.022597
0 0.017592 0.867191 0.035185 0.046927
0 0.371787 0.319884 0.021772 0.021752
0 0.053614 0.869389 0.038414 0.038145
0 0.538994 0.599164 0.026071 0.026342
0 0.048910 0.593078 0.038846 0.038273
0 0.046470 0.647091 0.086104 0.090163
0 0.343865 0.050997 0.020733 0.020352
0 0.568166 0.239519 0.026625 0.027529
0 0.568937 0.734608 0.018256 0.018631
0 0.392839 0.527351 0.041995 0.042574
