0 0.346664 0.564314 0.306467 0.261867
0 0.031166 0.765006 0.062332 0.057543
0 0.847145 0.190808 0.040184 0.036840
0 0.884432 0.378719 0.030994 0.028950
0 0.380681 0.577141 0.069937 0.064015
0 0.835022 0.364734 0.031453 0.029281
0 0.225852 0.975192 0.089082 0.049604
0 0.342232 0.511735 0.044906 0.036092
0 0.051473 0.498814 0.034516 0.029982
0 0.923883 0.129419 0.039903 0.035564
0 0.071100 0.893203 0.082729 0.070173
0 0.484631 0.259392 0.108084 0.097178
0 0.256507 0.847068 0.122786 0.104840
0 0.825420 0.943818 0.135378 0.108427
0 0.729666 0.880392 0.128344 0.109448
0 0.818072 0.315304 0.031703 0.029382
0 0.991844 0.279976 0.015837 0.053044
0 0.458911 0.440154 0.026455 0.025443
0 0.635705 0.073933 0.029894 0.026659
0 0.462968 0.384367 0.182863 0.166128
0 0.657594 0.122185 0.036880 0.031624
0 0.592702 0.314970 0.027477 0.025234
0 0.672219 0.450934 0.026938 0.024451
0 0.919265 0.163284 0.029398 0.027611
0 0.668220 0.076514 0.031159 0.027108
