0 0.530396 0.780722 0.029732 0.029370
0 0.525433 0.143913 0.082894 0.077252
0 0.603294 0.706072 0.052038 0.051360
0 0.312734 0.374691 0.033204 0.032259
0 0.868962 0.015849 0.044146 0.031698
0 0.896839 0.813398 0.046259 0.045575
0 0.468360 0.052383 0.164426 0.104767
0 0.700670 0.958231 0.034078 0.033156
0 0.350392 0.624104 0.063023 0.062619
0 0.191640 0.824494 0.065766 0.066926
0 0.830944 0.125817 0.024750 0.024529
0 0.114316 0.722794 0.065067 0.064416
0 0.236374 0.584093 0.036882 0.036797
0 0.804993 0.272500 0.037888 0.037213
0 0.072864 0.118687 0.022024 0.022267
0 0.379930 0.278896 0.030165 0.030661
0 0.705635 0.726240 0.022223 0.021939
0 0.428189 0.239933 0.089737 0.089236
0 0.384698 0.365915 0.024928 0.024626
0 0.729523 0.168108 0.038280 0.037131
0 0.574451 0.965657 0.031479 0.031888
0 0.218010 0.910425 0.043891 0.044302
0 0.304833 0.863968 0.056467 0.057290
0 0.487634 0.910614 0.030388 0.029727
0 0.415370 0.326837 0.071344 0.072403
0 0.594421 0.429625 0.022762 0.022204
0 0.411719 0.400017 0.033087 0.033075
0 0.866432 0.914588 0.022607 0.022226
0 0.794299 0.013601 0.035719 0.027202
0 0.677694 0.361731 0.225049 0.213660
0 0.323720 0.409913 0.043252 0.042976
0 0.172260 0.875773 0.075893 0.076344
0 0.010035 0.746797 0.019865 0.044589
0 0.928106 0.834964 0.023310 0.023354
0 0.745123 0.596750 0.027051 0.026422
0 0.413372 0.778925 0.195320 0.191462
0 0.525312 0.371649 0.069244 0.067486
0 0.552222 0.759630 0.030655 0.030535
0 0.290282 0.066326 0.080577 0.079569
0 0.076544 0.849687 0.134896 0.141821
0 0.911835 0.581119 0.175156 0.365098
0 0.295424 0.260719 0.072069 0.072196
0 0.312925 0.525796 0.049083 0.048662
0 0.992328 0.937699 0.015219 0.030271
0 0.512275 0.259584 0.069948 0.068708
0 0.816263 0.903765 0.100523 0.101442
0 0.747810 0.437180 0.193230 0.190092
0 0.632873 0.735436 0.028665 0.028946
0 0.528123 0.052857 0.040359 0.038347
0 0.607913 0.655476 0.027651 0.026851
0 0.694313 0.447835 0.025427 0.027918
0 0.120140 0.073760 0.046416 0.048927
0 0.658475 0.559255 0.134806 0.138094
0 0.911949 0.339904 0.173164 0.179739
