0 0.075223 0.110259 0.028847 0.028851
0 0.230649 0.455091 0.032311 0.031502
0 0.565687 0.845412 0.052214 0.050912
0 0.270053 0.782658 0.031948 0.031346
0 0.041041 0.904894 0.082082 0.085795
0 0.118950 0.357043 0.027694 0.027835
0 0.481281 0.858771 0.041586 0.040362
0 0.374239 0.012500 0.028239 0.024945
0 0.185572 0.714315 0.024061 0.023931
0 0.211495 0.605220 0.035646 0.035564
0 0.236023 0.365198 0.027508 0.027355
0 0.339730 0.276852 0.027086 0.027054
0 0.346962 0.471408 0.028169 0.027938
0 0.578552 0.216274 0.043834 0.043609
0 0.151345 0.460940 0.021820 0.021876
0 0.200556 0.630564 0.021596 0.022322
0 0.116487 0.544765 0.025780 0.025719
0 0.289804 0.546712 0.025616 0.025797
0 0.107073 0.341592 0.020809 0.020799
0 0.091618 0.360363 0.023110 0.023193
0 0.291501 0.403007 0.021347 0.020987
0 0.024996 0.878926 0.049387 0.062039
0 0.311260 0.210452 0.032084 0.032420
0 0.194712 0.010782 0.020879 0.020478
0 0.009403 0.100850 0.017617 0.018553
0 0.254470 0.754130 0.023551 0.023430
0 0.237569 0.768571 0.021418 0.021285
0 0.337172 0.624854 0.019907 0.019809
0 0.581373 0.479369 0.022298 0.022121
