0 0.091346 0.667901 0.083621 0.083067
0 0.965758 0.474528 0.025259 0.025139
0 0.975324 0.514494 0.027422 0.027153
0 0.654866 0.307365 0.044190 0.044502
0 0.917235 0.834720 0.038596 0.038689
0 0.276272 0.576897 0.059307 0.058969
0 0.573436 0.803828 0.030113 0.030371
0 0.055943 0.484477 0.025182 0.025116
0 0.946846 0.118179 0.035034 0.035227
0 0.425436 0.054637 0.098902 0.099496
0 0.922832 0.367438 0.045213 0.044678
0 0.768770 0.018675 0.036481 0.036336
0 0.942485 0.716407 0.031526 0.031330
0 0.341041 0.900034 0.024537 0.025061
0 0.809402 0.148117 0.079521 0.080539
0 0.908566 0.249233 0.027690 0.027578
0 0.750488 0.291604 0.047995 0.047457
0 0.266665 0.469961 0.028600 0.028723
0 0.857536 0.573921 0.105073 0.102961
0 0.348760 0.673826 0.032769 0.033027
0 0.213991 0.476242 0.032042 0.031505
0 0.664097 0.943737 0.169649 0.112525
0 0.707945 0.470061 0.044785 0.045368
0 0.239285 0.802455 0.028919 0.029174
0 0.721506 0.568498 0.095206 0.095530
0 0.811936 0.286671 0.031704 0.032420
0 0.625906 0.875361 0.030631 0.029897
0 0.294329 0.708356 0.043132 0.042847
0 0.489309 0.951292 0.108338 0.097416
0 0.114831 0.516938 0.030232 0.030262
0 0.225080 0.706537 0.050087 0.050200
0 0.822353 0.350342 0.057573 0.057432
0 0.204835 0.655462 0.040898 0.041350
0 0.082863 0.373495 0.023316 0.023583
0 0.802230 0.710069 0.105456 0.105983
0 0.401781 0.860992 0.054829 0.054141
0 0.655197 0.614044 0.022595 0.022399
0 0.822142 0.311534 0.036784 0.036569
0 0.295225 0.777089 0.036263 0.037198
0 0.477059 0.897326 0.032334 0.032783
0 0.463723 0.732070 0.023430 0.023628
0 0.576898 0.139967 0.022261 0.022223
0 0.978302 0.212553 0.024290 0.024189
0 0.149728 0.956446 0.022903 0.022799
0 0.680518 0.387457 0.023126 0.023145
0 0.377303 0.834666 0.028807 0.028172
0 0.913905 0.466872 0.172189 0.256252
0 0.131864 0.496424 0.024655 0.025253
0 0.160363 0.636510 0.021692 0.022053
0 0.752684 0.256280 0.037921 0.038143
0 0.950386 0.575514 0.020781 0.020895
0 0.659842 0.405494 0.022129 0.022009
0 0.039953 0.879336 0.030731 0.030666
0 0.268736 0.837050 0.023601 0.024990
0 0.293325 0.809440 0.034682 0.033064
0 0.231207 0.830572 0.020435 0.020749
0 0.757028 0.373656 0.021867 0.021870
0 0.420449 0.615695 0.028357 0.028892
0 0.660192 0.015369 0.082983 0.030737
0 0.350254 0.552636 0.024939 0.024976
0 0.813947 0.912172 0.023632 0.023798
0 0.234293 0.535225 0.026352 0.025221
0 0.421605 0.671738 0.025607 0.024272
0 0.219182 0.673457 0.024608 0.022377
0 0.388845 0.527942 0.040019 0.040611
0 0.540327 0.023900 0.028473 0.028383
0 0.600543 0.422471 0.039044 0.039787
0 0.294256 0.680237 0.022376 0.022561
0 0.008673 0.838991 0.017347 0.025660
0 0.456467 0.787486 0.021174 0.020996
0 0.317257 0.828614 0.022733 0.023755
0 0.463968 0.874066 0.029231 0.031331
0 0.170088 0.671095 0.019900 0.018991
0 0.659185 0.986318 0.051064 0.026577
0 0.254653 0.417336 0.022842 0.023347
0 0.725129 0.414553 0.063945 0.064235
0 0.314902 0.739161 0.020652 0.022129
0 0.897901 0.560470 0.021535 0.021114
0 0.867690 0.342434 0.019613 0.019692
0 0.459982 0.512640 0.054937 0.056418
0 0.234714 0.544548 0.030987 0.033353
0 0.775247 0.330636 0.019555 0.019742
0 0.051963 0.285900 0.020024 0.020468
0 0.258268 0.621247 0.028965 0.029088
0 0.960905 0.058312 0.019966 0.020133
0 0.301793 0.736584 0.026171 0.026453
0 0.434468 0.900397 0.040994 0.041476
0 0.562262 0.006318 0.046842 0.012547
0 0.787263 0.380906 0.026147 0.026399
0 0.410501 0.496595 0.043783 0.045053
0 0.710209 0.651235 0.089190 0.089670
0 0.324658 0.034791 0.018968 0.019671
0 0.894737 0.198069 0.019231 0.019166
0 0.637644 0.453393 0.020376 0.020315
0 0.007107 0.973023 0.014018 0.051636
0 0.956598 0.277374 0.086805 0.136085
0 0.106912 0.749814 0.033584 0.032384
0 0.749138 0.909775 0.021766 0.022241
0 0.148339 0.609678 0.022824 0.022204
0 0.408479 0.699463 0.020665 0.020717
0 0.108454 0.992408 0.019572 0.015184
0 0.530077 0.548247 0.024723 0.024730
0 0.309806 0.830248 0.028736 0.029148
0 0.867288 0.538130 0.021356 0.021610
0 0.181585 0.480260 0.029338 0.029088
0 0.769754 0.354004 0.028066 0.027958
0 0.413825 0.652299 0.022367 0.022301
