0 0.696249 0.792777 0.063322 0.062417
0 0.310586 0.885146 0.048941 0.048879
0 0.799497 0.769011 0.048523 0.048223
0 0.780846 0.303206 0.038183 0.037930
0 0.861420 0.977327 0.046036 0.045164
0 0.570712 0.352830 0.055696 0.057093
0 0.875214 0.311147 0.051291 0.052311
0 0.897275 0.204978 0.040659 0.040778
0 0.334352 0.967467 0.047654 0.046707
0 0.959930 0.069367 0.024940 0.025556
0 0.921465 0.412828 0.030254 0.029984
0 0.185772 0.460298 0.030524 0.030200
0 0.015810 0.901314 0.031429 0.040380
0 0.957885 0.430681 0.036050 0.035735
0 0.356192 0.705279 0.044075 0.044579
0 0.444991 0.270135 0.029813 0.029954
0 0.241335 0.982310 0.046046 0.035380
0 0.846749 0.400200 0.032641 0.032952
0 0.365562 0.243281 0.025740 0.025215
0 0.707944 0.073390 0.041500 0.041429
0 0.309034 0.261392 0.023948 0.023766
0 0.241301 0.309672 0.027154 0.027119
0 0.431359 0.075444 0.255031 0.150889
0 0.663342 0.561949 0.034420 0.034529
0 0.810917 0.645535 0.026230 0.026159
0 0.635290 0.781806 0.047599 0.048008
0 0.727450 0.659862 0.029674 0.029241
0 0.485098 0.590724 0.024224 0.024412
0 0.644590 0.532052 0.032151 0.032553
0 0.101367 0.160419 0.023589 0.023545
0 0.610980 0.373807 0.030703 0.029718
0 0.169602 0.276255 0.030932 0.030816
0 0.721066 0.416117 0.051556 0.051907
0 0.285695 0.416796 0.026593 0.026186
0 0.267821 0.923260 0.031448 0.031305
0 0.067844 0.909033 0.024955 0.024404
0 0.300677 0.765159 0.031672 0.032366
0 0.267659 0.822690 0.030940 0.031769
0 0.741048 0.380256 0.027456 0.026866
0 0.011011 0.833729 0.022022 0.028547
0 0.572701 0.733023 0.034743 0.035298
0 0.682525 0.040848 0.024565 0.025127
0 0.980598 0.448183 0.027547 0.027884
0 0.483581 0.982760 0.181030 0.033778
0 0.120741 0.847151 0.032121 0.032540
0 0.113046 0.468178 0.022106 0.021931
0 0.352067 0.677754 0.023914 0.022287
0 0.618965 0.838319 0.026528 0.025776
0 0.220463 0.427628 0.032062 0.031944
0 0.576920 0.746240 0.033274 0.031483
0 0.207425 0.848793 0.038446 0.039029
0 0.102769 0.747704 0.023038 0.023044
0 0.727813 0.610948 0.020812 0.020918
