0 0.273397 0.765769 0.187496 0.187727
0 0.034843 0.630789 0.029647 0.029714
0 0.192495 0.646782 0.036211 0.035809
0 0.141757 0.870556 0.028242 0.028005
0 0.749393 0.936218 0.092821 0.093615
0 0.472763 0.700889 0.037170 0.037466
0 0.457531 0.867330 0.038828 0.038804
0 0.307420 0.374073 0.336037 0.353783
0 0.458672 0.904316 0.025276 0.025013
0 0.282834 0.950868 0.022983 0.022640
0 0.543988 0.694791 0.091975 0.092872
0 0.887847 0.538863 0.058704 0.057637
0 0.918727 0.171037 0.028629 0.028549
0 0.224866 0.915020 0.033847 0.034497
0 0.896424 0.674510 0.035807 0.036183
0 0.648821 0.698189 0.050302 0.051446
0 0.350011 0.938322 0.025008 0.024702
0 0.494288 0.064522 0.023938 0.024366
0 0.386534 0.819643 0.029864 0.030357
0 0.055158 0.869772 0.026260 0.025984
0 0.049373 0.824047 0.023667 0.023441
0 0.043954 0.328670 0.087907 0.111002
0 0.576577 0.147653 0.022417 0.022529
0 0.164385 0.497912 0.027173 0.027010
0 0.593988 0.614203 0.120025 0.118288
0 0.852494 0.657598 0.071892 0.071238
0 0.462486 0.036694 0.028146 0.028034
0 0.267348 0.613727 0.047035 0.046737
0 0.788923 0.455013 0.032582 0.031726
0 0.202509 0.989391 0.040317 0.021219
0 0.266992 0.865008 0.027951 0.028311
0 0.766117 0.592220 0.113811 0.114560
0 0.088206 0.543441 0.022533 0.022694
0 0.441515 0.974331 0.045330 0.043891
0 0.927403 0.575817 0.078656 0.078778
0 0.546214 0.799019 0.025560 0.025532
0 0.644028 0.564705 0.070588 0.069719
0 0.023109 0.145601 0.028985 0.029283
0 0.833226 0.555427 0.056070 0.057202
0 0.859963 0.692891 0.046390 0.046264
0 0.801608 0.845562 0.020064 0.020333
0 0.134833 0.980426 0.023307 0.023201
0 0.826402 0.487735 0.076572 0.077595
0 0.941708 0.819859 0.042097 0.043622
0 0.562436 0.892224 0.051628 0.053084
0 0.541381 0.187033 0.053696 0.052441
0 0.188656 0.533387 0.021218 0.021067
0 0.042710 0.850552 0.030761 0.030210
0 0.225644 0.672446 0.037196 0.037913
0 0.443215 0.006200 0.030975 0.012399
0 0.931043 0.858659 0.027399 0.027076
0 0.326097 0.907578 0.018305 0.018466
0 0.370208 0.801127 0.023121 0.022700
0 0.775367 0.266498 0.022052 0.022010
0 0.285231 0.485304 0.217895 0.208803
0 0.306926 0.640523 0.021670 0.021694
0 0.444528 0.635872 0.020240 0.020387
0 0.097802 0.987231 0.026157 0.024077
0 0.682227 0.296481 0.020116 0.020235
0 0.561010 0.810240 0.023537 0.023921
0 0.199234 0.963731 0.019305 0.019829
0 0.757262 0.495531 0.024227 0.024451
0 0.742223 0.168352 0.036895 0.037303
0 0.698007 0.266488 0.059464 0.060899
0 0.573144 0.103825 0.021793 0.021619
0 0.773990 0.476723 0.022934 0.024825
0 0.262947 0.975610 0.018469 0.018896
0 0.650711 0.760691 0.019560 0.019277
0 0.240188 0.889874 0.044505 0.044515
0 0.113361 0.939550 0.020340 0.020488
0 0.738548 0.281507 0.029537 0.030181
0 0.713274 0.359881 0.025021 0.027626
0 0.071383 0.735016 0.081679 0.085677
0 0.793325 0.508818 0.019486 0.019782
0 0.244611 0.964331 0.019568 0.018937
0 0.647925 0.870195 0.020355 0.020597
0 0.792214 0.523090 0.018828 0.018405
0 0.864310 0.070478 0.089738 0.089653
0 0.745322 0.149954 0.034955 0.036493
0 0.387126 0.862888 0.073067 0.072207
0 0.618247 0.888458 0.045016 0.045519
0 0.029653 0.007057 0.024311 0.014046
0 0.418827 0.533853 0.068501 0.069220
