0 0.554562 0.234689 0.023270 0.023656
0 0.724085 0.546411 0.029890 0.029946
0 0.857228 0.311360 0.023569 0.023621
0 0.624657 0.265561 0.031184 0.031415
0 0.452481 0.428066 0.227955 0.241300
0 0.758324 0.127391 0.022650 0.022666
0 0.894133 0.100791 0.025124 0.025053
0 0.792399 0.303107 0.049996 0.049896
0 0.615015 0.640020 0.026966 0.026873
0 0.074311 0.050446 0.044373 0.044360
0 0.509969 0.254706 0.040058 0.040326
0 0.864932 0.157718 0.041035 0.041044
0 0.446710 0.592978 0.030318 0.030462
0 0.499789 0.100812 0.034417 0.034432
0 0.820810 0.611767 0.029365 0.029461
0 0.392458 0.930959 0.027672 0.027252
0 0.805745 0.541794 0.027069 0.027002
0 0.607031 0.922896 0.029345 0.029270
0 0.570392 0.694515 0.030501 0.030571
0 0.082262 0.329623 0.034861 0.034850
0 0.971249 0.149922 0.030983 0.030823
0 0.658313 0.206066 0.024717 0.024233
0 0.505538 0.915549 0.034205 0.034211
0 0.922698 0.896459 0.086269 0.087216
0 0.791194 0.221869 0.028571 0.028336
0 0.892475 0.136267 0.026915 0.026387
0 0.813922 0.251595 0.048302 0.049350
0 0.379105 0.616241 0.025441 0.025214
0 0.814411 0.686463 0.024375 0.023962
0 0.039557 0.333587 0.042876 0.042378
0 0.741203 0.793754 0.026207 0.026249
0 0.292733 0.036296 0.029600 0.029737
0 0.087086 0.787819 0.030247 0.030541
0 0.979532 0.264184 0.038777 0.039348
0 0.617820 0.716723 0.021061 0.021188
0 0.856898 0.703446 0.021918 0.022242
0 0.845674 0.368977 0.039553 0.038864
0 0.070528 0.487473 0.039799 0.039055
0 0.951893 0.384802 0.031583 0.031625
0 0.181885 0.080397 0.028194 0.028426
0 0.767785 0.169926 0.026508 0.026617
0 0.779976 0.491814 0.023244 0.023748
0 0.636916 0.328632 0.178642 0.175676
0 0.742522 0.294519 0.021161 0.021095
0 0.062920 0.127111 0.029897 0.031182
0 0.801281 0.108256 0.026117 0.026238
0 0.773892 0.953036 0.040337 0.040773
0 0.520914 0.013159 0.029577 0.026159
0 0.528953 0.201360 0.052692 0.053717
0 0.899809 0.453103 0.021082 0.020940
0 0.984435 0.118373 0.030881 0.033396
0 0.232761 0.016729 0.055958 0.033458
0 0.927820 0.236426 0.020204 0.020381
0 0.134266 0.683326 0.021834 0.022440
0 0.896575 0.803863 0.021700 0.022483
0 0.148618 0.641667 0.034026 0.034310
0 0.628205 0.188563 0.022226 0.022127
0 0.497314 0.053329 0.027976 0.028397
0 0.721191 0.148222 0.021472 0.021694
0 0.087952 0.746036 0.023529 0.023877
0 0.099167 0.115104 0.045437 0.044810
0 0.603434 0.426635 0.028401 0.026395
0 0.182284 0.365441 0.037865 0.035628
0 0.328126 0.852298 0.022206 0.021472
0 0.906863 0.433948 0.026984 0.026749
0 0.950576 0.532987 0.023697 0.023969
0 0.818583 0.171379 0.028003 0.029863
0 0.200451 0.551483 0.031978 0.031582
0 0.840861 0.685891 0.021991 0.022242
0 0.966533 0.766354 0.036322 0.036732
0 0.040387 0.528181 0.039116 0.039159
0 0.135712 0.853377 0.020342 0.020276
0 0.315424 0.054967 0.028913 0.028101
0 0.584639 0.670750 0.025268 0.025623
0 0.606034 0.406411 0.042738 0.042860
0 0.700764 0.134736 0.027713 0.026634
0 0.651132 0.767971 0.150914 0.149107
0 0.959379 0.685253 0.020759 0.020913
0 0.150574 0.503685 0.143617 0.146847
0 0.277213 0.185731 0.021758 0.021813
0 0.989868 0.746314 0.019821 0.023733
0 0.692602 0.204182 0.021565 0.022150
0 0.553451 0.115814 0.033492 0.033877
0 0.715463 0.609935 0.019483 0.019571
0 0.649493 0.672473 0.033910 0.034505
0 0.628144 0.982269 0.019060 0.019369
0 0.410132 0.749189 0.029969 0.030154
0 0.895801 0.746566 0.023634 0.023452
0 0.305716 0.509520 0.024173 0.024129
0 0.311960 0.491014 0.026131 0.025815
0 0.273746 0.530317 0.019910 0.020012
0 0.055580 0.438389 0.028010 0.028467
0 0.963462 0.668291 0.018968 0.019126
0 0.273510 0.970216 0.020851 0.020921
0 0.102602 0.441316 0.027473 0.027100
0 0.722806 0.804906 0.019233 0.018562
0 0.084344 0.461705 0.034555 0.034705
0 0.693302 0.707303 0.020031 0.020487
0 0.297687 0.541007 0.021514 0.021771
0 0.285296 0.437384 0.142303 0.143429
0 0.710408 0.181163 0.034490 0.034226
0 0.666080 0.168978 0.020018 0.020392
0 0.497617 0.285358 0.021789 0.021801
0 0.008362 0.245130 0.016657 0.022838
0 0.752178 0.476872 0.062474 0.063232
0 0.815394 0.094505 0.020348 0.020921
0 0.234989 0.562643 0.022731 0.022764
0 0.599609 0.057814 0.085926 0.088556
0 0.363419 0.323619 0.040396 0.040225
0 0.028874 0.035086 0.033789 0.034186
0 0.502766 0.746251 0.022369 0.022063
0 0.120459 0.271656 0.020777 0.021052
0 0.146668 0.392308 0.023160 0.023554
0 0.167055 0.578849 0.020265 0.020072
0 0.128100 0.431477 0.026844 0.026272
0 0.823901 0.842807 0.019728 0.018920
0 0.726513 0.025941 0.034155 0.034195
0 0.518348 0.174214 0.020418 0.020572
0 0.456690 0.008559 0.039742 0.016812
0 0.851417 0.878108 0.021493 0.021728
0 0.287270 0.737991 0.031425 0.032145
0 0.199944 0.342333 0.021870 0.022565
0 0.149508 0.808945 0.020069 0.019633
0 0.529170 0.614758 0.020140 0.019746
0 0.604685 0.506886 0.102414 0.109581
0 0.247052 0.047896 0.041700 0.041048
0 0.824702 0.528120 0.017252 0.018275
0 0.332502 0.209707 0.022838 0.023160
0 0.985457 0.866570 0.029087 0.034495
0 0.037480 0.398642 0.019786 0.019771
0 0.982144 0.793646 0.019607 0.019360
0 0.849661 0.668439 0.017819 0.018166
0 0.871339 0.206515 0.022533 0.022612
0 0.697841 0.252416 0.024079 0.023853
0 0.907081 0.959961 0.094614 0.080079
0 0.817235 0.010275 0.106145 0.020550
0 0.859520 0.031926 0.204641 0.063852
0 0.549113 0.708698 0.017563 0.017018
0 0.994482 0.684976 0.011036 0.025676
0 0.781193 0.383389 0.018016 0.018404
0 0.032296 0.428417 0.020508 0.021127
