0 0.522119 0.894220 0.041284 0.041433
0 0.362528 0.269173 0.077632 0.076833
0 0.585830 0.370235 0.027076 0.027427
0 0.949878 0.869716 0.025690 0.025792
0 0.164557 0.657269 0.037257 0.036530
0 0.505404 0.025080 0.063004 0.050160
0 0.643326 0.324489 0.025455 0.025714
0 0.373185 0.633664 0.026595 0.026332
0 0.903029 0.086661 0.020951 0.021107
0 0.329675 0.714251 0.027884 0.027292
0 0.014789 0.295370 0.029365 0.031194
0 0.444616 0.852703 0.032175 0.031687
0 0.270800 0.252239 0.030535 0.030246
0 0.129984 0.777662 0.028557 0.028250
0 0.273370 0.065655 0.034762 0.035484
0 0.021201 0.659573 0.022743 0.022822
0 0.384027 0.093762 0.133728 0.130803
0 0.389937 0.766585 0.022391 0.022482
0 0.709418 0.955477 0.024816 0.025171
0 0.225454 0.766039 0.028061 0.027904
0 0.980932 0.759107 0.035747 0.039562
0 0.306030 0.973010 0.027717 0.027195
0 0.376802 0.397378 0.033758 0.033402
0 0.963832 0.959987 0.025028 0.025197
0 0.859701 0.736844 0.021190 0.021360
0 0.550826 0.019267 0.028535 0.029433
0 0.838672 0.169891 0.058639 0.059358
0 0.074847 0.901412 0.027670 0.027346
0 0.222928 0.910083 0.031948 0.031416
0 0.991576 0.441887 0.016848 0.023797
0 0.839528 0.238334 0.058715 0.059704
0 0.038872 0.926919 0.035798 0.035207
0 0.968941 0.801852 0.025781 0.024865
0 0.230686 0.930652 0.031404 0.030850
0 0.486059 0.726667 0.021082 0.020932
0 0.202869 0.157770 0.034015 0.033094
0 0.667989 0.344766 0.024043 0.024553
0 0.847957 0.286417 0.062043 0.062460
0 0.738384 0.508535 0.071077 0.071570
0 0.556701 0.529118 0.076500 0.075408
0 0.300054 0.085212 0.028676 0.028665
0 0.050889 0.769373 0.099571 0.100948
0 0.487385 0.406227 0.070093 0.071237
0 0.558092 0.317543 0.021369 0.021547
0 0.856333 0.880478 0.020723 0.020928
0 0.505220 0.134796 0.021425 0.021002
0 0.882823 0.117608 0.234354 0.235217
0 0.254580 0.127354 0.072124 0.076504
0 0.352198 0.020690 0.107956 0.041380
0 0.405912 0.217808 0.169527 0.171575
0 0.227057 0.919290 0.038868 0.040723
0 0.719761 0.476724 0.059422 0.060386
