0 0.662467 0.340800 0.026960 0.026602
0 0.782172 0.100136 0.030216 0.030030
0 0.372156 0.261367 0.024402 0.024294
0 0.370411 0.022943 0.033990 0.033414
0 0.149577 0.416847 0.039418 0.038935
0 0.533794 0.332493 0.033874 0.033968
0 0.509295 0.023383 0.032290 0.032048
0 0.468053 0.489779 0.106905 0.107905
0 0.732074 0.035082 0.032399 0.032575
0 0.689155 0.043629 0.025355 0.025067
0 0.476726 0.229363 0.025457 0.025307
0 0.455849 0.244820 0.028094 0.028036
0 0.282533 0.585271 0.025670 0.025667
0 0.880112 0.458207 0.027554 0.027871
0 0.262531 0.938402 0.029514 0.029698
0 0.825110 0.131102 0.028575 0.028304
0 0.320474 0.476042 0.029748 0.029500
0 0.615990 0.359437 0.022082 0.022140
0 0.491242 0.307190 0.027810 0.027549
0 0.097519 0.416602 0.027655 0.027439
0 0.635560 0.265093 0.032552 0.032473
0 0.957021 0.429678 0.030915 0.030883
0 0.364979 0.224104 0.025056 0.024532
0 0.764764 0.172213 0.021641 0.021679
0 0.930287 0.666237 0.118402 0.119495
0 0.657920 0.246572 0.022237 0.022535
0 0.279214 0.628328 0.066311 0.067459
0 0.556869 0.198911 0.020321 0.020320
0 0.394008 0.453195 0.024060 0.023975
0 0.061090 0.443703 0.032620 0.032032
0 0.455181 0.685829 0.022682 0.022914
0 0.252351 0.839796 0.027039 0.026887
0 0.278611 0.210553 0.054156 0.053660
0 0.857129 0.187391 0.021559 0.021668
0 0.331876 0.428016 0.021252 0.021352
0 0.655759 0.546640 0.027113 0.026363
0 0.621575 0.422112 0.022099 0.022464
0 0.617019 0.451437 0.021047 0.021572
0 0.106277 0.719466 0.063193 0.062969
0 0.022626 0.433441 0.045143 0.058344
0 0.454946 0.610550 0.021601 0.021403
0 0.110257 0.311063 0.021091 0.021134
0 0.341532 0.105381 0.040002 0.039981
0 0.631238 0.235641 0.020148 0.019713
0 0.813399 0.263105 0.023761 0.023616
0 0.286997 0.448135 0.020831 0.021097
0 0.229182 0.810856 0.024619 0.024569
0 0.705727 0.900293 0.084520 0.084882
0 0.445462 0.463970 0.027726 0.029168
0 0.677540 0.773179 0.162979 0.160522
0 0.520914 0.895317 0.091556 0.090645
0 0.558336 0.256887 0.019380 0.019381
0 0.945714 0.207166 0.026806 0.026337
0 0.721015 0.118063 0.021960 0.022004
0 0.430032 0.489088 0.026504 0.027270
0 0.514994 0.215543 0.018836 0.018916
0 0.542703 0.441458 0.022319 0.022432
0 0.958524 0.604120 0.022851 0.023034
0 0.324757 0.213940 0.038968 0.038636
0 0.271628 0.033410 0.034463 0.034356
0 0.678633 0.410800 0.047649 0.047461
0 0.603713 0.013756 0.026164 0.026324
0 0.953215 0.558953 0.042726 0.042986
0 0.591067 0.042935 0.025788 0.024982
0 0.867352 0.013823 0.049949 0.027255
0 0.861695 0.896066 0.022136 0.022042
0 0.917173 0.055053 0.018233 0.018114
0 0.624607 0.470976 0.021220 0.021115
0 0.600906 0.719861 0.024381 0.024519
0 0.892417 0.043392 0.022075 0.021909
0 0.085353 0.749247 0.021174 0.020462
0 0.427706 0.874395 0.093426 0.094449
0 0.380554 0.953719 0.093825 0.091030
0 0.541896 0.098701 0.019480 0.019802
0 0.989647 0.138410 0.018469 0.019252
0 0.693279 0.180842 0.057882 0.059051
0 0.442502 0.716570 0.020880 0.020866
0 0.263282 0.313524 0.018166 0.018309
0 0.015659 0.875032 0.025220 0.025056
0 0.267993 0.960698 0.147370 0.078605
0 0.354707 0.401358 0.018356 0.018083
0 0.207349 0.834718 0.019921 0.020097
0 0.831556 0.478975 0.019199 0.018852
0 0.410052 0.117482 0.019043 0.019026
0 0.356667 0.723509 0.020006 0.020476
0 0.646088 0.194200 0.018823 0.018374
0 0.329158 0.460911 0.019876 0.019308
