0 0.462502 0.662881 0.354819 0.285515
0 0.882968 0.440313 0.098754 0.071111
0 0.662617 0.315712 0.078230 0.068215
0 0.245886 0.739107 0.268445 0.191566
0 0.648930 0.407460 0.176784 0.129688
0 0.202487 0.352513 0.066033 0.053149
0 0.309590 0.425683 0.146558 0.112249
0 0.518768 0.542230 0.052835 0.046058
0 0.226762 0.528134 0.096809 0.078047
0 0.509027 0.188418 0.089420 0.069044
0 0.621459 0.203392 0.140071 0.106760
0 0.749122 0.501960 0.043722 0.034365
0 0.414814 0.252096 0.182721 0.146502
0 0.540583 0.278610 0.139367 0.108631
0 0.971985 0.499795 0.050607 0.039391
0 0.515072 0.434384 0.083536 0.065490
0 0.147000 0.420060 0.175978 0.143850
0 0.715341 0.666603 0.081296 0.066125
0 0.690748 0.181402 0.114431 0.091555
0 0.811788 0.095261 0.073216 0.054613
0 0.977014 0.619131 0.045972 0.045140
0 0.785083 0.152697 0.043822 0.030438
0 0.370024 0.840499 0.045858 0.033195
0 0.326286 0.505454 0.110749 0.089637
0 0.194325 0.047496 0.066964 0.052362
0 0.793365 0.484095 0.036205 0.028803
0 0.074820 0.037056 0.125774 0.074112
0 0.909443 0.054975 0.181114 0.107154
0 0.503980 0.913546 0.063529 0.051250
0 0.302743 0.091727 0.064164 0.051982
0 0.937466 0.875746 0.038771 0.032636
0 0.753187 0.785832 0.153282 0.124523
0 0.603951 0.331734 0.046063 0.035517
0 0.261625 0.234723 0.047628 0.038231
