0 0.235063 0.878812 0.046155 0.045641
0 0.758128 0.332189 0.093870 0.092239
0 0.118049 0.448127 0.040926 0.041016
0 0.284816 0.933298 0.058404 0.058253
0 0.609329 0.622837 0.051013 0.051106
0 0.538139 0.453863 0.033427 0.033007
0 0.480072 0.033741 0.057957 0.056120
0 0.302247 0.428846 0.033851 0.033760
0 0.112249 0.650745 0.028036 0.027983
0 0.148524 0.551236 0.024758 0.024667
0 0.507522 0.582100 0.032001 0.031859
0 0.141978 0.157182 0.026837 0.027114
0 0.714402 0.526063 0.039410 0.038833
0 0.079766 0.379212 0.024323 0.023933
0 0.033146 0.248812 0.025309 0.025077
0 0.177916 0.749851 0.025022 0.024690
0 0.792808 0.615829 0.027221 0.027104
0 0.150698 0.328071 0.028499 0.028808
0 0.826160 0.499940 0.166866 0.167016
0 0.596367 0.663856 0.031275 0.031025
0 0.911714 0.017225 0.053710 0.034356
0 0.361560 0.018014 0.039638 0.036028
0 0.157878 0.030591 0.100735 0.061168
0 0.842343 0.081697 0.047517 0.047635
0 0.138562 0.240746 0.039587 0.039106
0 0.019794 0.202242 0.026207 0.026640
0 0.557153 0.525533 0.023863 0.023723
0 0.141038 0.271294 0.043314 0.043276
0 0.209556 0.804184 0.024248 0.024903
0 0.171545 0.482555 0.024264 0.024207
0 0.935116 0.068856 0.069712 0.066644
0 0.434231 0.498862 0.029093 0.027668
0 0.349429 0.401751 0.022721 0.023131
0 0.709118 0.088344 0.044950 0.043796
0 0.680750 0.524845 0.025505 0.025364
0 0.233682 0.015253 0.035417 0.029681
0 0.663110 0.828622 0.027504 0.027263
0 0.650757 0.415751 0.023501 0.023669
0 0.836815 0.611966 0.024597 0.024859
0 0.554756 0.878652 0.023941 0.024928
0 0.620225 0.759421 0.218728 0.202289
0 0.574867 0.916630 0.025769 0.026371
0 0.112008 0.120900 0.021764 0.021692
0 0.860554 0.364156 0.092483 0.092180
0 0.190206 0.541549 0.019756 0.019994
0 0.335487 0.931444 0.023692 0.023416
0 0.861438 0.658840 0.021719 0.021607
0 0.458286 0.314815 0.126234 0.128869
0 0.926756 0.767022 0.083271 0.080353
0 0.126962 0.972204 0.020995 0.020593
0 0.051442 0.591411 0.088151 0.086820
0 0.352309 0.201046 0.414008 0.397604
0 0.058572 0.357458 0.031813 0.031334
0 0.246374 0.515655 0.020256 0.020195
0 0.530845 0.056181 0.057906 0.055835
