0 0.751175 0.312942 0.087490 0.078048
0 0.207440 0.867963 0.044981 0.040837
0 0.131048 0.426738 0.043366 0.040914
0 0.236214 0.092391 0.226606 0.184193
0 0.800489 0.286458 0.079996 0.072788
0 0.281501 0.855514 0.045813 0.041041
0 0.054218 0.487493 0.037677 0.036018
0 0.645994 0.231730 0.053152 0.051483
0 0.518658 0.222327 0.042483 0.040866
0 0.121397 0.850321 0.041858 0.037456
0 0.437920 0.985540 0.031867 0.028375
0 0.589356 0.220594 0.050894 0.046477
0 0.042404 0.556129 0.033961 0.030779
0 0.603973 0.032725 0.025960 0.025157
0 0.451794 0.322768 0.029784 0.029931
0 0.615725 0.387142 0.029073 0.027322
0 0.378029 0.508750 0.027654 0.026666
0 0.169520 0.790230 0.035200 0.033357
0 0.600023 0.503879 0.024168 0.023369
0 0.203147 0.754449 0.032925 0.030515
0 0.035941 0.100994 0.027465 0.026338
0 0.671097 0.060051 0.023628 0.023390
0 0.337653 0.424063 0.023122 0.022706
0 0.851681 0.435474 0.071190 0.068150
0 0.067129 0.785324 0.034565 0.033006
0 0.073692 0.753943 0.027001 0.026141
0 0.005745 0.407412 0.011279 0.029282
0 0.660599 0.145701 0.034835 0.032398
0 0.021529 0.040562 0.029232 0.027108
0 0.114503 0.054900 0.026526 0.026566
0 0.398863 0.825224 0.025846 0.024727
