0 0.516488 0.772845 0.311649 0.272735
0 0.256195 0.774753 0.145575 0.137175
0 0.328374 0.295401 0.067782 0.062930
0 0.164817 0.010834 0.036890 0.021668
0 0.203969 0.912783 0.137308 0.121390
0 0.817236 0.336189 0.058974 0.052620
0 0.330729 0.051557 0.030345 0.029353
0 0.507751 0.160444 0.030458 0.028366
0 0.431927 0.906916 0.090228 0.082526
0 0.298162 0.479888 0.028528 0.026920
0 0.449852 0.388520 0.024658 0.024542
0 0.097021 0.183763 0.030022 0.028805
0 0.269182 0.758462 0.031882 0.031783
0 0.209201 0.580377 0.025886 0.024958
0 0.335889 0.435926 0.021393 0.021419
0 0.208076 0.464494 0.024486 0.023482
0 0.267459 0.504746 0.023626 0.022856
0 0.978805 0.577873 0.035959 0.036256
0 0.482406 0.112738 0.023483 0.023042
0 0.867132 0.377375 0.021517 0.021483
0 0.693855 0.644301 0.025487 0.024655
0 0.986418 0.831504 0.025355 0.026719
0 0.731499 0.574779 0.048407 0.046401
0 0.071334 0.857476 0.119116 0.108375
0 0.365662 0.474895 0.021410 0.021205
0 0.393840 0.419070 0.021485 0.021495
0 0.078793 0.010315 0.026206 0.020416
0 0.564188 0.044159 0.021133 0.020383
0 0.832877 0.468188 0.020267 0.019879
0 0.208894 0.329387 0.022671 0.022167
0 0.108514 0.929391 0.025705 0.024166
0 0.122597 0.941397 0.123949 0.109535
0 0.552108 0.089858 0.023721 0.022597
