0 0.775343 0.074265 0.086134 0.074518
0 0.880480 0.258500 0.097464 0.078747
0 0.975036 0.084787 0.041782 0.033483
0 0.844366 0.573405 0.037281 0.030270
0 0.983915 0.205910 0.031933 0.057130
0 0.321243 0.498831 0.034555 0.029453
0 0.877919 0.019456 0.056428 0.038622
0 0.936478 0.102374 0.064059 0.051339
0 0.949844 0.230960 0.050344 0.038559
0 0.918130 0.355528 0.051348 0.041589
0 0.850124 0.655150 0.033097 0.026873
0 0.785088 0.316266 0.097769 0.080270
0 0.856586 0.318727 0.047034 0.040110
0 0.820925 0.268935 0.041784 0.036001
0 0.244238 0.374909 0.029532 0.025403
0 0.983611 0.496731 0.027952 0.026558
