0 0.781083 0.902724 0.150108 0.144484
0 0.657456 0.450813 0.086982 0.086393
0 0.802759 0.427813 0.025318 0.025498
0 0.158585 0.118662 0.028849 0.029054
0 0.724221 0.094189 0.031649 0.031494
0 0.374830 0.816709 0.059598 0.060199
0 0.020859 0.443360 0.031130 0.031152
0 0.369147 0.058340 0.023239 0.023127
0 0.149706 0.544987 0.023971 0.023880
0 0.042655 0.100281 0.024748 0.025063
0 0.124462 0.535118 0.026612 0.026727
0 0.640039 0.043803 0.056612 0.055556
0 0.752038 0.218664 0.022684 0.022322
0 0.761760 0.655443 0.038523 0.038516
0 0.619484 0.570288 0.087740 0.084666
0 0.985596 0.990313 0.028808 0.019154
0 0.619405 0.801795 0.030459 0.030460
0 0.166872 0.795257 0.024389 0.024367
0 0.987951 0.671401 0.024098 0.034748
0 0.640350 0.269124 0.025427 0.025678
0 0.928400 0.571624 0.030459 0.030813
0 0.848483 0.506226 0.022752 0.022219
0 0.123481 0.586999 0.026545 0.026844
0 0.420825 0.618526 0.034657 0.035349
0 0.978976 0.851164 0.030952 0.032087
0 0.662097 0.294094 0.020639 0.020578
0 0.871255 0.541674 0.020453 0.020389
0 0.210466 0.158190 0.020924 0.021504
0 0.680586 0.230911 0.023600 0.023623
0 0.263218 0.838724 0.023608 0.023487
0 0.754043 0.425061 0.026662 0.026860
