0 0.170924 0.202819 0.024165 0.023840
0 0.237923 0.673445 0.036156 0.036954
0 0.360241 0.589968 0.029585 0.029453
0 0.436784 0.446728 0.031901 0.031853
0 0.037881 0.878287 0.051807 0.052331
0 0.056859 0.619747 0.035149 0.034562
0 0.032711 0.814954 0.030291 0.030997
0 0.176645 0.436573 0.021638 0.021913
0 0.328981 0.359987 0.022331 0.022252
0 0.178227 0.656781 0.033120 0.032527
0 0.108310 0.584596 0.024033 0.024256
0 0.209735 0.230941 0.031389 0.031447
0 0.170714 0.069082 0.032174 0.031861
0 0.319669 0.058606 0.041958 0.041403
0 0.410409 0.298833 0.020539 0.020698
0 0.179005 0.503082 0.023855 0.023998
0 0.376279 0.218783 0.036579 0.036638
0 0.318237 0.912960 0.035536 0.035045
0 0.476925 0.810076 0.042386 0.042439
0 0.055273 0.716853 0.035607 0.035389
0 0.094223 0.420286 0.021847 0.021771
0 0.421575 0.549401 0.033228 0.033887
0 0.151327 0.344022 0.027268 0.028042
0 0.133547 0.849785 0.037220 0.037241
0 0.543043 0.397413 0.019191 0.019365
0 0.227294 0.191320 0.028745 0.027713
0 0.341675 0.951170 0.023614 0.023426
0 0.059325 0.167255 0.031201 0.031876
0 0.359429 0.018789 0.028851 0.028238
0 0.517670 0.276851 0.028737 0.028237
0 0.078207 0.660884 0.028711 0.028215
0 0.110913 0.795342 0.036803 0.037445
0 0.120621 0.510773 0.019973 0.019840
0 0.418978 0.375950 0.023751 0.023215
0 0.239783 0.793037 0.026416 0.026461
0 0.093272 0.191570 0.027521 0.028221
0 0.211655 0.620632 0.020498 0.020308
0 0.581929 0.610125 0.022423 0.022039
0 0.428522 0.286433 0.020888 0.021222
0 0.378358 0.261234 0.023514 0.023257
0 0.439072 0.992627 0.024456 0.014746
0 0.137627 0.774600 0.042696 0.043025
0 0.564033 0.890934 0.049535 0.049596
0 0.106857 0.940379 0.020230 0.020390
0 0.068023 0.677114 0.017737 0.017740
0 0.173658 0.416192 0.019113 0.019543
0 0.527047 0.426917 0.023746 0.023759
0 0.036056 0.593204 0.034511 0.035059
0 0.216087 0.352662 0.022265 0.022330
0 0.495502 0.160503 0.096229 0.095699
0 0.136128 0.603620 0.020370 0.020043
0 0.044815 0.565271 0.019049 0.019114
0 0.375986 0.781383 0.018736 0.018489
0 0.565957 0.094875 0.030801 0.031116
0 0.208016 0.662571 0.021042 0.020228
0 0.063268 0.351910 0.040521 0.040875
0 0.125646 0.713207 0.026860 0.026516
0 0.386081 0.973435 0.018981 0.018913
0 0.184753 0.341233 0.026062 0.026006
0 0.093702 0.008953 0.019061 0.017512
0 0.549959 0.500619 0.028637 0.031232
0 0.366734 0.411459 0.018161 0.018207
0 0.395736 0.245161 0.022179 0.022448
0 0.306413 0.563000 0.023580 0.023560
0 0.064940 0.200353 0.033006 0.032945
0 0.373417 0.498504 0.029734 0.029635
0 0.046031 0.427568 0.023119 0.022652
0 0.351946 0.330813 0.017520 0.017065
0 0.462125 0.497149 0.018989 0.018475
