0 0.954395 0.871294 0.022754 0.022814
0 0.899060 0.116751 0.034166 0.034000
0 0.517521 0.882870 0.028512 0.028101
0 0.958119 0.666224 0.039219 0.038525
0 0.516704 0.803151 0.056709 0.056299
0 0.622237 0.745123 0.027132 0.026935
0 0.864230 0.202499 0.030111 0.029587
0 0.340449 0.078835 0.023731 0.023960
0 0.970911 0.264605 0.027345 0.027141
0 0.690529 0.078890 0.024222 0.024535
0 0.038210 0.334035 0.028539 0.028059
0 0.677830 0.485316 0.041219 0.041941
0 0.954538 0.115492 0.022674 0.022982
0 0.016402 0.074695 0.024827 0.024654
0 0.948424 0.063351 0.018762 0.019050
0 0.664558 0.066554 0.028018 0.028062
0 0.370623 0.597892 0.023634 0.023666
0 0.921276 0.171595 0.019169 0.018662
0 0.610981 0.298503 0.023634 0.024289
0 0.902011 0.297422 0.025172 0.025087
0 0.671541 0.215952 0.058739 0.058424
0 0.983997 0.050116 0.019917 0.019587
0 0.585841 0.940244 0.021964 0.021266
0 0.500166 0.409377 0.050554 0.050887
0 0.481038 0.303972 0.033801 0.032669
0 0.668414 0.405646 0.030868 0.031586
0 0.351683 0.560756 0.020122 0.020136
0 0.615511 0.336787 0.114140 0.112711
0 0.007609 0.657566 0.015218 0.019039
0 0.176629 0.320075 0.054962 0.055178
0 0.085607 0.772121 0.019133 0.018872
0 0.750353 0.159586 0.029838 0.030264
0 0.647557 0.751324 0.021131 0.020832
0 0.620833 0.615540 0.020710 0.020481
0 0.711898 0.588507 0.020267 0.019834
0 0.965830 0.225202 0.018146 0.018090
0 0.155457 0.751438 0.023232 0.023222
0 0.869101 0.913267 0.032424 0.032075
0 0.992870 0.762213 0.014259 0.019449
0 0.890171 0.652517 0.027238 0.026823
0 0.623787 0.823463 0.018833 0.018638
