0 0.821420 0.158351 0.070958 0.070610
0 0.856793 0.473463 0.058954 0.059433
0 0.701933 0.140329 0.036606 0.036447
0 0.549197 0.015972 0.023796 0.023889
0 0.628524 0.763784 0.032670 0.032005
0 0.669317 0.254997 0.027062 0.027670
0 0.686745 0.968486 0.027095 0.026789
0 0.647002 0.568858 0.025430 0.025247
0 0.990443 0.110798 0.019115 0.032112
0 0.231115 0.714727 0.031294 0.031327
0 0.316984 0.311097 0.019919 0.020219
0 0.791460 0.208077 0.041176 0.041186
0 0.403988 0.987150 0.036333 0.025699
0 0.820172 0.502570 0.027751 0.029136
0 0.104495 0.809849 0.020886 0.021128
0 0.893880 0.217223 0.033791 0.033572
0 0.562553 0.396792 0.021115 0.021223
0 0.951537 0.988014 0.041785 0.023972
0 0.449722 0.740298 0.018681 0.018741
