0 0.937595 0.313764 0.026874 0.027121
0 0.080818 0.493057 0.032641 0.033125
0 0.821853 0.593763 0.058402 0.058424
0 0.271659 0.617732 0.048287 0.047827
0 0.377528 0.235669 0.089621 0.089316
0 0.152805 0.484401 0.030101 0.029737
0 0.839266 0.868816 0.022245 0.022413
0 0.716353 0.882433 0.059510 0.059146
0 0.258917 0.163300 0.040553 0.039888
0 0.818433 0.918748 0.029424 0.029660
0 0.584876 0.222168 0.043090 0.043052
0 0.134914 0.657643 0.043289 0.043296
0 0.863857 0.410586 0.067768 0.067512
0 0.196437 0.396661 0.034537 0.034662
0 0.160649 0.430561 0.026501 0.026607
0 0.027496 0.505217 0.029448 0.029508
0 0.855483 0.058544 0.027211 0.026955
0 0.183249 0.233243 0.025541 0.025340
0 0.591402 0.851638 0.023260 0.023225
0 0.692671 0.022541 0.037721 0.037377
0 0.396017 0.434456 0.314691 0.343175
0 0.909371 0.669193 0.021415 0.021703
0 0.790202 0.072631 0.026064 0.025906
0 0.296259 0.187487 0.023696 0.023972
0 0.246812 0.663922 0.030301 0.030420
0 0.806241 0.484999 0.026010 0.025627
0 0.443471 0.125477 0.051435 0.052166
0 0.984788 0.620095 0.026753 0.026785
0 0.854967 0.808424 0.027946 0.028562
0 0.735722 0.174066 0.026497 0.026539
0 0.490728 0.159952 0.025112 0.024916
0 0.940488 0.656346 0.020311 0.020495
0 0.098707 0.109320 0.033859 0.032963
0 0.558877 0.804177 0.022227 0.022366
0 0.670207 0.424865 0.031543 0.031562
0 0.709156 0.153104 0.028930 0.028844
0 0.969061 0.989150 0.025133 0.021700
0 0.770641 0.106102 0.025065 0.025478
0 0.852255 0.500578 0.025164 0.023546
0 0.192198 0.117455 0.036086 0.036024
0 0.618049 0.301176 0.021520 0.021598
0 0.838716 0.482766 0.027251 0.026635
0 0.607364 0.979146 0.025396 0.025419
0 0.645015 0.413905 0.031780 0.031776
0 0.240923 0.139996 0.025433 0.024189
0 0.502219 0.080144 0.021073 0.021213
0 0.891247 0.738723 0.020923 0.021094
0 0.291385 0.245427 0.034616 0.033845
0 0.424689 0.799149 0.021203 0.021480
0 0.586625 0.605495 0.021121 0.021007
0 0.296702 0.761562 0.021277 0.021322
0 0.861880 0.528844 0.020613 0.021233
0 0.818038 0.171487 0.027866 0.027647
0 0.595999 0.775660 0.023214 0.023119
0 0.980664 0.110178 0.024282 0.024032
0 0.343353 0.024613 0.112219 0.049227
0 0.853189 0.683785 0.020753 0.020535
0 0.412506 0.732584 0.020027 0.020045
0 0.810665 0.820644 0.020209 0.020448
0 0.961980 0.586697 0.020089 0.020559
0 0.026543 0.108462 0.025593 0.025437
0 0.047868 0.049426 0.030368 0.030741
0 0.067793 0.196644 0.024829 0.024921
0 0.706699 0.979953 0.021003 0.021189
0 0.686352 0.385714 0.020900 0.020539
0 0.947149 0.841871 0.023143 0.022782
0 0.044836 0.188222 0.024686 0.024230
0 0.772886 0.591309 0.024629 0.024826
0 0.113572 0.487145 0.021568 0.021828
0 0.192489 0.198651 0.021022 0.021333
0 0.311974 0.993898 0.027604 0.011830
0 0.140399 0.022160 0.024728 0.024780
0 0.333781 0.163962 0.022626 0.022811
0 0.921536 0.710886 0.022049 0.022504
0 0.791538 0.404987 0.028770 0.028651
0 0.917568 0.203444 0.027566 0.027864
0 0.089031 0.436833 0.020147 0.020445
0 0.861246 0.006242 0.038825 0.012484
0 0.118605 0.046165 0.025585 0.025666
0 0.506628 0.676067 0.020356 0.020740
0 0.200083 0.775607 0.020882 0.020874
0 0.977793 0.036577 0.021111 0.020040
0 0.814283 0.533617 0.024816 0.025088
0 0.044561 0.120981 0.021873 0.021811
0 0.753821 0.948247 0.019421 0.019326
0 0.305748 0.099186 0.020717 0.020753
0 0.519797 0.958288 0.022401 0.023501
0 0.038173 0.310541 0.021007 0.021038
0 0.730671 0.213806 0.020266 0.020683
0 0.585273 0.689322 0.022943 0.023445
0 0.721693 0.324136 0.020130 0.020435
0 0.965182 0.414083 0.031576 0.031473
0 0.852577 0.548369 0.019405 0.019699
0 0.217453 0.065085 0.022004 0.021755
0 0.142673 0.137324 0.022297 0.022306
0 0.941168 0.218369 0.020213 0.020270
0 0.907527 0.725037 0.019581 0.018977
0 0.469963 0.171518 0.019401 0.018773
0 0.120649 0.089618 0.034646 0.035479
0 0.188138 0.005419 0.028462 0.010838
0 0.763025 0.816936 0.018709 0.018842
0 0.569167 0.675372 0.019176 0.019201
0 0.917359 0.417028 0.020742 0.020115
0 0.695503 0.273490 0.018774 0.018937
0 0.948932 0.464219 0.023606 0.023378
0 0.247209 0.049700 0.019526 0.019516
0 0.680372 0.354168 0.018517 0.018601
0 0.665652 0.452670 0.018480 0.018314
0 0.450072 0.088989 0.019101 0.018673
0 0.050738 0.609768 0.018070 0.018018
0 0.267961 0.008203 0.023653 0.016396
0 0.555325 0.774674 0.020228 0.020432
0 0.683907 0.114294 0.020305 0.020642
0 0.500809 0.317502 0.034381 0.034104
