0 0.488502 0.147793 0.032548 0.032340
0 0.510282 0.192837 0.026543 0.026337
0 0.903341 0.907679 0.025724 0.025305
0 0.736059 0.117926 0.020688 0.020800
0 0.201464 0.333634 0.308662 0.325099
0 0.860649 0.494854 0.022387 0.022312
0 0.949584 0.135206 0.019813 0.019909
0 0.718660 0.063150 0.020298 0.020291
0 0.300788 0.009471 0.020003 0.018943
0 0.338487 0.437969 0.021558 0.021774
0 0.051674 0.539464 0.020460 0.020970
0 0.602468 0.109769 0.018145 0.018221
0 0.117888 0.712290 0.071663 0.071366
0 0.731572 0.481803 0.020026 0.020384
0 0.106027 0.327933 0.019788 0.019619
0 0.048746 0.857536 0.019498 0.019449
0 0.022064 0.461287 0.043837 0.130904
0 0.432323 0.935178 0.019154 0.019258
0 0.119553 0.052081 0.019898 0.019817
0 0.172272 0.587373 0.018743 0.018579
