0 0.577960 0.045424 0.047085 0.040444
0 0.568098 0.581342 0.112140 0.092042
0 0.724502 0.771483 0.217647 0.170520
0 0.670945 0.157253 0.046598 0.038413
0 0.943639 0.661568 0.112264 0.099538
0 0.460238 0.378236 0.052566 0.040988
0 0.550588 0.685726 0.037746 0.031874
0 0.893708 0.747476 0.139023 0.107445
0 0.669256 0.348677 0.040521 0.033646
0 0.342191 0.455457 0.038550 0.034044
0 0.722273 0.607935 0.091568 0.080810
0 0.455304 0.979505 0.054963 0.040234
0 0.542946 0.850618 0.049238 0.040661
0 0.931847 0.899975 0.042790 0.036347
0 0.858499 0.236880 0.039927 0.032262
0 0.388823 0.917708 0.040692 0.033123
0 0.183633 0.363370 0.038882 0.035983
0 0.255207 0.223966 0.031679 0.027752
0 0.678458 0.580423 0.043783 0.038149
0 0.983485 0.951917 0.033029 0.038178
0 0.700931 0.929846 0.061580 0.051421
0 0.666384 0.470330 0.038527 0.032276
0 0.012608 0.428715 0.024544 0.025468
0 0.400435 0.280277 0.030758 0.027422
0 0.006567 0.873620 0.013134 0.031333
0 0.948142 0.262714 0.032717 0.027799
