0 0.411590 0.448206 0.043184 0.043971
0 0.564901 0.173793 0.118419 0.117184
0 0.866003 0.718653 0.037291 0.037080
0 0.238242 0.338991 0.023745 0.023796
0 0.123616 0.353061 0.032945 0.032828
0 0.930030 0.097447 0.030119 0.030252
0 0.550243 0.493352 0.033497 0.033510
0 0.269840 0.714693 0.128165 0.128432
0 0.406293 0.222319 0.026694 0.026425
0 0.968626 0.328512 0.023216 0.023385
0 0.729586 0.330211 0.025500 0.025470
0 0.694412 0.170118 0.041740 0.042139
0 0.487838 0.341079 0.029788 0.029086
0 0.391346 0.551102 0.023298 0.023203
0 0.804666 0.738739 0.022994 0.023282
0 0.167442 0.112954 0.053932 0.053829
0 0.939619 0.883028 0.045938 0.045796
0 0.902390 0.487370 0.023981 0.023897
0 0.856964 0.204505 0.054737 0.055254
0 0.278491 0.154375 0.024056 0.024229
0 0.422581 0.160645 0.024746 0.025320
0 0.512648 0.088724 0.036785 0.036150
0 0.688784 0.926906 0.022284 0.022368
0 0.597730 0.449977 0.030839 0.029910
0 0.825426 0.794941 0.040845 0.040389
0 0.520733 0.391302 0.120142 0.119340
0 0.362586 0.030137 0.032610 0.033041
0 0.395780 0.661448 0.048723 0.048567
0 0.817127 0.672483 0.042193 0.042038
0 0.660945 0.742436 0.027151 0.026893
0 0.597914 0.112016 0.031229 0.031602
0 0.973485 0.906580 0.043805 0.044262
0 0.156249 0.317841 0.026777 0.027080
0 0.228512 0.465979 0.027641 0.028113
0 0.920010 0.817004 0.043078 0.042738
0 0.798005 0.536185 0.022083 0.022675
0 0.644044 0.260600 0.047015 0.047506
0 0.407875 0.012374 0.042289 0.024749
0 0.293916 0.129688 0.062144 0.061186
0 0.951135 0.165361 0.019968 0.019987
0 0.010756 0.233961 0.021512 0.030763
0 0.639708 0.713649 0.027549 0.027641
0 0.951963 0.283748 0.021313 0.021277
0 0.861292 0.353120 0.021627 0.022203
0 0.891994 0.018488 0.029072 0.029568
0 0.627403 0.530195 0.022674 0.022504
0 0.550141 0.118590 0.019922 0.019764
0 0.104419 0.142540 0.094229 0.095076
0 0.205755 0.067328 0.023089 0.022936
0 0.812985 0.713378 0.031606 0.031578
0 0.730768 0.976095 0.032027 0.032143
0 0.496968 0.622102 0.020193 0.019761
0 0.318130 0.639291 0.070784 0.071096
0 0.798813 0.135614 0.019860 0.019739
0 0.049486 0.326040 0.079368 0.080314
0 0.917754 0.715144 0.018713 0.018910
0 0.194480 0.433963 0.045536 0.045818
0 0.906391 0.892291 0.023817 0.024353
0 0.675350 0.710255 0.030966 0.031056
0 0.692370 0.544523 0.022133 0.022550
0 0.429855 0.477029 0.020517 0.020794
0 0.076924 0.442560 0.033802 0.033419
0 0.935640 0.972711 0.032658 0.032333
0 0.460211 0.980655 0.028827 0.028707
0 0.860725 0.868846 0.021033 0.019819
0 0.069629 0.161532 0.021299 0.020958
0 0.930796 0.063821 0.019909 0.020114
0 0.802957 0.060567 0.021093 0.021158
0 0.432298 0.367998 0.018729 0.018706
0 0.377783 0.299712 0.020392 0.020302
0 0.632680 0.974615 0.079913 0.050770
0 0.585786 0.032572 0.046082 0.045646
0 0.236064 0.233471 0.018833 0.018750
0 0.254849 0.179722 0.018902 0.019056
0 0.372900 0.256362 0.018461 0.018288
0 0.468148 0.005741 0.019003 0.011481
0 0.445968 0.450087 0.019302 0.019224
0 0.965449 0.039482 0.023227 0.023241
0 0.747065 0.725577 0.029159 0.030101
0 0.822131 0.839624 0.038414 0.037659
0 0.463484 0.118838 0.017504 0.017632
0 0.118615 0.571490 0.235565 0.393142
0 0.571764 0.063403 0.022272 0.022479
0 0.081886 0.264305 0.027986 0.028004
0 0.547048 0.986430 0.018402 0.019020
0 0.551199 0.360443 0.074384 0.074437
0 0.858688 0.325817 0.018703 0.018497
0 0.938308 0.045139 0.017408 0.017384
0 0.348638 0.577705 0.019696 0.019668
0 0.884604 0.126504 0.028115 0.028717
0 0.409671 0.192356 0.037126 0.037788
0 0.232706 0.932607 0.020752 0.020910
0 0.573551 0.154507 0.022590 0.024261
0 0.928731 0.545743 0.018236 0.018056
0 0.825430 0.975613 0.020514 0.019753
0 0.859089 0.852618 0.034596 0.035011
0 0.682284 0.335041 0.018593 0.018293
0 0.151485 0.910038 0.022384 0.022935
0 0.351141 0.627197 0.018844 0.018847
0 0.239242 0.078411 0.028576 0.028560
0 0.736582 0.021108 0.170680 0.041891
0 0.292957 0.968003 0.019406 0.019322
0 0.098130 0.377330 0.019039 0.019160
0 0.897738 0.610676 0.019271 0.019089
0 0.856997 0.006593 0.017461 0.013149
0 0.379338 0.947992 0.018139 0.018739
0 0.732119 0.485357 0.018085 0.018228
0 0.396331 0.827257 0.089263 0.087982
0 0.344072 0.771990 0.055112 0.055758
0 0.719119 0.037105 0.025504 0.022172
0 0.175566 0.310993 0.018761 0.018681
0 0.496090 0.556685 0.018408 0.018336
0 0.027481 0.529221 0.018552 0.018523
0 0.014631 0.498262 0.019535 0.018817
0 0.910478 0.005406 0.019497 0.010811
0 0.208697 0.891624 0.043009 0.042249
0 0.769517 0.984965 0.030266 0.027704
0 0.299247 0.737018 0.016726 0.016419
0 0.882109 0.583336 0.018947 0.019250
0 0.636801 0.835933 0.035760 0.036498
0 0.232932 0.375041 0.023485 0.023475
0 0.909610 0.429840 0.016637 0.016737
0 0.523426 0.795034 0.025888 0.025920
0 0.609269 0.732478 0.020921 0.021180
0 0.600055 0.246168 0.051338 0.051340
0 0.450495 0.105716 0.022694 0.022938
0 0.282218 0.729136 0.023206 0.020908
0 0.422089 0.120061 0.019279 0.020002
0 0.604167 0.584759 0.021306 0.021056
0 0.676266 0.677474 0.017385 0.017816
0 0.842793 0.107871 0.020724 0.020641
0 0.368170 0.555218 0.019094 0.020001
0 0.868640 0.385492 0.017990 0.018054
