0 0.768552 0.810715 0.077404 0.075186
0 0.243195 0.717700 0.035406 0.035206
0 0.558190 0.756272 0.049008 0.048963
0 0.746398 0.053267 0.049307 0.048172
0 0.121951 0.872378 0.025428 0.025540
0 0.071528 0.457788 0.033689 0.033434
0 0.349321 0.659207 0.104376 0.103212
0 0.657309 0.083831 0.032872 0.032377
0 0.020054 0.390106 0.030104 0.030637
0 0.847359 0.090598 0.037419 0.036982
0 0.717513 0.195715 0.032895 0.032568
0 0.726437 0.140686 0.029629 0.028382
0 0.426557 0.756550 0.025691 0.025697
0 0.972637 0.266204 0.029415 0.029484
0 0.039634 0.861478 0.030836 0.030376
0 0.814552 0.075490 0.029186 0.029277
0 0.280008 0.880025 0.023314 0.023512
0 0.480715 0.627442 0.032685 0.032909
0 0.471075 0.260343 0.028820 0.028741
0 0.124120 0.099904 0.028599 0.027831
0 0.680447 0.851161 0.026192 0.026170
0 0.932954 0.811494 0.025572 0.025359
0 0.277848 0.983878 0.022914 0.023414
0 0.380374 0.895632 0.023786 0.023844
0 0.206201 0.952487 0.022476 0.022534
0 0.252572 0.885270 0.029954 0.029599
0 0.380257 0.278076 0.035660 0.034536
0 0.495728 0.581464 0.022563 0.022465
0 0.793371 0.177441 0.022354 0.022524
0 0.693561 0.101440 0.024727 0.024276
0 0.847668 0.412113 0.022896 0.022702
0 0.846522 0.294069 0.024501 0.023574
0 0.621296 0.797120 0.019780 0.019511
0 0.119878 0.447488 0.020655 0.020598
0 0.696866 0.544099 0.022034 0.022085
0 0.390571 0.440634 0.021274 0.021125
0 0.010790 0.839083 0.021361 0.064145
0 0.955273 0.670258 0.042057 0.042270
