0 0.159178 0.438984 0.268528 0.264573
0 0.916619 0.879543 0.143779 0.140765
0 0.509940 0.452623 0.408556 0.417030
0 0.865010 0.232976 0.166953 0.156765
0 0.673463 0.961738 0.039281 0.038602
0 0.302327 0.305357 0.042692 0.042679
0 0.566547 0.130217 0.235306 0.234726
0 0.026023 0.808567 0.046860 0.046952
0 0.688649 0.686453 0.036006 0.035632
0 0.596637 0.802522 0.042436 0.042524
0 0.490794 0.834651 0.033041 0.032691
0 0.144732 0.934865 0.038881 0.038198
0 0.863729 0.528933 0.031895 0.031983
0 0.622344 0.933624 0.036978 0.035714
0 0.643923 0.687754 0.056688 0.054029
0 0.128256 0.667308 0.026512 0.026197
0 0.025960 0.371771 0.051919 0.058867
0 0.983554 0.804516 0.027482 0.026809
0 0.295752 0.736057 0.033479 0.033750
0 0.531476 0.027144 0.035518 0.035700
0 0.693109 0.859426 0.030700 0.030430
0 0.295966 0.794353 0.032415 0.032862
0 0.321132 0.850541 0.040762 0.040171
0 0.243864 0.733461 0.027778 0.028701
0 0.636897 0.980426 0.023631 0.024003
0 0.234363 0.877582 0.024043 0.023868
0 0.594340 0.884011 0.027238 0.026607
0 0.007845 0.496630 0.015681 0.031540
0 0.712049 0.666046 0.031053 0.030983
0 0.666623 0.624898 0.041808 0.041698
0 0.928845 0.975873 0.114381 0.047105
0 0.589649 0.661921 0.040671 0.041364
0 0.401719 0.779437 0.024718 0.024888
0 0.334502 0.829840 0.026603 0.026794
0 0.135665 0.875889 0.025758 0.025835
0 0.018545 0.651751 0.036558 0.053686
0 0.098879 0.652926 0.033286 0.032936
0 0.232915 0.948568 0.023224 0.022922
0 0.210140 0.964310 0.024498 0.024525
0 0.989296 0.971352 0.021376 0.023380
0 0.226980 0.644045 0.045445 0.045787
0 0.785375 0.674836 0.041227 0.040889
0 0.598395 0.904025 0.022242 0.022169
0 0.415574 0.249662 0.026892 0.026366
0 0.598646 0.705964 0.024185 0.023925
0 0.307619 0.720587 0.030258 0.028675
0 0.570438 0.835504 0.026639 0.026817
0 0.637066 0.661801 0.032004 0.030366
0 0.237841 0.561221 0.031131 0.032617
0 0.137508 0.645446 0.022718 0.023029
0 0.146870 0.774502 0.023045 0.022936
0 0.604873 0.678337 0.031132 0.029171
0 0.372748 0.626073 0.024445 0.024528
0 0.408026 0.668131 0.077702 0.076307
0 0.054383 0.327920 0.038697 0.038713
0 0.180911 0.869411 0.021190 0.021499
0 0.352701 0.811733 0.027691 0.028004
0 0.704519 0.977160 0.032774 0.032376
0 0.168915 0.981065 0.077291 0.037870
0 0.547908 0.818135 0.028043 0.027635
0 0.389267 0.797768 0.022157 0.022758
0 0.086937 0.618753 0.022429 0.022447
0 0.005440 0.541530 0.010881 0.030165
