0 0.456649 0.489585 0.032117 0.029570
0 0.192300 0.178095 0.051112 0.049381
0 0.188441 0.082290 0.034683 0.032031
0 0.988723 0.850723 0.022553 0.039499
0 0.976373 0.981561 0.046507 0.036477
0 0.894571 0.309783 0.037586 0.035192
0 0.072697 0.081246 0.032908 0.030217
0 0.115537 0.131726 0.035945 0.034342
0 0.878703 0.034193 0.029296 0.027774
0 0.014642 0.503914 0.028758 0.026433
0 0.805925 0.924276 0.031771 0.031140
0 0.100323 0.310197 0.029519 0.027350
0 0.144808 0.143879 0.034177 0.030347
0 0.111128 0.108007 0.036996 0.034491
0 0.939423 0.327969 0.031344 0.030306
0 0.050806 0.378222 0.028190 0.026595
0 0.461951 0.182066 0.027371 0.025251
0 0.257150 0.198705 0.034482 0.032197
0 0.725435 0.990096 0.027320 0.019808
0 0.045718 0.984908 0.058684 0.029315
