0 0.144021 0.736282 0.269704 0.251316
0 0.932290 0.921163 0.096768 0.095561
0 0.461157 0.843413 0.062187 0.060956
0 0.204522 0.587192 0.031043 0.030471
0 0.508792 0.951316 0.055815 0.053190
0 0.400900 0.791328 0.043181 0.042103
0 0.515180 0.028620 0.087128 0.056904
0 0.975078 0.843074 0.029435 0.028052
0 0.968841 0.582115 0.037030 0.036662
0 0.524812 0.879727 0.026197 0.026252
0 0.912551 0.113063 0.039963 0.039001
0 0.141776 0.906210 0.032342 0.030923
0 0.340789 0.008582 0.029886 0.017108
0 0.769037 0.737566 0.034352 0.033699
0 0.516746 0.716700 0.031010 0.030393
0 0.342058 0.506474 0.025833 0.025537
0 0.015185 0.282089 0.030233 0.039867
0 0.880342 0.717713 0.029725 0.029660
0 0.920510 0.458447 0.038807 0.039287
0 0.037466 0.333438 0.074614 0.095815
0 0.135314 0.608922 0.033510 0.032980
0 0.269644 0.882315 0.103172 0.095621
0 0.386360 0.214197 0.233339 0.221020
0 0.882395 0.136235 0.033505 0.032297
0 0.322332 0.386784 0.028000 0.027135
0 0.087272 0.438829 0.134425 0.127868
0 0.256618 0.981379 0.052847 0.037229
0 0.749405 0.691758 0.028783 0.028839
0 0.672315 0.479091 0.028147 0.028185
0 0.559166 0.741786 0.022413 0.022303
0 0.952398 0.862137 0.035252 0.033739
0 0.762395 0.591260 0.023654 0.024462
0 0.777095 0.768414 0.025699 0.025972
0 0.009720 0.196173 0.019441 0.023709
0 0.227225 0.361468 0.025283 0.025061
0 0.312366 0.475737 0.025136 0.025040
0 0.178373 0.944912 0.028643 0.026740
0 0.409255 0.085624 0.189126 0.167200
0 0.338510 0.664254 0.167966 0.176820
0 0.062138 0.065031 0.124276 0.129021
0 0.344794 0.865158 0.045016 0.043074
0 0.216117 0.874376 0.030048 0.030340
0 0.067086 0.153891 0.023492 0.023495
0 0.617288 0.176179 0.097465 0.094445
0 0.080239 0.200270 0.023126 0.023173
0 0.298414 0.824679 0.079079 0.075004
0 0.749056 0.912997 0.023584 0.022652
0 0.918709 0.033267 0.116244 0.066122
0 0.570133 0.524136 0.023598 0.023049
0 0.845043 0.451396 0.022834 0.022579
0 0.136614 0.244623 0.026584 0.025293
