0 0.297332 0.486602 0.038130 0.037689
0 0.364734 0.638767 0.029575 0.029670
0 0.599283 0.240565 0.027596 0.028130
0 0.580617 0.024999 0.029460 0.029424
0 0.627659 0.557781 0.033096 0.033119
0 0.555417 0.378460 0.044126 0.044054
0 0.431501 0.325090 0.038388 0.038173
0 0.218908 0.646084 0.081003 0.080891
0 0.110441 0.936474 0.172671 0.125386
0 0.303921 0.768509 0.093615 0.093886
0 0.592239 0.591985 0.028539 0.028473
0 0.484023 0.734477 0.050742 0.050593
0 0.024412 0.878304 0.038653 0.037940
0 0.863458 0.458074 0.022716 0.022921
0 0.134575 0.734344 0.074933 0.073687
0 0.466445 0.521545 0.273882 0.259104
0 0.267130 0.921057 0.073892 0.074559
0 0.416041 0.648121 0.073631 0.075364
0 0.652311 0.420880 0.034340 0.034034
0 0.164998 0.809559 0.120529 0.121807
0 0.510995 0.055121 0.030132 0.029743
0 0.090617 0.567173 0.095937 0.096204
0 0.137702 0.535883 0.022965 0.023087
0 0.896102 0.549109 0.031564 0.030885
0 0.117200 0.760890 0.037655 0.037976
0 0.252165 0.199013 0.105065 0.105914
0 0.475081 0.341413 0.019499 0.019669
0 0.236075 0.717179 0.137791 0.129745
0 0.764403 0.664088 0.021796 0.021267
0 0.627478 0.603002 0.023949 0.023878
0 0.644917 0.355058 0.026157 0.025995
0 0.932479 0.388782 0.071499 0.071224
0 0.785862 0.692771 0.062175 0.062741
0 0.612890 0.666637 0.020823 0.020417
0 0.453986 0.056970 0.020261 0.019832
0 0.213238 0.579170 0.040269 0.040678
0 0.382254 0.402064 0.026738 0.027750
0 0.351932 0.006466 0.020628 0.012932
0 0.711666 0.591352 0.024572 0.025612
0 0.404840 0.392297 0.025025 0.025035
0 0.562032 0.904864 0.026393 0.027063
0 0.171192 0.603337 0.055009 0.055203
0 0.751409 0.063966 0.017990 0.017994
0 0.564194 0.745248 0.021485 0.021294
0 0.037240 0.237926 0.020104 0.020114
0 0.652834 0.900641 0.106490 0.102727
0 0.987121 0.061788 0.025135 0.031283
0 0.523477 0.473293 0.027986 0.027576
0 0.969441 0.372594 0.019460 0.019630
0 0.750618 0.802715 0.020241 0.020321
0 0.337888 0.966653 0.059947 0.059898
0 0.115055 0.419731 0.020988 0.021442
0 0.261597 0.383113 0.018709 0.018940
0 0.375050 0.426136 0.031245 0.030311
0 0.373962 0.280546 0.018199 0.018242
0 0.493792 0.027333 0.017679 0.017832
0 0.742820 0.624862 0.065715 0.063896
0 0.439219 0.117516 0.371485 0.235033
0 0.992016 0.931430 0.015139 0.018497
0 0.934469 0.605919 0.131061 0.173656
0 0.350532 0.033180 0.018100 0.018841
0 0.605499 0.574540 0.020163 0.020395
0 0.523288 0.307085 0.019946 0.019841
0 0.857556 0.844611 0.284490 0.310779
0 0.786313 0.214909 0.018427 0.018843
0 0.184633 0.249312 0.087192 0.086888
0 0.244235 0.071513 0.018375 0.018336
0 0.050089 0.668228 0.095909 0.098856
0 0.443637 0.852241 0.018233 0.018652
0 0.143576 0.100621 0.252378 0.201241
0 0.062151 0.254591 0.121102 0.126582
0 0.167094 0.882618 0.035399 0.035715
0 0.990953 0.355055 0.016638 0.017647
0 0.993632 0.214213 0.012735 0.029669
0 0.785336 0.726262 0.016871 0.017452
0 0.922234 0.258372 0.154140 0.234230
0 0.448413 0.835180 0.018888 0.018682
0 0.703708 0.734599 0.143791 0.142359
0 0.474615 0.069832 0.017242 0.016706
0 0.588896 0.708799 0.037758 0.038060
0 0.109135 0.690358 0.029285 0.030628
0 0.528111 0.094056 0.017849 0.017562
