0 0.386311 0.908776 0.102612 0.100819
0 0.930248 0.208172 0.036346 0.036277
0 0.592947 0.221517 0.034935 0.036189
0 0.232426 0.698208 0.039172 0.039597
0 0.986841 0.656095 0.026216 0.030479
0 0.747344 0.070103 0.029805 0.030235
0 0.897932 0.705095 0.027517 0.027683
0 0.572611 0.941662 0.040702 0.039868
0 0.119730 0.330541 0.031780 0.031546
0 0.515382 0.905136 0.058293 0.059708
0 0.687061 0.281280 0.036632 0.037328
0 0.940119 0.580493 0.025001 0.024821
0 0.249382 0.864798 0.039167 0.039330
0 0.360524 0.776330 0.031128 0.031066
0 0.395114 0.560760 0.027858 0.027303
0 0.156684 0.932609 0.031822 0.031702
0 0.769612 0.487080 0.029910 0.030192
0 0.496779 0.941300 0.032499 0.032194
0 0.306248 0.933470 0.028419 0.027916
0 0.206825 0.866183 0.033145 0.033216
0 0.537833 0.321064 0.025024 0.025554
0 0.547595 0.928933 0.035813 0.035453
0 0.665758 0.354554 0.024556 0.024645
0 0.085838 0.316471 0.027526 0.027849
0 0.608398 0.172135 0.027951 0.027814
0 0.676037 0.249533 0.026571 0.026748
0 0.278210 0.776671 0.026343 0.026142
0 0.988527 0.258781 0.022363 0.025053
0 0.693764 0.627022 0.035728 0.036858
0 0.887184 0.244899 0.032337 0.033597
0 0.463301 0.925493 0.042962 0.041425
0 0.742417 0.778157 0.024720 0.024742
0 0.873668 0.984139 0.025972 0.026957
0 0.010739 0.252542 0.021479 0.029698
0 0.189947 0.754871 0.035789 0.035729
0 0.685893 0.844743 0.028092 0.027746
0 0.896236 0.272734 0.035707 0.034998
0 0.052731 0.891999 0.056790 0.055167
0 0.403080 0.507819 0.024884 0.024868
0 0.713283 0.645587 0.023689 0.023496
0 0.408489 0.959544 0.026347 0.025994
