0 0.533031 0.821771 0.130393 0.131114
0 0.618548 0.525545 0.052411 0.051191
0 0.224214 0.855340 0.030669 0.030228
0 0.401968 0.160251 0.030859 0.030527
0 0.108214 0.228409 0.034490 0.033664
0 0.217466 0.826390 0.029719 0.030016
0 0.073752 0.456787 0.041851 0.041601
0 0.542441 0.281210 0.030954 0.031621
0 0.152703 0.481935 0.044750 0.044379
0 0.344926 0.921984 0.026161 0.025980
0 0.727624 0.332710 0.032674 0.032573
0 0.246195 0.190459 0.032219 0.031418
0 0.728840 0.480857 0.035682 0.035011
0 0.438852 0.840478 0.027601 0.028027
0 0.009421 0.271360 0.018631 0.042802
0 0.309339 0.091042 0.031656 0.031571
0 0.719898 0.857221 0.094972 0.094564
0 0.797275 0.696481 0.071861 0.070583
0 0.295543 0.949042 0.023439 0.023162
0 0.174846 0.718661 0.022062 0.021959
0 0.446714 0.716994 0.089846 0.089310
0 0.766015 0.770406 0.032477 0.033155
0 0.590428 0.116397 0.026319 0.025877
0 0.666638 0.184944 0.030973 0.031540
0 0.857355 0.057198 0.025979 0.026458
0 0.848005 0.372467 0.024516 0.024341
0 0.588689 0.037802 0.136073 0.074808
0 0.693781 0.468694 0.036884 0.035744
0 0.411272 0.859054 0.022126 0.022121
0 0.175736 0.038896 0.139732 0.077548
0 0.314261 0.861491 0.025369 0.025771
0 0.031810 0.140457 0.063514 0.156271
0 0.889205 0.536586 0.022333 0.022187
0 0.519995 0.541174 0.034350 0.034361
0 0.965405 0.126086 0.031834 0.031558
0 0.685369 0.591836 0.082471 0.081751
0 0.387913 0.988112 0.023434 0.022663
0 0.032222 0.739160 0.020562 0.020703
0 0.923312 0.983493 0.051342 0.033015
0 0.223308 0.711331 0.023088 0.022576
0 0.499981 0.317564 0.079235 0.078108
