0 0.771664 0.553006 0.049335 0.042588
0 0.638127 0.043977 0.042795 0.037248
0 0.878922 0.308215 0.041054 0.034981
0 0.224777 0.631191 0.038587 0.034680
0 0.581068 0.845794 0.043377 0.036555
0 0.766267 0.945768 0.037967 0.032959
0 0.964950 0.352334 0.035406 0.031638
0 0.717974 0.185174 0.034103 0.029101
0 0.838747 0.343125 0.036741 0.032093
0 0.610590 0.450484 0.032341 0.027062
0 0.509746 0.609736 0.036861 0.031848
0 0.880554 0.335995 0.033601 0.028426
0 0.507552 0.887210 0.033339 0.028766
0 0.828870 0.535249 0.073448 0.058239
0 0.288213 0.435279 0.036037 0.031320
0 0.489865 0.024316 0.033889 0.030016
