0 0.178405 0.778968 0.025327 0.025327
0 0.851047 0.887674 0.028243 0.028143
0 0.277249 0.141569 0.022604 0.022794
0 0.274732 0.063337 0.027172 0.027078
0 0.591387 0.898815 0.026263 0.026369
0 0.249340 0.734309 0.023334 0.023611
0 0.235452 0.702223 0.023374 0.023203
0 0.803185 0.631003 0.068002 0.068440
0 0.379337 0.793799 0.031511 0.031763
0 0.254439 0.802840 0.027733 0.028150
0 0.746241 0.254388 0.024600 0.024162
0 0.408370 0.717855 0.026518 0.026815
0 0.865475 0.034700 0.029330 0.029845
0 0.831792 0.734636 0.027238 0.027676
0 0.514099 0.781149 0.038062 0.037803
0 0.130501 0.284735 0.033956 0.033498
0 0.722924 0.631469 0.024018 0.024419
0 0.360511 0.648965 0.029707 0.030058
0 0.450757 0.125284 0.042881 0.042500
0 0.561799 0.692767 0.029982 0.029416
0 0.238420 0.903358 0.034671 0.034515
0 0.056189 0.799061 0.068888 0.069851
0 0.287595 0.592957 0.055202 0.054841
0 0.082850 0.842954 0.034452 0.034592
0 0.325893 0.714566 0.041194 0.041608
0 0.508874 0.216697 0.027030 0.026705
0 0.153507 0.590224 0.059598 0.059776
0 0.699990 0.827690 0.030788 0.031420
0 0.761174 0.764514 0.051755 0.051703
0 0.156884 0.660636 0.025556 0.025426
0 0.192774 0.719981 0.030342 0.030432
0 0.201727 0.637355 0.021534 0.021490
0 0.144186 0.341426 0.048442 0.048963
0 0.789095 0.943423 0.036065 0.035813
0 0.689100 0.773283 0.038253 0.038094
0 0.352412 0.527217 0.020147 0.020169
0 0.061108 0.909738 0.024224 0.023984
0 0.904222 0.657218 0.027967 0.028194
0 0.616933 0.648913 0.069378 0.070120
0 0.705549 0.924133 0.049667 0.049558
0 0.896904 0.860836 0.028588 0.027945
0 0.289855 0.800407 0.031213 0.030403
0 0.960577 0.508003 0.030168 0.029872
0 0.382637 0.888075 0.026695 0.026972
0 0.013048 0.829379 0.022429 0.022458
0 0.041044 0.341473 0.047859 0.047728
0 0.445090 0.479173 0.024700 0.024512
0 0.971225 0.658064 0.023450 0.023094
0 0.399683 0.552326 0.033180 0.033378
0 0.581602 0.831037 0.039180 0.038965
0 0.086439 0.337782 0.028903 0.028734
0 0.066354 0.441968 0.030374 0.030551
0 0.047297 0.209274 0.022118 0.022381
0 0.561388 0.632791 0.047417 0.048081
0 0.376000 0.956751 0.034054 0.034599
0 0.556875 0.903175 0.025663 0.025325
0 0.409519 0.965832 0.038465 0.039219
0 0.638042 0.578959 0.067029 0.066894
0 0.067177 0.733685 0.019040 0.019040
0 0.779317 0.575022 0.028669 0.028294
0 0.135163 0.443697 0.042253 0.042002
0 0.329888 0.812024 0.031356 0.031340
0 0.284359 0.712420 0.021169 0.021342
0 0.772771 0.509654 0.026101 0.026409
0 0.176311 0.514821 0.033146 0.032874
0 0.397069 0.907076 0.020573 0.020438
0 0.805793 0.897033 0.020588 0.020477
0 0.287849 0.424098 0.043576 0.043506
0 0.528863 0.949923 0.018967 0.018876
0 0.431455 0.514247 0.020147 0.020203
0 0.856602 0.659953 0.031659 0.032544
0 0.126037 0.038035 0.021365 0.021669
0 0.722435 0.802135 0.034683 0.034510
0 0.922598 0.308700 0.020236 0.020404
0 0.982207 0.592762 0.035587 0.058475
0 0.357488 0.772826 0.026465 0.026932
0 0.079277 0.301688 0.021239 0.020486
0 0.209109 0.239840 0.042952 0.043447
0 0.387556 0.748205 0.047180 0.047411
0 0.976126 0.275811 0.042681 0.042738
0 0.187682 0.222312 0.018262 0.018248
0 0.863381 0.373936 0.054713 0.054454
0 0.198610 0.472375 0.027336 0.027277
0 0.158937 0.472229 0.024638 0.023797
0 0.062861 0.647020 0.033377 0.035613
0 0.638990 0.946811 0.022297 0.022170
0 0.075406 0.316841 0.020392 0.020440
0 0.765200 0.555776 0.023609 0.023646
0 0.008575 0.577951 0.016799 0.046194
0 0.938113 0.661883 0.035896 0.037121
0 0.685292 0.274945 0.018701 0.018886
0 0.102665 0.530972 0.017023 0.016828
0 0.858041 0.586255 0.026879 0.027322
0 0.176780 0.108895 0.017866 0.017669
0 0.837957 0.986801 0.025024 0.024285
0 0.946259 0.912121 0.106660 0.156100
0 0.162689 0.922085 0.066565 0.062909
0 0.619738 0.058417 0.038966 0.038536
0 0.471176 0.988740 0.023362 0.022025
0 0.971988 0.699588 0.056023 0.066074
0 0.709676 0.589217 0.027220 0.028371
0 0.409784 0.923936 0.021482 0.020995
0 0.508335 0.432154 0.022158 0.022553
0 0.232473 0.146545 0.019537 0.019605
0 0.238037 0.266573 0.018527 0.018353
0 0.887588 0.791924 0.034931 0.035188
0 0.778956 0.200861 0.017861 0.017854
0 0.969472 0.006466 0.023726 0.012407
0 0.459373 0.242754 0.035317 0.035715
0 0.144785 0.243367 0.031377 0.031121
0 0.965955 0.368077 0.017649 0.017591
0 0.473393 0.513709 0.021786 0.021906
0 0.617764 0.129182 0.122662 0.128339
0 0.631325 0.659825 0.020221 0.020520
0 0.366831 0.703638 0.020193 0.020785
0 0.447600 0.090683 0.017286 0.017262
0 0.683652 0.456694 0.018317 0.018625
0 0.163158 0.540740 0.018324 0.017862
0 0.498395 0.321797 0.037371 0.037402
0 0.993061 0.031167 0.013608 0.054640
0 0.095104 0.359388 0.017273 0.017149
0 0.425156 0.409215 0.016865 0.017177
0 0.368041 0.610958 0.027188 0.025202
0 0.742979 0.709412 0.016451 0.017031
0 0.391006 0.891920 0.257294 0.216012
0 0.853810 0.840035 0.029151 0.029477
0 0.981374 0.993994 0.022445 0.012012
0 0.012990 0.006062 0.020912 0.012124
0 0.400924 0.068087 0.018573 0.018198
0 0.903310 0.844911 0.019774 0.019702
0 0.420213 0.529939 0.017175 0.017362
0 0.088521 0.560674 0.016703 0.016614
0 0.928161 0.716871 0.018042 0.017838
0 0.910932 0.692588 0.036715 0.037722
