0 0.813695 0.132044 0.181882 0.132926
0 0.946314 0.369903 0.107372 0.095880
0 0.649043 0.358894 0.087058 0.068704
0 0.485304 0.487537 0.063998 0.048675
0 0.586436 0.708237 0.045651 0.033146
0 0.129317 0.091743 0.147710 0.104512
0 0.480867 0.270077 0.043404 0.029924
0 0.264846 0.704157 0.045319 0.032191
0 0.729587 0.266696 0.057538 0.043938
0 0.329143 0.657857 0.065794 0.044160
0 0.518847 0.780108 0.051938 0.037884
0 0.406475 0.016106 0.046097 0.030205
0 0.243942 0.196353 0.066227 0.049266
0 0.746442 0.333392 0.045771 0.033684
0 0.349589 0.406696 0.036472 0.027750
0 0.801906 0.427497 0.133628 0.099634
0 0.675596 0.257707 0.040715 0.032668
0 0.434862 0.260926 0.047896 0.035074
0 0.054763 0.635570 0.038156 0.026659
0 0.983955 0.033135 0.031782 0.033590
0 0.774501 0.277073 0.040980 0.032768
0 0.862391 0.313832 0.121319 0.089347
0 0.436875 0.467411 0.042678 0.033778
0 0.711863 0.498747 0.041351 0.029589
0 0.938236 0.112458 0.123528 0.118067
0 0.550386 0.047994 0.035390 0.025799
0 0.651630 0.023807 0.032840 0.026779
0 0.503993 0.237364 0.068570 0.050314
0 0.432146 0.044324 0.047189 0.033031
