0 0.908643 0.735672 0.024876 0.024972
0 0.906244 0.631571 0.024780 0.025075
0 0.270727 0.181217 0.024434 0.024777
0 0.276873 0.795351 0.033475 0.033527
0 0.791444 0.727787 0.041774 0.041781
0 0.874829 0.771994 0.028186 0.027843
0 0.768576 0.614900 0.052242 0.051990
0 0.821759 0.781161 0.037541 0.036837
0 0.833280 0.337400 0.033572 0.034178
0 0.744033 0.807433 0.025990 0.026203
0 0.251396 0.434709 0.049468 0.049649
0 0.807105 0.463572 0.028421 0.028308
0 0.926948 0.389738 0.038107 0.037886
0 0.608769 0.892513 0.027052 0.027264
0 0.424793 0.254050 0.028677 0.028814
0 0.901040 0.672893 0.026311 0.026741
0 0.799689 0.218503 0.024647 0.024893
0 0.866682 0.731157 0.024401 0.024364
0 0.588885 0.971862 0.038219 0.037910
0 0.815133 0.670013 0.045485 0.045609
0 0.698455 0.668580 0.043258 0.044003
0 0.948426 0.551853 0.034295 0.035010
0 0.770691 0.952439 0.043663 0.043776
0 0.770131 0.573357 0.026638 0.027126
0 0.157763 0.093434 0.026098 0.026041
0 0.446212 0.697586 0.030776 0.031069
0 0.144297 0.318725 0.113520 0.114247
0 0.691441 0.390618 0.020890 0.021327
0 0.023837 0.200081 0.040713 0.041079
0 0.833058 0.898028 0.024181 0.024111
0 0.725848 0.784782 0.019631 0.019741
0 0.225713 0.795044 0.023555 0.023562
0 0.836483 0.710856 0.039673 0.039851
0 0.477711 0.907866 0.022450 0.023075
0 0.872367 0.947260 0.023612 0.023534
0 0.778967 0.664398 0.020764 0.020790
0 0.765950 0.537029 0.027015 0.026730
0 0.804472 0.553723 0.035745 0.035554
0 0.693504 0.495694 0.097889 0.096134
0 0.782260 0.519823 0.023329 0.023497
0 0.660266 0.449663 0.114270 0.114445
0 0.737726 0.293982 0.020619 0.020345
0 0.522557 0.048559 0.019135 0.018647
0 0.046312 0.146904 0.085291 0.088083
0 0.923765 0.989643 0.046088 0.020714
0 0.703569 0.741926 0.024954 0.025325
0 0.232396 0.394742 0.040331 0.040837
0 0.313798 0.624279 0.084719 0.085266
0 0.965038 0.489426 0.069923 0.098711
0 0.951589 0.313387 0.017989 0.018215
0 0.632979 0.511910 0.023302 0.023758
0 0.411373 0.951193 0.157588 0.097615
0 0.087903 0.456598 0.019407 0.019909
0 0.525895 0.548183 0.035534 0.035027
0 0.330024 0.086524 0.028110 0.028223
0 0.416533 0.338760 0.047324 0.048342
0 0.111655 0.799092 0.037862 0.037684
0 0.601735 0.282203 0.032530 0.032977
0 0.776911 0.928876 0.024847 0.021566
0 0.315940 0.111263 0.025201 0.025279
0 0.509753 0.766087 0.090049 0.089189
