0 0.715574 0.849944 0.028974 0.029246
0 0.544899 0.217203 0.023004 0.022977
0 0.691508 0.156482 0.037423 0.037212
0 0.506101 0.221041 0.029237 0.029354
0 0.101519 0.960285 0.028994 0.028394
0 0.731006 0.776232 0.045964 0.045373
0 0.610384 0.471027 0.033776 0.034348
0 0.853181 0.188504 0.029098 0.029353
0 0.796184 0.186520 0.033371 0.032792
0 0.483896 0.853558 0.024575 0.024773
0 0.644732 0.525665 0.034828 0.035710
0 0.677193 0.286455 0.023182 0.023184
0 0.667503 0.754762 0.043969 0.043736
0 0.218226 0.908739 0.026130 0.025800
0 0.124674 0.579324 0.034009 0.033911
0 0.106102 0.537571 0.034436 0.033822
0 0.667703 0.628525 0.022119 0.022530
0 0.519397 0.296708 0.026289 0.026157
0 0.968177 0.299315 0.030713 0.030969
0 0.861570 0.223341 0.021020 0.020742
0 0.742197 0.502828 0.026990 0.027059
0 0.842316 0.686322 0.021672 0.021783
0 0.472721 0.741647 0.037619 0.037348
0 0.139375 0.511877 0.020876 0.020855
0 0.532890 0.035633 0.028146 0.027791
0 0.692919 0.382712 0.021740 0.022290
0 0.736525 0.526040 0.023594 0.023550
0 0.861707 0.161866 0.021940 0.022100
0 0.935199 0.683395 0.023129 0.022888
0 0.216054 0.962450 0.021598 0.021498
0 0.940718 0.268051 0.028435 0.028397
0 0.915676 0.033480 0.022653 0.022464
0 0.536675 0.316311 0.022259 0.022802
0 0.453149 0.988131 0.040940 0.023737
0 0.716685 0.888808 0.023522 0.023688
0 0.807445 0.072680 0.021976 0.021866
0 0.277003 0.470514 0.020911 0.020953
0 0.957004 0.686677 0.020529 0.020918
0 0.827037 0.115206 0.026499 0.027186
0 0.850206 0.340516 0.021010 0.021246
0 0.856142 0.546166 0.019612 0.019868
0 0.057645 0.399738 0.020636 0.020712
0 0.306499 0.091813 0.020137 0.020296
0 0.475436 0.158898 0.021019 0.021390
0 0.353245 0.175629 0.018603 0.018794
0 0.556104 0.022292 0.022736 0.022568
0 0.276980 0.147487 0.019065 0.019098
0 0.011694 0.765699 0.023389 0.035204
0 0.735237 0.802843 0.019747 0.019264
0 0.446274 0.646875 0.021256 0.021832
0 0.919001 0.284583 0.021792 0.022048
0 0.055601 0.977858 0.020189 0.020014
0 0.776717 0.495064 0.020639 0.021105
0 0.292722 0.116620 0.019167 0.018485
0 0.237679 0.770871 0.032146 0.032109
0 0.949513 0.144151 0.018953 0.019088
0 0.023623 0.566303 0.028052 0.028037
0 0.934339 0.117924 0.019698 0.019605
0 0.917055 0.428172 0.019368 0.019736
0 0.712577 0.620988 0.019971 0.020264
0 0.026656 0.901804 0.020072 0.019953
0 0.357899 0.610748 0.025196 0.025654
0 0.753728 0.188768 0.019248 0.019323
0 0.602829 0.135925 0.029728 0.030057
0 0.418709 0.305499 0.019597 0.019597
0 0.260036 0.567332 0.029225 0.029675
0 0.325712 0.255109 0.030931 0.030785
0 0.068463 0.538185 0.021229 0.021422
0 0.434227 0.607304 0.030273 0.030039
0 0.414937 0.035056 0.088869 0.068876
0 0.989831 0.532102 0.020337 0.027500
0 0.298888 0.898159 0.030294 0.030563
0 0.701226 0.436900 0.018044 0.018279
0 0.772372 0.639971 0.018592 0.018468
0 0.314592 0.349546 0.038655 0.038302
0 0.207221 0.030330 0.019293 0.019220
0 0.330953 0.231455 0.027651 0.027356
0 0.398500 0.178905 0.017918 0.017963
0 0.984700 0.581939 0.019050 0.018637
0 0.940708 0.312441 0.018062 0.018393
0 0.016820 0.359843 0.032828 0.035241
0 0.840140 0.157490 0.020677 0.020548
0 0.636512 0.610904 0.041840 0.042813
0 0.795438 0.467823 0.019223 0.019373
0 0.552830 0.263858 0.017867 0.017753
0 0.690093 0.105365 0.211912 0.188635
0 0.877804 0.127451 0.019110 0.019158
0 0.368062 0.980713 0.023004 0.023085
0 0.976811 0.506317 0.024411 0.023500
