0 0.620739 0.805932 0.089129 0.088829
0 0.267846 0.224445 0.071785 0.071321
0 0.566222 0.850356 0.033004 0.032310
0 0.092941 0.214073 0.077281 0.075663
0 0.193991 0.331072 0.065312 0.065031
0 0.335922 0.589519 0.032069 0.031958
0 0.109961 0.347881 0.045645 0.044297
0 0.157051 0.049814 0.104867 0.099401
0 0.600337 0.069219 0.061636 0.060975
0 0.880140 0.484207 0.055241 0.054667
0 0.666141 0.460921 0.383921 0.380936
0 0.227466 0.913475 0.040849 0.038898
0 0.968320 0.421144 0.063361 0.068649
0 0.041556 0.284879 0.028809 0.028490
0 0.617568 0.765444 0.027554 0.026992
0 0.091232 0.885030 0.026125 0.026303
0 0.277872 0.911091 0.047161 0.046270
0 0.176931 0.286856 0.031391 0.031398
0 0.298235 0.317437 0.028459 0.028380
0 0.077847 0.766071 0.067690 0.064884
0 0.184209 0.684867 0.081854 0.080497
0 0.195252 0.430413 0.023068 0.023265
0 0.770911 0.637723 0.050596 0.049552
0 0.254990 0.396445 0.035707 0.035735
0 0.044004 0.937088 0.088008 0.092441
0 0.143412 0.892897 0.050930 0.050119
0 0.755273 0.141469 0.030980 0.030161
0 0.288354 0.809800 0.033395 0.033365
0 0.016213 0.518972 0.032425 0.036215
0 0.677854 0.897723 0.061806 0.061421
0 0.347000 0.990491 0.026588 0.019018
0 0.877279 0.525267 0.027682 0.027434
0 0.035329 0.490186 0.023056 0.023145
0 0.107761 0.945932 0.051220 0.051142
0 0.864428 0.302698 0.024384 0.024082
0 0.979657 0.883461 0.030413 0.029358
0 0.680139 0.481798 0.023695 0.023580
0 0.571352 0.886175 0.029305 0.029442
0 0.903014 0.761611 0.023105 0.022939
0 0.257912 0.602236 0.023870 0.023706
0 0.291574 0.950098 0.026085 0.025796
0 0.482171 0.761988 0.025329 0.025140
0 0.187080 0.823269 0.031526 0.031086
0 0.363168 0.487226 0.058262 0.057314
0 0.794404 0.060952 0.257367 0.121905
0 0.641154 0.090932 0.023010 0.022916
0 0.170033 0.142468 0.181142 0.176765
0 0.020804 0.778508 0.032699 0.033374
0 0.900951 0.979973 0.037763 0.037397
0 0.502118 0.627838 0.028440 0.027862
0 0.336957 0.787545 0.027291 0.027954
0 0.477464 0.367827 0.091333 0.089968
0 0.122942 0.122008 0.027918 0.028088
0 0.146863 0.846138 0.055130 0.054536
0 0.392224 0.012502 0.070334 0.025004
0 0.441676 0.064960 0.146668 0.129920
0 0.912847 0.178441 0.174306 0.314037
0 0.021054 0.086715 0.030886 0.029706
0 0.955601 0.760078 0.019612 0.019641
0 0.302612 0.493065 0.054655 0.053736
0 0.017272 0.656294 0.019249 0.018864
0 0.005635 0.223021 0.011103 0.026877
0 0.089992 0.813781 0.091472 0.086525
0 0.297698 0.770146 0.023859 0.024166
0 0.681175 0.657253 0.020585 0.020186
0 0.242300 0.978991 0.024374 0.023374
0 0.013361 0.171772 0.026571 0.048960
