0 0.857042 0.412329 0.038659 0.038325
0 0.920689 0.608581 0.043457 0.042646
0 0.860044 0.520359 0.038682 0.038696
0 0.974030 0.291190 0.051940 0.056901
0 0.719735 0.501364 0.033855 0.033799
0 0.060912 0.255751 0.036726 0.035956
0 0.122823 0.544631 0.030450 0.030027
0 0.903350 0.455145 0.029017 0.028875
0 0.648080 0.944441 0.028999 0.028425
0 0.195978 0.271970 0.032356 0.032208
0 0.690927 0.429056 0.027005 0.026235
0 0.935158 0.475038 0.023938 0.023913
0 0.778846 0.800034 0.026017 0.026001
0 0.289135 0.650792 0.033312 0.033372
0 0.705320 0.555664 0.024834 0.025436
0 0.922736 0.127573 0.031588 0.031342
0 0.810164 0.836451 0.024755 0.024627
0 0.989327 0.673313 0.021347 0.026312
0 0.780765 0.392707 0.022959 0.022846
0 0.121822 0.845565 0.027098 0.027186
0 0.559954 0.114391 0.023285 0.023387
0 0.507281 0.911921 0.022664 0.022500
0 0.438714 0.772610 0.025344 0.025666
0 0.280751 0.535459 0.024156 0.024512
0 0.289285 0.513031 0.027820 0.028245
0 0.263433 0.643206 0.026185 0.026366
0 0.254812 0.323886 0.025847 0.025779
0 0.066295 0.840145 0.027027 0.026835
0 0.148827 0.935375 0.026134 0.026406
0 0.471441 0.737924 0.024182 0.024242
0 0.808417 0.372766 0.036563 0.035816
0 0.951111 0.111994 0.031160 0.031921
