0 0.230816 0.434351 0.186933 0.152304
0 0.937560 0.589671 0.124880 0.134789
0 0.870512 0.638786 0.070804 0.053859
0 0.832848 0.162819 0.180746 0.141127
0 0.788627 0.629777 0.062898 0.050144
0 0.092704 0.811641 0.092897 0.076035
0 0.761957 0.706123 0.048423 0.036545
0 0.382415 0.794798 0.057502 0.045521
0 0.912459 0.305706 0.035918 0.027838
0 0.466070 0.060206 0.038591 0.034616
0 0.388921 0.938802 0.039231 0.031294
0 0.847862 0.462498 0.049579 0.038149
0 0.821979 0.542924 0.036749 0.031313
0 0.334858 0.494068 0.040699 0.038308
0 0.259411 0.757034 0.075701 0.061183
0 0.468462 0.957451 0.068782 0.058287
0 0.773428 0.247359 0.047713 0.037274
0 0.417615 0.173826 0.079164 0.074316
0 0.585418 0.871470 0.042276 0.036069
0 0.174647 0.010358 0.030448 0.020431
0 0.788879 0.307687 0.033535 0.027806
0 0.104263 0.477232 0.033272 0.025620
0 0.642348 0.415286 0.036696 0.028084
0 0.521546 0.214610 0.092028 0.079432
0 0.944140 0.426406 0.110629 0.194748
0 0.497112 0.655429 0.046142 0.039768
0 0.667842 0.083037 0.037254 0.032404
0 0.404404 0.828514 0.052964 0.043419
0 0.906191 0.931416 0.050061 0.039709
0 0.034966 0.441137 0.069932 0.094015
0 0.976401 0.291918 0.047059 0.076089
0 0.418043 0.725643 0.037885 0.034473
0 0.192652 0.807534 0.037188 0.030478
0 0.770950 0.054919 0.143929 0.109525
0 0.984875 0.987148 0.026187 0.024147
0 0.020937 0.241678 0.033559 0.028770
0 0.564042 0.056749 0.029087 0.023183
0 0.456410 0.092788 0.029349 0.025880
