0 0.348224 0.812211 0.267913 0.236880
0 0.425634 0.112070 0.054276 0.049101
0 0.814757 0.756124 0.042651 0.040539
0 0.884395 0.228714 0.052072 0.048987
0 0.848543 0.707313 0.045905 0.044015
0 0.753627 0.813924 0.040155 0.038618
0 0.534169 0.332012 0.042522 0.038723
0 0.916942 0.784080 0.036967 0.034778
0 0.175038 0.964284 0.043088 0.040271
0 0.780915 0.614608 0.032122 0.031323
0 0.815761 0.848140 0.031109 0.030555
0 0.035540 0.772934 0.027911 0.027395
0 0.598484 0.713360 0.028502 0.028304
0 0.895347 0.743013 0.026007 0.025260
0 0.777772 0.918535 0.027247 0.026630
0 0.290434 0.277776 0.029938 0.027963
0 0.494638 0.661839 0.124212 0.117403
0 0.775653 0.963070 0.061474 0.060201
