0 0.162515 0.267120 0.191066 0.178777
0 0.480772 0.689742 0.446097 0.419779
0 0.139910 0.742514 0.277855 0.274775
0 0.116304 0.544663 0.180359 0.155189
0 0.944055 0.041473 0.057365 0.054766
0 0.221857 0.015155 0.035666 0.030310
0 0.301265 0.411852 0.037737 0.035606
0 0.909735 0.491595 0.082865 0.081504
0 0.472847 0.116462 0.089082 0.079811
0 0.461997 0.326158 0.032625 0.032336
0 0.951081 0.760129 0.024283 0.023962
0 0.524943 0.160248 0.118921 0.107274
0 0.810520 0.071825 0.031018 0.028177
0 0.973716 0.328931 0.032716 0.031191
0 0.811022 0.213098 0.041001 0.039307
0 0.600891 0.170844 0.030195 0.028967
0 0.783901 0.029977 0.039344 0.036621
0 0.681070 0.556091 0.024664 0.025172
0 0.814219 0.140833 0.027169 0.025778
0 0.299250 0.017105 0.103516 0.034204
0 0.543715 0.263351 0.025974 0.024807
0 0.399760 0.930269 0.056279 0.052448
