0 0.327319 0.665335 0.032729 0.032548
0 0.378006 0.148252 0.069337 0.068287
0 0.068549 0.397925 0.044952 0.045589
0 0.331233 0.093310 0.056011 0.055755
0 0.172614 0.019622 0.071393 0.039049
0 0.867751 0.518868 0.035718 0.035833
0 0.373850 0.618819 0.025436 0.025282
0 0.160149 0.966990 0.142404 0.065179
0 0.140976 0.759455 0.035565 0.035674
0 0.296775 0.391099 0.025736 0.025684
0 0.036622 0.399763 0.029730 0.028789
0 0.334944 0.790480 0.029550 0.029352
0 0.182126 0.355880 0.024667 0.024252
0 0.118275 0.135081 0.035013 0.034764
0 0.408492 0.609830 0.025081 0.024929
0 0.030185 0.424517 0.025817 0.025205
0 0.868492 0.979727 0.038368 0.037930
0 0.491450 0.558819 0.024286 0.024303
0 0.378087 0.764051 0.023272 0.023333
0 0.137771 0.678635 0.023382 0.023399
0 0.680338 0.637950 0.023507 0.023314
0 0.438739 0.468064 0.023975 0.023832
0 0.222101 0.847777 0.020888 0.021307
0 0.163130 0.310241 0.021997 0.022280
0 0.978956 0.557321 0.029550 0.028814
0 0.474619 0.966552 0.057111 0.056612
0 0.218921 0.340687 0.022309 0.022306
0 0.889332 0.554678 0.049552 0.049543
0 0.011008 0.705268 0.020531 0.020855
0 0.366102 0.807124 0.021687 0.021522
0 0.692869 0.560295 0.027865 0.027785
0 0.092391 0.579352 0.019640 0.019444
0 0.095911 0.864039 0.036828 0.037169
0 0.960821 0.189843 0.020601 0.021106
