0 0.564222 0.106799 0.063157 0.063237
0 0.044758 0.372605 0.040276 0.039794
0 0.839989 0.887624 0.039134 0.038097
0 0.225566 0.222945 0.026911 0.026797
0 0.756972 0.655815 0.029444 0.029564
0 0.561198 0.244253 0.149558 0.146994
0 0.185728 0.267758 0.023283 0.023199
0 0.396488 0.617245 0.023464 0.023686
0 0.554901 0.678476 0.027046 0.026598
0 0.910367 0.342317 0.069467 0.070638
0 0.013923 0.793058 0.027304 0.031472
0 0.317223 0.440239 0.042493 0.041652
0 0.296081 0.395566 0.026117 0.026265
0 0.981846 0.166846 0.032366 0.032563
0 0.286776 0.303762 0.021404 0.021508
0 0.845292 0.566838 0.021717 0.021987
0 0.972721 0.727305 0.024766 0.024916
0 0.947717 0.119767 0.104566 0.238202
0 0.619849 0.343242 0.024768 0.024170
0 0.614858 0.311625 0.021764 0.022084
