0 0.725230 0.733437 0.219254 0.216768
0 0.881326 0.910600 0.028187 0.028342
0 0.600508 0.484801 0.182146 0.178697
0 0.672254 0.625190 0.037724 0.038271
0 0.284564 0.428512 0.196010 0.194526
0 0.602263 0.824056 0.029658 0.029199
0 0.630427 0.899728 0.069899 0.070218
0 0.639482 0.291375 0.027027 0.027404
0 0.274330 0.897476 0.034426 0.034243
0 0.411673 0.293340 0.026370 0.026173
0 0.180123 0.563220 0.031459 0.031623
0 0.569763 0.950806 0.110051 0.098387
0 0.739071 0.319914 0.029948 0.030569
0 0.312200 0.870313 0.043457 0.043142
0 0.552531 0.061399 0.049558 0.049145
0 0.428898 0.956715 0.086680 0.085359
0 0.592364 0.677448 0.046427 0.046287
0 0.909206 0.939643 0.035924 0.035800
0 0.282558 0.068807 0.027339 0.027878
0 0.609805 0.121799 0.028201 0.028180
0 0.249320 0.068744 0.037130 0.036486
0 0.952549 0.344270 0.028662 0.029076
0 0.088668 0.139389 0.037493 0.037308
0 0.767801 0.291056 0.046877 0.047356
0 0.432991 0.688405 0.034816 0.034815
0 0.271586 0.735842 0.159348 0.160606
0 0.913575 0.087613 0.033170 0.033466
0 0.560499 0.173790 0.040231 0.039715
0 0.494978 0.709018 0.040760 0.041258
0 0.791429 0.108404 0.062544 0.062825
0 0.300282 0.824758 0.034010 0.034487
0 0.291735 0.951178 0.031888 0.031726
0 0.541510 0.772521 0.029381 0.029427
0 0.154631 0.086116 0.078289 0.078075
0 0.513918 0.398435 0.146683 0.146350
0 0.358356 0.637817 0.027699 0.027744
0 0.206098 0.815433 0.033346 0.033968
0 0.645612 0.032921 0.030029 0.030461
0 0.617384 0.186623 0.045752 0.045524
0 0.654558 0.119055 0.023708 0.023584
0 0.885988 0.138954 0.054389 0.053202
0 0.888427 0.204226 0.050177 0.050550
0 0.850385 0.727099 0.032503 0.032815
0 0.703347 0.366207 0.025669 0.026153
0 0.592981 0.070206 0.024501 0.024667
0 0.162137 0.462269 0.098257 0.095844
0 0.123971 0.842962 0.032955 0.033498
0 0.017594 0.550731 0.035102 0.038437
0 0.631724 0.665792 0.022270 0.021560
0 0.878742 0.875211 0.030357 0.029883
0 0.586808 0.135887 0.024276 0.024712
0 0.796134 0.530561 0.033836 0.032098
0 0.804569 0.835977 0.053390 0.054090
0 0.229638 0.187113 0.098392 0.096012
0 0.766567 0.558960 0.030200 0.030363
0 0.547397 0.558112 0.042115 0.042315
0 0.420197 0.655539 0.044309 0.044224
0 0.130815 0.216647 0.030209 0.030054
0 0.923413 0.638630 0.038141 0.038225
0 0.734439 0.510225 0.024881 0.025156
0 0.196039 0.121830 0.070378 0.071295
0 0.125624 0.159907 0.023122 0.023476
0 0.447153 0.046300 0.030732 0.030833
0 0.837513 0.578003 0.066001 0.065816
0 0.830877 0.923039 0.050607 0.051002
0 0.102313 0.568729 0.032154 0.031837
0 0.688835 0.107503 0.027461 0.027401
0 0.301407 0.661480 0.041452 0.042953
0 0.699145 0.499613 0.042338 0.043145
0 0.831881 0.258879 0.022572 0.022317
0 0.826531 0.881104 0.030582 0.030538
0 0.426111 0.093923 0.033080 0.033538
0 0.052282 0.024953 0.053358 0.049835
0 0.965253 0.872645 0.042226 0.042001
0 0.978663 0.434559 0.025800 0.025860
0 0.730465 0.205769 0.023126 0.022734
0 0.535768 0.341360 0.035487 0.036139
0 0.344549 0.673568 0.025827 0.026015
0 0.990215 0.091644 0.018508 0.019540
0 0.613152 0.305665 0.038585 0.038734
0 0.897689 0.319650 0.050368 0.049672
0 0.140901 0.581689 0.043331 0.043960
0 0.750287 0.173483 0.028351 0.028087
0 0.743607 0.138425 0.021647 0.021721
0 0.200026 0.239417 0.069057 0.070785
0 0.236366 0.015806 0.054616 0.031585
0 0.927472 0.126281 0.054825 0.054323
0 0.083818 0.885081 0.108375 0.104968
0 0.967151 0.545546 0.059066 0.060659
0 0.053723 0.388112 0.086429 0.087099
0 0.951193 0.775222 0.031807 0.032467
0 0.321844 0.252123 0.036329 0.036067
0 0.709874 0.091959 0.022815 0.022783
0 0.368522 0.546740 0.060251 0.059371
0 0.577519 0.754771 0.038832 0.039150
0 0.931620 0.220582 0.040119 0.038248
0 0.987342 0.830333 0.025152 0.047905
0 0.473747 0.011123 0.030246 0.022229
0 0.052921 0.667455 0.031474 0.031457
0 0.772727 0.825991 0.026225 0.027510
0 0.445165 0.362725 0.024304 0.024165
0 0.155368 0.250553 0.041771 0.042237
0 0.104270 0.010090 0.044778 0.020072
0 0.158678 0.172931 0.046698 0.046756
0 0.101954 0.046339 0.053159 0.052233
0 0.047479 0.544991 0.020910 0.021106
0 0.765349 0.269338 0.023940 0.023121
0 0.761115 0.357220 0.064569 0.066296
0 0.052749 0.904684 0.029535 0.029176
0 0.201029 0.978151 0.211670 0.043246
0 0.319924 0.683246 0.020797 0.021389
0 0.974478 0.154135 0.041529 0.041577
0 0.798175 0.418740 0.060027 0.061119
0 0.279601 0.130789 0.038600 0.038825
0 0.020873 0.907849 0.030686 0.031487
0 0.671016 0.091014 0.025485 0.026236
0 0.449530 0.607394 0.023333 0.023385
0 0.887236 0.682221 0.020012 0.019832
0 0.188751 0.685450 0.028035 0.028611
0 0.956509 0.808130 0.031395 0.031959
0 0.331407 0.839210 0.033191 0.033557
0 0.145765 0.520403 0.019836 0.020104
0 0.025357 0.649306 0.029370 0.030249
0 0.266124 0.244180 0.041354 0.042115
0 0.121947 0.525879 0.024165 0.024209
0 0.579953 0.330415 0.025556 0.025994
0 0.137172 0.542810 0.021993 0.022064
0 0.797617 0.149419 0.035543 0.036176
0 0.439868 0.852120 0.022314 0.022210
0 0.180707 0.770347 0.033330 0.034237
0 0.981413 0.323263 0.035797 0.040582
0 0.047627 0.196560 0.076738 0.080239
0 0.838613 0.355146 0.019248 0.019165
0 0.576669 0.254577 0.073005 0.070886
0 0.698993 0.219644 0.023801 0.024017
0 0.956196 0.660869 0.027134 0.027042
0 0.098941 0.063960 0.035403 0.029126
0 0.378753 0.488951 0.067331 0.064193
0 0.238569 0.041958 0.027626 0.028434
0 0.491104 0.160992 0.022043 0.021889
0 0.425702 0.487521 0.022031 0.021357
0 0.895683 0.551701 0.049552 0.051026
0 0.583953 0.008087 0.061565 0.016081
0 0.912193 0.959737 0.173094 0.080525
0 0.988912 0.475430 0.022016 0.047466
0 0.852305 0.255199 0.125106 0.121727
