0 0.867702 0.554471 0.148384 0.147581
0 0.785645 0.421115 0.085244 0.085995
0 0.934696 0.293854 0.066563 0.066680
0 0.732987 0.623021 0.050109 0.049921
0 0.800905 0.117215 0.044547 0.044794
0 0.145373 0.633163 0.037304 0.036960
0 0.698407 0.792360 0.035523 0.036108
0 0.405655 0.184083 0.043995 0.043869
0 0.987290 0.378340 0.025357 0.036360
0 0.211711 0.851343 0.051642 0.052296
0 0.634183 0.045107 0.049908 0.049679
0 0.952629 0.790728 0.025908 0.025293
0 0.868391 0.367636 0.033609 0.033518
0 0.894861 0.747689 0.027353 0.027085
0 0.631650 0.394782 0.047351 0.046636
0 0.331455 0.519922 0.073038 0.072873
0 0.533135 0.848813 0.026945 0.026279
0 0.982950 0.882463 0.029005 0.029365
0 0.686001 0.414948 0.062023 0.062301
0 0.448771 0.176841 0.033291 0.033314
0 0.913231 0.464897 0.022770 0.022101
0 0.189227 0.822705 0.031578 0.031779
0 0.443926 0.686995 0.031203 0.031074
0 0.984519 0.689294 0.022842 0.022523
0 0.727636 0.134370 0.026537 0.026576
0 0.391888 0.546914 0.036530 0.036158
0 0.720171 0.014911 0.060150 0.029641
0 0.810871 0.366257 0.029274 0.029834
0 0.460393 0.035518 0.077018 0.071035
0 0.852990 0.460800 0.026984 0.026051
0 0.513750 0.164032 0.026075 0.026523
0 0.389297 0.857768 0.026188 0.026081
0 0.876768 0.862544 0.024535 0.024860
0 0.557016 0.521676 0.032527 0.032039
0 0.377084 0.602299 0.028991 0.028700
0 0.287591 0.283874 0.032395 0.032372
0 0.902288 0.442818 0.021671 0.021875
0 0.886527 0.109752 0.041464 0.041034
0 0.097583 0.392731 0.033829 0.033974
0 0.531285 0.491609 0.031616 0.030966
0 0.292336 0.814427 0.023771 0.024201
0 0.909994 0.681210 0.031949 0.031956
0 0.360814 0.486135 0.034631 0.034691
0 0.601318 0.289593 0.034460 0.034795
0 0.058372 0.233356 0.032401 0.032355
0 0.356628 0.304408 0.030773 0.030382
0 0.564225 0.769528 0.026666 0.026561
0 0.574057 0.807151 0.030837 0.030639
0 0.218419 0.169295 0.070567 0.072370
0 0.422137 0.560161 0.025312 0.025231
0 0.577920 0.340880 0.024038 0.023521
0 0.614582 0.687527 0.030662 0.030144
0 0.020687 0.187256 0.036436 0.036525
0 0.196628 0.127110 0.058386 0.059143
0 0.379931 0.286447 0.026437 0.026511
0 0.790938 0.686727 0.027075 0.027711
0 0.130847 0.129616 0.073308 0.073832
0 0.265795 0.476864 0.091477 0.090910
0 0.921799 0.882177 0.032200 0.032522
0 0.151936 0.184961 0.074434 0.074251
0 0.867149 0.531675 0.021328 0.021641
0 0.675873 0.277211 0.037427 0.037529
0 0.374163 0.427599 0.024555 0.024625
0 0.410406 0.789561 0.023094 0.023234
0 0.016906 0.966707 0.033811 0.055847
0 0.367851 0.334951 0.030608 0.030871
0 0.429716 0.515969 0.029694 0.030365
0 0.738938 0.186796 0.020183 0.020281
0 0.521458 0.823440 0.022041 0.022095
0 0.933888 0.949743 0.020317 0.020313
0 0.279372 0.031324 0.025609 0.025506
0 0.872984 0.795149 0.074774 0.073127
0 0.460980 0.462160 0.032502 0.031701
0 0.876823 0.341616 0.020809 0.021282
0 0.775045 0.837281 0.033996 0.034685
0 0.805191 0.337631 0.021435 0.022032
0 0.355670 0.009896 0.028028 0.019378
0 0.159411 0.913419 0.021419 0.021754
0 0.246956 0.329511 0.028456 0.028445
0 0.796298 0.769470 0.074100 0.076364
0 0.931477 0.825150 0.019227 0.018833
0 0.927804 0.633241 0.045719 0.045628
0 0.807723 0.532654 0.049421 0.051039
0 0.146021 0.797286 0.021046 0.021291
0 0.615316 0.458270 0.024960 0.025780
0 0.078232 0.049864 0.022363 0.022482
0 0.266514 0.715495 0.020090 0.020313
0 0.629908 0.080802 0.022064 0.021749
0 0.389434 0.622300 0.021460 0.021295
0 0.612135 0.915821 0.025658 0.025429
0 0.926914 0.161799 0.146171 0.205813
0 0.494469 0.594553 0.024750 0.024998
0 0.423298 0.737148 0.020240 0.020691
0 0.692617 0.568117 0.020239 0.020821
0 0.864254 0.551073 0.021578 0.019648
