0 0.687119 0.290027 0.069795 0.069256
0 0.307218 0.948556 0.090443 0.089396
0 0.356984 0.543925 0.028847 0.028505
0 0.069388 0.390652 0.032334 0.032110
0 0.750961 0.333287 0.042593 0.042444
0 0.214571 0.925931 0.039259 0.038802
0 0.780043 0.236135 0.028444 0.028351
0 0.793219 0.076487 0.055589 0.055581
0 0.658212 0.411625 0.026827 0.026531
0 0.843236 0.916221 0.026525 0.027348
0 0.270379 0.801543 0.091802 0.090703
0 0.017839 0.206773 0.033096 0.035109
0 0.883439 0.148020 0.028854 0.028979
0 0.496945 0.849742 0.025601 0.024900
0 0.297794 0.317574 0.024270 0.024299
0 0.899510 0.797234 0.027155 0.027363
0 0.907043 0.670805 0.026427 0.026379
0 0.770529 0.180241 0.042735 0.043254
0 0.302637 0.647749 0.089009 0.088442
0 0.402518 0.902483 0.035402 0.035783
0 0.098477 0.534758 0.165482 0.161120
0 0.092275 0.842078 0.044761 0.045004
0 0.861424 0.398154 0.043465 0.043941
0 0.158580 0.499613 0.058874 0.059252
0 0.853754 0.251552 0.020813 0.021118
0 0.237266 0.614495 0.058683 0.058371
0 0.656131 0.672448 0.052301 0.053215
0 0.311566 0.511204 0.027437 0.026511
0 0.756457 0.658739 0.024371 0.024175
0 0.025714 0.969363 0.051428 0.061273
0 0.316399 0.064249 0.041764 0.041139
0 0.041253 0.906754 0.058993 0.058274
0 0.615324 0.727474 0.021766 0.021626
0 0.972249 0.531309 0.055383 0.112512
0 0.032851 0.055385 0.065702 0.088716
0 0.400869 0.269049 0.031236 0.031222
0 0.056639 0.276289 0.035519 0.035497
0 0.210444 0.206904 0.025826 0.025869
0 0.212315 0.521264 0.029327 0.029153
0 0.125462 0.169034 0.021536 0.021556
0 0.171689 0.838660 0.095668 0.093845
0 0.808090 0.495448 0.021428 0.021713
0 0.570150 0.593468 0.028378 0.028774
0 0.180508 0.262824 0.039130 0.039372
0 0.164164 0.755868 0.077032 0.078416
0 0.453383 0.722187 0.075860 0.075831
0 0.127663 0.301001 0.051817 0.052795
0 0.781837 0.417307 0.028013 0.027862
0 0.217733 0.048888 0.045022 0.045752
0 0.685096 0.491566 0.020032 0.020132
0 0.284161 0.546649 0.049708 0.048960
0 0.618641 0.492145 0.081826 0.081888
0 0.895629 0.022442 0.065776 0.044413
0 0.420881 0.196416 0.035922 0.036915
0 0.492718 0.966258 0.025652 0.024645
0 0.417008 0.049387 0.075000 0.074476
0 0.017718 0.267449 0.018423 0.017844
0 0.267498 0.451096 0.034474 0.033332
0 0.456796 0.947574 0.021967 0.021985
0 0.144856 0.122958 0.026646 0.026912
0 0.598231 0.655776 0.026934 0.026973
0 0.406297 0.983726 0.083072 0.032549
0 0.613343 0.905464 0.079801 0.078768
0 0.353284 0.629204 0.019830 0.019574
0 0.056624 0.161863 0.018678 0.019616
0 0.978554 0.876162 0.035710 0.036554
0 0.079301 0.452307 0.046188 0.046541
0 0.078553 0.984987 0.065620 0.029816
0 0.870123 0.801271 0.022894 0.022865
0 0.510263 0.216514 0.020908 0.020859
0 0.098538 0.346271 0.063593 0.063400
0 0.161849 0.027075 0.019179 0.019130
0 0.895294 0.523478 0.020972 0.021118
0 0.026284 0.134788 0.018323 0.018100
0 0.787810 0.456864 0.025694 0.025877
0 0.180686 0.979882 0.087887 0.040236
0 0.728236 0.263370 0.023763 0.024824
0 0.949329 0.255713 0.101104 0.332867
0 0.255125 0.023011 0.033700 0.034350
0 0.138150 0.020820 0.020725 0.020897
0 0.929895 0.765266 0.023710 0.024149
0 0.350893 0.791315 0.021168 0.021175
