0 0.970236 0.131756 0.043761 0.043436
0 0.666756 0.233581 0.037413 0.036774
0 0.355645 0.056109 0.036805 0.036389
0 0.459301 0.102861 0.031771 0.031445
0 0.590591 0.104670 0.030901 0.030320
0 0.921697 0.258088 0.027952 0.029539
0 0.239935 0.820403 0.034033 0.033684
0 0.141902 0.060210 0.029304 0.029184
0 0.146263 0.569057 0.026240 0.025989
0 0.963991 0.424523 0.025928 0.026018
0 0.909002 0.204552 0.039472 0.039918
0 0.615675 0.266664 0.023687 0.023858
0 0.980481 0.517564 0.032426 0.032648
0 0.554242 0.118188 0.023313 0.023934
0 0.935329 0.222901 0.035279 0.034551
0 0.468134 0.910548 0.048399 0.048530
0 0.377383 0.170906 0.029141 0.028560
0 0.586591 0.982145 0.035858 0.035060
0 0.380715 0.784572 0.044754 0.043849
0 0.535383 0.823815 0.037673 0.038001
0 0.768231 0.034467 0.107616 0.068674
0 0.361721 0.812615 0.027441 0.027854
0 0.680163 0.089443 0.037886 0.038131
0 0.510815 0.259289 0.043067 0.043233
0 0.452796 0.952457 0.067785 0.067088
0 0.884307 0.103102 0.035713 0.034645
0 0.739950 0.515875 0.023946 0.023987
0 0.262561 0.920239 0.021157 0.021201
0 0.822060 0.179341 0.037406 0.037314
0 0.384227 0.844711 0.032560 0.032723
0 0.462266 0.863512 0.031518 0.031686
0 0.527733 0.116182 0.021869 0.021648
0 0.534510 0.148723 0.022841 0.022727
0 0.095227 0.222592 0.189821 0.302937
0 0.867558 0.193286 0.072710 0.072314
0 0.732953 0.313645 0.021869 0.021671
0 0.574166 0.130108 0.021217 0.020858
0 0.549819 0.415857 0.056727 0.057835
0 0.806669 0.749698 0.024294 0.024666
0 0.540404 0.244303 0.019361 0.020348
0 0.019996 0.234735 0.022618 0.021684
0 0.550991 0.220080 0.029740 0.029229
0 0.874847 0.643716 0.038800 0.037349
0 0.742880 0.293988 0.021881 0.021865
0 0.672826 0.385148 0.097013 0.093834
0 0.187510 0.841769 0.019738 0.019860
0 0.594948 0.126233 0.019576 0.020740
0 0.688775 0.171837 0.030306 0.031508
0 0.438007 0.067883 0.020444 0.020537
0 0.040833 0.201499 0.018911 0.019137
0 0.847950 0.527934 0.018456 0.018479
