0 0.064808 0.741437 0.030958 0.030479
0 0.675281 0.628212 0.045650 0.041792
0 0.836951 0.301680 0.036151 0.035817
0 0.814646 0.494117 0.027102 0.026681
0 0.332674 0.020805 0.032131 0.031020
0 0.272755 0.059263 0.031222 0.030073
0 0.777307 0.210575 0.028353 0.026871
0 0.506170 0.479360 0.031696 0.030604
0 0.593618 0.943726 0.100380 0.095171
0 0.051007 0.776681 0.027638 0.027019
0 0.122518 0.598868 0.026817 0.026554
0 0.030360 0.805432 0.023215 0.023189
0 0.634403 0.606516 0.031898 0.030704
0 0.525946 0.451815 0.031867 0.030890
0 0.073428 0.804936 0.026470 0.027192
0 0.091428 0.639939 0.072489 0.070597
0 0.204372 0.073563 0.023914 0.023135
0 0.732919 0.654513 0.021978 0.021005
