0 0.673117 0.239643 0.124856 0.100447
0 0.297332 0.423317 0.071172 0.058390
0 0.840298 0.695119 0.086166 0.072957
0 0.157808 0.393428 0.108386 0.089130
0 0.444645 0.302504 0.056587 0.045321
0 0.386966 0.151250 0.102932 0.078810
0 0.799797 0.422268 0.063057 0.051888
0 0.656244 0.370156 0.051752 0.044116
0 0.517329 0.248708 0.053639 0.041614
0 0.124774 0.963230 0.068545 0.059886
0 0.348478 0.222972 0.046555 0.036671
0 0.751930 0.899659 0.036713 0.034214
0 0.168332 0.494109 0.048548 0.039677
0 0.615772 0.360579 0.046986 0.039478
0 0.223137 0.325497 0.058988 0.044872
0 0.659735 0.084758 0.055533 0.044831
0 0.957599 0.116004 0.084025 0.113113
0 0.636745 0.305715 0.067091 0.051696
0 0.268771 0.065208 0.077614 0.065416
0 0.522767 0.155632 0.056618 0.043890
0 0.511085 0.066303 0.058092 0.047650
0 0.771375 0.847401 0.100008 0.079610
0 0.247104 0.192359 0.039118 0.032163
0 0.962136 0.011460 0.075729 0.022920
0 0.570638 0.363408 0.036882 0.030773
0 0.256974 0.283281 0.050755 0.040332
0 0.887356 0.030113 0.096254 0.060225
0 0.593808 0.009571 0.055032 0.019129
0 0.925529 0.163505 0.072587 0.056818
0 0.558573 0.753085 0.203935 0.179419
0 0.872437 0.104972 0.076769 0.058763
0 0.959893 0.398695 0.079833 0.106172
0 0.522049 0.102858 0.044521 0.037940
0 0.594372 0.700415 0.035339 0.031067
0 0.397277 0.318812 0.038052 0.029403
0 0.859399 0.016309 0.083197 0.032282
0 0.389802 0.058801 0.044193 0.031972
0 0.255552 0.245310 0.035804 0.027675
0 0.778819 0.963880 0.087936 0.071667
