0 0.637332 0.789882 0.196032 0.180736
0 0.221001 0.630426 0.326447 0.284974
0 0.882340 0.376427 0.211517 0.202780
0 0.268929 0.175836 0.156310 0.149610
0 0.377776 0.480331 0.041974 0.041459
0 0.510540 0.131074 0.055373 0.054467
0 0.054202 0.574001 0.037364 0.037606
0 0.378890 0.748514 0.032427 0.029983
0 0.149562 0.141566 0.081033 0.077091
0 0.470823 0.943478 0.037309 0.033409
0 0.305179 0.783404 0.029106 0.029520
0 0.134560 0.226047 0.092586 0.087589
0 0.721644 0.087242 0.100225 0.102521
0 0.016573 0.123458 0.033059 0.063239
0 0.068412 0.036185 0.029919 0.029697
0 0.696588 0.199204 0.210680 0.194983
0 0.691241 0.080936 0.154759 0.143572
0 0.785614 0.932633 0.031905 0.030576
0 0.264395 0.316034 0.029435 0.028759
0 0.884952 0.230194 0.030710 0.029109
0 0.072062 0.270870 0.032564 0.031879
0 0.720979 0.021666 0.032328 0.034348
