0 0.344061 0.728908 0.424042 0.300354
0 0.809784 0.519523 0.079247 0.059219
0 0.800559 0.304666 0.068031 0.051231
0 0.171370 0.830316 0.092351 0.069263
0 0.113104 0.260613 0.059468 0.043171
0 0.129915 0.398660 0.064722 0.049011
0 0.637434 0.827610 0.074344 0.056750
0 0.823808 0.122050 0.187704 0.153699
0 0.232123 0.517676 0.098405 0.074498
0 0.656094 0.459601 0.050842 0.039046
0 0.543329 0.926277 0.054886 0.040176
0 0.035753 0.218214 0.061422 0.046900
0 0.688174 0.732137 0.077860 0.056279
0 0.023089 0.610707 0.046178 0.054162
0 0.747489 0.565196 0.047846 0.034807
0 0.625964 0.793156 0.048247 0.038401
0 0.816723 0.561446 0.050423 0.034717
0 0.906961 0.401263 0.047499 0.034242
0 0.591423 0.679784 0.068622 0.050169
0 0.013067 0.543378 0.025720 0.052063
0 0.378840 0.180925 0.041342 0.031654
0 0.840317 0.628905 0.040922 0.029544
0 0.915220 0.412003 0.169559 0.157189
0 0.552292 0.964660 0.042872 0.033007
0 0.208959 0.030844 0.129673 0.061688
0 0.799766 0.341143 0.040095 0.031128
0 0.192586 0.051061 0.053839 0.042455
