0 0.250470 0.024975 0.047855 0.047662
0 0.529135 0.478835 0.034046 0.033797
0 0.092569 0.101940 0.034553 0.034378
0 0.155078 0.656739 0.031627 0.031409
0 0.564290 0.359036 0.029690 0.030158
0 0.513414 0.395479 0.041865 0.042290
0 0.193411 0.505491 0.050929 0.049948
0 0.106811 0.120816 0.028147 0.028556
0 0.707481 0.210483 0.030981 0.030849
0 0.600893 0.441006 0.026597 0.026556
0 0.791906 0.011156 0.036160 0.022312
0 0.990184 0.148129 0.019024 0.063353
0 0.616973 0.418905 0.029852 0.029331
0 0.553081 0.558994 0.078250 0.078009
0 0.008247 0.288722 0.016493 0.045986
0 0.307524 0.021775 0.059535 0.043550
0 0.069776 0.122460 0.026597 0.027018
0 0.492342 0.760317 0.029444 0.030260
0 0.703885 0.568683 0.074188 0.072244
0 0.147694 0.058946 0.033753 0.033578
0 0.180882 0.841340 0.043802 0.043796
0 0.049059 0.129431 0.022095 0.022447
0 0.027362 0.419063 0.022679 0.022482
0 0.966527 0.222062 0.030515 0.030663
0 0.199434 0.473630 0.037996 0.040906
0 0.387615 0.610288 0.030073 0.029864
0 0.803804 0.195722 0.024890 0.024648
0 0.896313 0.256859 0.034557 0.035031
0 0.629851 0.358805 0.023064 0.022989
0 0.145823 0.589636 0.048443 0.048628
0 0.481019 0.332786 0.025319 0.025458
