0 0.376675 0.784813 0.224331 0.192188
0 0.443278 0.353510 0.221825 0.193093
0 0.679120 0.719130 0.145435 0.125738
0 0.111862 0.637888 0.223725 0.253326
0 0.116544 0.814516 0.231364 0.218186
0 0.769415 0.657078 0.035414 0.033237
0 0.799589 0.900086 0.280210 0.198004
0 0.902052 0.426523 0.194729 0.220239
0 0.880539 0.361248 0.083437 0.077804
0 0.488220 0.805678 0.052511 0.049477
0 0.891347 0.009697 0.044803 0.019395
0 0.075652 0.072492 0.030771 0.026628
0 0.631134 0.805012 0.153612 0.133581
0 0.630940 0.587990 0.023943 0.022945
0 0.633902 0.792957 0.029528 0.027889
0 0.373083 0.460093 0.093476 0.085037
0 0.588309 0.778928 0.074762 0.070463
0 0.866760 0.020340 0.024131 0.023036
0 0.020919 0.401608 0.041689 0.139675
