0 0.278621 0.063580 0.166420 0.125480
0 0.685046 0.457007 0.077182 0.061383
0 0.597057 0.859081 0.092274 0.082666
0 0.135349 0.325564 0.044079 0.038343
0 0.461954 0.087171 0.033738 0.030057
0 0.827319 0.045178 0.045401 0.040423
0 0.410750 0.364792 0.034706 0.031665
0 0.933190 0.349042 0.052386 0.044935
0 0.642579 0.970549 0.147267 0.058690
0 0.974021 0.802850 0.043659 0.037008
0 0.776543 0.741033 0.034817 0.031634
0 0.668139 0.575460 0.080203 0.071517
0 0.609885 0.280263 0.035812 0.029158
0 0.506619 0.679335 0.034807 0.032130
0 0.140424 0.008692 0.047082 0.017384
0 0.931717 0.448071 0.077365 0.067324
0 0.110085 0.694950 0.034277 0.029642
0 0.137190 0.879982 0.048419 0.043838
0 0.727829 0.793618 0.032824 0.028688
0 0.843113 0.093276 0.036138 0.032196
0 0.079785 0.623632 0.032160 0.027142
0 0.867742 0.035314 0.030235 0.027479
0 0.361622 0.265478 0.030966 0.026779
0 0.783715 0.060718 0.037964 0.032558
0 0.931975 0.911221 0.135171 0.128123
0 0.760586 0.074490 0.031117 0.026505
0 0.231770 0.875909 0.052972 0.047770
0 0.034170 0.375526 0.022656 0.021338
0 0.371234 0.795754 0.044528 0.036373
0 0.360932 0.611684 0.095883 0.077141
0 0.744395 0.205661 0.033531 0.031203
0 0.463861 0.148950 0.025101 0.022757
