0 0.492686 0.179037 0.032554 0.032809
0 0.606570 0.969955 0.034209 0.034345
0 0.538853 0.595358 0.043222 0.042973
0 0.031416 0.894328 0.061304 0.062595
0 0.214485 0.292188 0.026955 0.026825
0 0.550919 0.096080 0.029559 0.029134
0 0.609562 0.493819 0.024841 0.024818
0 0.424983 0.708865 0.022182 0.022558
0 0.940426 0.878362 0.118075 0.196407
0 0.271888 0.250570 0.034692 0.034102
0 0.216623 0.359684 0.024762 0.024524
0 0.341481 0.090765 0.028376 0.028469
0 0.673516 0.026863 0.028267 0.028621
0 0.637176 0.865908 0.020778 0.020737
0 0.377038 0.202800 0.029260 0.029006
0 0.936827 0.162371 0.028095 0.028094
0 0.574846 0.862229 0.021414 0.021634
0 0.431113 0.760089 0.021772 0.021548
0 0.364715 0.758931 0.029205 0.029485
0 0.183311 0.949879 0.024030 0.023876
0 0.033093 0.200292 0.023520 0.023514
0 0.826266 0.040729 0.036954 0.036944
0 0.054685 0.343889 0.025906 0.026183
0 0.740837 0.552946 0.023690 0.023528
0 0.056227 0.745165 0.028783 0.028775
0 0.932953 0.190233 0.037069 0.037092
0 0.858466 0.028740 0.025672 0.025817
0 0.309001 0.703904 0.024307 0.024021
0 0.393105 0.106113 0.024605 0.025088
0 0.580160 0.163872 0.030618 0.030697
0 0.786744 0.392162 0.021582 0.021965
0 0.267891 0.217250 0.033678 0.034933
0 0.053976 0.407920 0.023286 0.023076
0 0.258722 0.161911 0.024431 0.024504
0 0.339194 0.914739 0.033283 0.032341
0 0.977483 0.372396 0.022060 0.022614
0 0.632050 0.545271 0.022320 0.022038
0 0.522998 0.134190 0.020066 0.020179
0 0.549315 0.836567 0.300607 0.304413
0 0.865856 0.394077 0.020939 0.021086
0 0.733295 0.316235 0.022798 0.022827
0 0.667802 0.610931 0.021609 0.021594
0 0.625270 0.264934 0.020935 0.021536
0 0.511257 0.959826 0.019991 0.019557
0 0.850328 0.440814 0.019005 0.018748
0 0.470488 0.433821 0.079581 0.080724
0 0.577024 0.225096 0.021708 0.022146
0 0.271497 0.120379 0.030358 0.030316
0 0.678163 0.278323 0.020599 0.020779
0 0.438662 0.623181 0.021926 0.021778
0 0.608551 0.006049 0.024227 0.011932
0 0.055106 0.125386 0.022680 0.022826
0 0.837047 0.548873 0.041183 0.041307
0 0.825875 0.130300 0.115422 0.119328
0 0.217387 0.255617 0.021254 0.021710
