0 0.913054 0.180918 0.084126 0.082900
0 0.581685 0.437093 0.029142 0.028725
0 0.705858 0.472589 0.036780 0.036759
0 0.905256 0.871122 0.068455 0.067204
0 0.915627 0.387063 0.025257 0.025314
0 0.071077 0.272281 0.027555 0.027340
0 0.135501 0.945856 0.025568 0.025468
0 0.987121 0.326372 0.025320 0.027730
0 0.514496 0.342379 0.029228 0.028180
0 0.574210 0.360345 0.021097 0.021620
0 0.397310 0.433799 0.026862 0.027167
0 0.903357 0.321821 0.022785 0.023066
0 0.490704 0.372749 0.021056 0.021151
0 0.407249 0.817270 0.060498 0.060040
0 0.781815 0.514360 0.037055 0.036845
0 0.843323 0.036389 0.020564 0.020164
0 0.843698 0.627796 0.020872 0.020878
0 0.626245 0.484292 0.026732 0.027104
0 0.557971 0.086746 0.028894 0.028447
0 0.500717 0.498632 0.021440 0.020842
0 0.461034 0.529904 0.023643 0.022781
0 0.383893 0.581630 0.025870 0.025752
0 0.642316 0.463102 0.022037 0.021819
0 0.498017 0.960416 0.158793 0.079168
0 0.266077 0.703522 0.021976 0.021328
0 0.616609 0.335882 0.022021 0.021985
0 0.091951 0.938629 0.020774 0.019929
