0 0.754978 0.557373 0.079142 0.079000
0 0.411251 0.527568 0.034923 0.035240
0 0.276075 0.957746 0.052092 0.051782
0 0.839186 0.716106 0.052657 0.052426
0 0.311237 0.796703 0.045414 0.045095
0 0.281845 0.013595 0.037493 0.027089
0 0.261558 0.681846 0.028057 0.027676
0 0.955532 0.526600 0.026767 0.026701
0 0.949871 0.766364 0.044881 0.044433
0 0.175733 0.355457 0.027503 0.027372
0 0.756401 0.283539 0.025243 0.025240
0 0.909443 0.827003 0.029214 0.028642
0 0.714238 0.645727 0.025827 0.026429
0 0.722507 0.687034 0.025232 0.025391
0 0.521620 0.608114 0.024872 0.025110
0 0.254454 0.637585 0.031327 0.030922
0 0.988816 0.667443 0.021917 0.024119
0 0.416274 0.713024 0.031423 0.031190
0 0.931367 0.885372 0.022065 0.022268
0 0.339544 0.537088 0.029171 0.029426
0 0.358249 0.110607 0.030939 0.031171
0 0.279661 0.107196 0.030659 0.030016
0 0.081121 0.071899 0.033247 0.033657
0 0.012964 0.761119 0.025779 0.056543
0 0.820632 0.869784 0.026300 0.026236
0 0.025761 0.610886 0.025354 0.025038
0 0.034544 0.031332 0.029263 0.028519
0 0.488430 0.698807 0.023634 0.023505
0 0.550615 0.520710 0.025583 0.025443
0 0.123927 0.085280 0.030424 0.030711
0 0.641216 0.700090 0.025734 0.026105
0 0.711926 0.134091 0.022154 0.022425
0 0.430313 0.837077 0.021691 0.021630
0 0.120055 0.043807 0.048674 0.047433
0 0.858396 0.682165 0.026392 0.025387
0 0.871996 0.779177 0.022254 0.022189
0 0.388573 0.740381 0.120689 0.113268
0 0.480896 0.584643 0.024530 0.025445
0 0.643878 0.738328 0.083016 0.086748
0 0.562641 0.736275 0.080929 0.080933
0 0.331336 0.696783 0.025893 0.026571
0 0.372914 0.524899 0.021702 0.021878
0 0.578201 0.535683 0.030926 0.030545
0 0.745341 0.961514 0.034098 0.034439
0 0.875553 0.543512 0.021204 0.021306
0 0.155003 0.802553 0.022970 0.023505
0 0.298501 0.036369 0.026753 0.027225
0 0.029609 0.824475 0.024757 0.024177
0 0.954408 0.805842 0.024731 0.025199
0 0.980359 0.738118 0.025453 0.024762
0 0.249334 0.920067 0.023227 0.023007
0 0.523904 0.351146 0.021872 0.021921
0 0.739305 0.615371 0.021855 0.021305
0 0.641695 0.350254 0.024540 0.024639
