0 0.166189 0.221111 0.039609 0.038390
0 0.716707 0.709387 0.035285 0.028631
0 0.035205 0.458182 0.036238 0.035793
0 0.341790 0.370236 0.484693 0.406340
0 0.015795 0.655015 0.031450 0.034808
0 0.078057 0.583675 0.060538 0.054957
0 0.252500 0.125914 0.384343 0.251827
0 0.248408 0.105983 0.032057 0.029948
0 0.664928 0.286631 0.034116 0.032342
0 0.365258 0.305068 0.038517 0.036749
0 0.063458 0.306533 0.079457 0.075586
0 0.012232 0.472485 0.022598 0.023069
0 0.049513 0.795046 0.035377 0.032926
0 0.531098 0.265764 0.031338 0.030380
0 0.025602 0.555937 0.023481 0.023017
