0 0.950057 0.243944 0.099366 0.103980
0 0.513443 0.125224 0.065861 0.065484
0 0.578873 0.775268 0.029940 0.029855
0 0.876102 0.099435 0.109245 0.111517
0 0.911119 0.780060 0.048384 0.048254
0 0.865767 0.020739 0.041718 0.040926
0 0.093282 0.687072 0.040894 0.040334
0 0.605682 0.244224 0.248880 0.250384
0 0.510502 0.054147 0.043435 0.043650
0 0.316454 0.188938 0.035081 0.034404
0 0.411962 0.096388 0.045800 0.045173
0 0.069835 0.579690 0.026202 0.026178
0 0.988660 0.727842 0.022570 0.042274
0 0.614747 0.403777 0.036682 0.036881
0 0.104868 0.662005 0.024890 0.024653
0 0.536786 0.036633 0.039027 0.038831
0 0.770381 0.849569 0.025588 0.025882
0 0.844186 0.413116 0.027249 0.027738
0 0.192402 0.296426 0.022195 0.022090
0 0.648181 0.010795 0.057693 0.021590
0 0.872541 0.421638 0.027562 0.027697
0 0.650804 0.512301 0.024170 0.023535
0 0.379474 0.163136 0.023422 0.022993
0 0.635946 0.156915 0.042073 0.042227
0 0.396295 0.138006 0.035036 0.037312
0 0.406675 0.516953 0.020290 0.020279
0 0.771790 0.132078 0.051635 0.051659
0 0.122892 0.251466 0.019877 0.020092
0 0.275984 0.324584 0.019590 0.019194
0 0.740894 0.342610 0.028471 0.028905
0 0.869100 0.750847 0.023116 0.023327
0 0.179875 0.138648 0.022772 0.022959
0 0.923308 0.375235 0.036558 0.037924
0 0.481867 0.242691 0.023977 0.024419
0 0.611532 0.212904 0.031901 0.032262
0 0.021212 0.572383 0.018485 0.018895
0 0.812686 0.405617 0.028763 0.029194
0 0.293589 0.221942 0.061523 0.061403
