0 0.136383 0.745972 0.022859 0.023334
0 0.533068 0.802944 0.039645 0.039946
0 0.077460 0.907105 0.061322 0.061278
0 0.572385 0.491350 0.041634 0.041007
0 0.561257 0.353685 0.027395 0.026919
0 0.127611 0.426234 0.024802 0.024963
0 0.685309 0.078276 0.039806 0.039206
0 0.029709 0.589629 0.024732 0.024667
0 0.629679 0.450938 0.029521 0.029722
0 0.165000 0.765479 0.022851 0.022816
0 0.297211 0.232977 0.044934 0.044948
0 0.119816 0.925066 0.023307 0.023615
0 0.137828 0.673708 0.026889 0.027011
0 0.018078 0.500875 0.029329 0.029498
0 0.905506 0.802738 0.030486 0.030561
0 0.085011 0.025756 0.027264 0.027055
0 0.141722 0.454407 0.025828 0.025514
0 0.430013 0.119870 0.022726 0.022675
0 0.055871 0.363724 0.024659 0.024625
0 0.382448 0.368974 0.028809 0.029708
0 0.135035 0.243977 0.022920 0.022640
0 0.503393 0.933284 0.035853 0.037111
0 0.353420 0.088841 0.024191 0.024271
0 0.229664 0.828962 0.019570 0.020155
0 0.372224 0.180178 0.025638 0.025427
0 0.113525 0.114409 0.044147 0.044220
0 0.570252 0.324527 0.022631 0.022819
0 0.452506 0.427652 0.025643 0.025035
0 0.334783 0.246743 0.032830 0.032468
0 0.928432 0.478425 0.043738 0.043754
0 0.239413 0.114486 0.026728 0.026394
0 0.733351 0.310595 0.021176 0.021210
0 0.181364 0.599541 0.020144 0.020272
0 0.301398 0.057235 0.025707 0.025635
0 0.608243 0.547238 0.021970 0.021713
0 0.344255 0.277612 0.023220 0.023265
0 0.106468 0.770102 0.023152 0.023184
0 0.284347 0.184320 0.029638 0.029691
0 0.460158 0.084944 0.026467 0.026899
0 0.420539 0.010527 0.024818 0.021054
0 0.356450 0.324165 0.026405 0.025617
0 0.102654 0.150103 0.027898 0.028121
0 0.557902 0.411666 0.021674 0.021914
0 0.417003 0.393488 0.025309 0.025901
0 0.642636 0.579534 0.020980 0.021207
0 0.558007 0.753296 0.022328 0.022425
0 0.119238 0.853600 0.025541 0.025502
0 0.788270 0.783807 0.030940 0.030636
0 0.222407 0.013850 0.054686 0.027405
0 0.708134 0.013319 0.027921 0.026554
0 0.186307 0.351577 0.021899 0.021755
0 0.857737 0.298530 0.025996 0.025772
0 0.364194 0.155034 0.027374 0.027294
0 0.566855 0.984151 0.020654 0.020696
0 0.481726 0.163188 0.025386 0.025035
0 0.198814 0.951841 0.020945 0.020947
0 0.955742 0.706165 0.027261 0.027193
0 0.495679 0.436227 0.019653 0.019810
0 0.344958 0.471064 0.026538 0.025714
0 0.131191 0.307941 0.023944 0.023834
0 0.048617 0.808808 0.026060 0.026360
0 0.951694 0.025003 0.025066 0.025479
0 0.011851 0.895002 0.023701 0.031524
0 0.277924 0.359468 0.020284 0.020536
0 0.852704 0.560771 0.022327 0.022002
0 0.531033 0.647470 0.019424 0.019656
0 0.587093 0.409464 0.020855 0.020840
0 0.303195 0.270342 0.028847 0.028196
0 0.171461 0.035915 0.025418 0.025541
0 0.073674 0.856741 0.019947 0.020102
0 0.116930 0.355920 0.026198 0.026274
0 0.074877 0.152855 0.025498 0.026512
0 0.605855 0.362053 0.018736 0.018517
0 0.331623 0.420117 0.024189 0.024400
0 0.937329 0.447143 0.043521 0.043971
0 0.773528 0.399298 0.021002 0.020807
0 0.332042 0.035746 0.021905 0.022122
0 0.881983 0.483864 0.022059 0.022233
0 0.332522 0.178809 0.022632 0.023011
0 0.894855 0.623234 0.025079 0.025293
0 0.040583 0.841546 0.018071 0.018777
0 0.427898 0.352237 0.026332 0.025968
0 0.110757 0.572689 0.020874 0.020941
0 0.617701 0.239862 0.022837 0.022672
0 0.683982 0.021756 0.026452 0.026336
0 0.274454 0.080441 0.023670 0.023925
0 0.049313 0.731430 0.021246 0.021161
0 0.328490 0.156928 0.021268 0.021656
0 0.162020 0.009822 0.023028 0.019644
0 0.490078 0.153154 0.022340 0.021319
0 0.268037 0.323066 0.019409 0.019375
0 0.705737 0.607183 0.019881 0.019986
0 0.659213 0.332882 0.023072 0.023309
0 0.397720 0.638233 0.019777 0.019639
0 0.579680 0.450734 0.022840 0.022869
0 0.011099 0.967226 0.021747 0.024079
0 0.243215 0.147089 0.027470 0.027295
0 0.056426 0.235415 0.019991 0.020656
0 0.484516 0.397760 0.019521 0.019305
0 0.612835 0.427102 0.020280 0.019929
0 0.770517 0.369681 0.018541 0.018631
0 0.626583 0.304473 0.018643 0.018491
0 0.538659 0.138558 0.020816 0.021079
0 0.006931 0.933068 0.013640 0.021284
0 0.576167 0.229984 0.038481 0.038218
0 0.015023 0.688432 0.018405 0.017842
0 0.653012 0.282137 0.019016 0.019215
0 0.934794 0.647698 0.019305 0.019700
0 0.705799 0.959476 0.020411 0.020902
0 0.361668 0.029822 0.021003 0.021049
0 0.106054 0.549363 0.020910 0.020813
0 0.754636 0.412490 0.019416 0.019484
0 0.430949 0.424942 0.019416 0.019840
0 0.100493 0.868891 0.022780 0.023315
0 0.988798 0.712087 0.021319 0.022453
0 0.435570 0.764964 0.019228 0.018337
0 0.261440 0.161424 0.028693 0.028814
0 0.964939 0.037636 0.020878 0.020603
0 0.784921 0.969332 0.064267 0.059307
0 0.410889 0.756851 0.087725 0.087759
0 0.611000 0.264434 0.022593 0.022523
0 0.461536 0.269509 0.038267 0.037764
0 0.648410 0.815380 0.018566 0.018498
0 0.343849 0.479874 0.026609 0.025623
0 0.005822 0.872522 0.011615 0.029661
0 0.027744 0.878078 0.019604 0.019605
