0 0.504188 0.534941 0.124155 0.123722
0 0.608054 0.159130 0.035474 0.034925
0 0.543626 0.370144 0.030775 0.030031
0 0.366997 0.803599 0.031926 0.031321
0 0.203262 0.238966 0.033693 0.032869
0 0.671643 0.803112 0.030338 0.030407
0 0.639847 0.935987 0.025900 0.025766
0 0.075784 0.167379 0.036016 0.034657
0 0.961176 0.870533 0.038876 0.038461
0 0.786467 0.120817 0.023884 0.024039
0 0.867553 0.444012 0.026472 0.025627
0 0.044262 0.640323 0.032138 0.031359
0 0.948020 0.947843 0.047383 0.046825
0 0.405054 0.117217 0.024879 0.024421
0 0.798029 0.417478 0.042188 0.042297
0 0.090222 0.687280 0.176043 0.272862
0 0.831948 0.155290 0.023709 0.023347
0 0.974491 0.187343 0.026598 0.026355
0 0.352244 0.047647 0.024719 0.024058
0 0.589104 0.012323 0.048840 0.024522
0 0.344925 0.738453 0.029275 0.029340
0 0.951657 0.897987 0.032610 0.033155
0 0.336442 0.147809 0.024867 0.024894
0 0.301437 0.810062 0.026976 0.026605
0 0.916069 0.796633 0.037302 0.038199
0 0.267896 0.652310 0.021309 0.021593
0 0.726828 0.234361 0.024947 0.024964
0 0.414619 0.417414 0.040227 0.040590
0 0.799663 0.216907 0.025648 0.026053
0 0.281610 0.194388 0.028141 0.027093
0 0.372754 0.033865 0.024243 0.024312
0 0.711973 0.156000 0.023976 0.023546
0 0.747841 0.222710 0.025407 0.026171
0 0.748855 0.033422 0.025971 0.025403
0 0.462572 0.119690 0.022169 0.021839
0 0.779919 0.041398 0.030207 0.029850
0 0.918452 0.919523 0.048224 0.047273
0 0.977760 0.605938 0.023227 0.023576
0 0.459442 0.144724 0.022966 0.022164
0 0.046118 0.771451 0.022008 0.021712
0 0.501455 0.143465 0.021746 0.021858
0 0.877395 0.933485 0.027683 0.026876
0 0.841181 0.131942 0.025647 0.024728
0 0.789227 0.196215 0.022184 0.022330
0 0.075597 0.697500 0.022182 0.021700
0 0.014162 0.365369 0.028146 0.043192
0 0.247514 0.058551 0.026759 0.026734
0 0.790874 0.971141 0.025350 0.025118
0 0.410777 0.397512 0.027240 0.024984
0 0.868595 0.338911 0.045216 0.045158
0 0.291459 0.729712 0.021874 0.021585
0 0.500120 0.715297 0.048674 0.048343
0 0.606183 0.867711 0.026439 0.026229
0 0.353702 0.122210 0.020626 0.020571
0 0.118044 0.681170 0.020769 0.020522
0 0.224233 0.028741 0.023764 0.024133
0 0.918917 0.611954 0.021957 0.021921
0 0.615597 0.365623 0.023073 0.022715
0 0.409278 0.227401 0.019775 0.019509
0 0.305295 0.832243 0.022567 0.022420
0 0.541310 0.098781 0.022707 0.022495
0 0.497481 0.078834 0.020013 0.019525
0 0.987256 0.153020 0.021236 0.020593
0 0.240098 0.825447 0.020126 0.020060
0 0.775168 0.154168 0.019764 0.019731
0 0.525158 0.963123 0.088308 0.073755
0 0.125307 0.006352 0.026620 0.012685
0 0.323417 0.537698 0.020285 0.019722
0 0.947243 0.736031 0.019593 0.019596
0 0.918480 0.806040 0.029508 0.028973
