0 0.768272 0.154885 0.108133 0.104043
0 0.862797 0.588456 0.087882 0.086699
0 0.731956 0.801060 0.078793 0.077326
0 0.886873 0.927729 0.138188 0.128669
0 0.848082 0.463537 0.036411 0.035809
0 0.371611 0.766329 0.033786 0.033006
0 0.962381 0.820928 0.035570 0.034612
0 0.204196 0.011809 0.032368 0.023466
0 0.229000 0.618172 0.073554 0.070925
0 0.145348 0.939858 0.166003 0.118998
0 0.983177 0.644149 0.033647 0.036098
0 0.507617 0.557190 0.026233 0.025939
0 0.640177 0.939961 0.028785 0.028843
0 0.372671 0.903246 0.027796 0.027172
0 0.689942 0.156126 0.042216 0.043406
0 0.457761 0.837827 0.043471 0.042245
0 0.881663 0.343503 0.026041 0.025379
0 0.792044 0.837342 0.031440 0.030561
0 0.224095 0.275845 0.029829 0.030217
0 0.592002 0.697995 0.022126 0.021803
0 0.665755 0.135458 0.042595 0.041566
0 0.610201 0.899414 0.066899 0.067072
0 0.870203 0.500413 0.112335 0.108951
0 0.544465 0.928858 0.037612 0.036435
0 0.754964 0.414590 0.069006 0.069025
0 0.674141 0.860807 0.029841 0.029447
0 0.929420 0.775060 0.027287 0.026533
0 0.492444 0.937128 0.038528 0.037912
0 0.955039 0.954156 0.027142 0.027159
0 0.935105 0.288698 0.061546 0.059447
0 0.461733 0.205715 0.025245 0.025050
0 0.171150 0.667168 0.023014 0.022744
0 0.120763 0.440821 0.241525 0.278094
0 0.774953 0.619965 0.030235 0.028805
0 0.253670 0.440443 0.027659 0.028483
0 0.645483 0.402202 0.019923 0.019738
0 0.731933 0.939939 0.063263 0.061305
0 0.675666 0.974145 0.022914 0.022254
0 0.346150 0.111737 0.027685 0.027492
0 0.665750 0.822845 0.054174 0.053404
0 0.971882 0.249622 0.056235 0.062678
0 0.136922 0.728051 0.273844 0.430716
0 0.699889 0.261892 0.020580 0.020480
0 0.207625 0.063921 0.026113 0.026261
0 0.051346 0.075009 0.020783 0.020339
0 0.581345 0.974504 0.051973 0.046358
0 0.643180 0.786973 0.021395 0.021478
0 0.458747 0.054202 0.020945 0.020580
0 0.128894 0.018637 0.023185 0.022447
0 0.652597 0.746739 0.020085 0.019916
0 0.971011 0.055499 0.024366 0.023733
0 0.812470 0.497571 0.019279 0.018909
0 0.386279 0.932208 0.054042 0.053332
0 0.112399 0.031477 0.022988 0.022946
0 0.514249 0.583976 0.340916 0.330502
0 0.043459 0.814711 0.020015 0.019764
0 0.694327 0.616508 0.022075 0.021241
0 0.055764 0.790443 0.020066 0.019877
0 0.332174 0.747494 0.057991 0.055984
0 0.706274 0.686292 0.060739 0.060866
0 0.301476 0.768614 0.022483 0.021054
0 0.992073 0.608963 0.015618 0.019693
