0 0.839315 0.068815 0.115108 0.107317
0 0.089175 0.809982 0.047228 0.045921
0 0.254531 0.145741 0.032037 0.031276
0 0.539783 0.516708 0.353788 0.341203
0 0.455548 0.461212 0.028173 0.027114
0 0.939301 0.127281 0.032135 0.030415
0 0.920908 0.598606 0.158183 0.169978
0 0.094286 0.324767 0.188572 0.262895
0 0.240676 0.759184 0.481351 0.479475
0 0.866356 0.137912 0.044367 0.040751
0 0.179483 0.063759 0.030562 0.030827
0 0.674688 0.304321 0.021374 0.021025
0 0.254663 0.442507 0.025778 0.025451
0 0.040171 0.293458 0.062563 0.060336
0 0.487912 0.037186 0.034879 0.033361
0 0.985274 0.986878 0.029452 0.026243
