0 0.944809 0.463154 0.077073 0.063202
0 0.034572 0.850177 0.051744 0.045964
0 0.955458 0.383779 0.041868 0.036792
0 0.828080 0.354546 0.056783 0.042938
0 0.931661 0.642894 0.136677 0.213985
0 0.076466 0.296834 0.059067 0.049465
0 0.190064 0.682305 0.038443 0.035142
0 0.365022 0.217829 0.049314 0.036943
0 0.796534 0.906716 0.074905 0.060426
0 0.446569 0.928839 0.077871 0.064215
0 0.847473 0.185056 0.301543 0.280237
0 0.905638 0.339839 0.035081 0.030540
0 0.636985 0.668379 0.039906 0.034512
0 0.531527 0.485043 0.032085 0.028639
0 0.163589 0.862517 0.033895 0.030241
0 0.857922 0.134883 0.040661 0.033990
0 0.326274 0.953188 0.056328 0.050322
0 0.818443 0.390918 0.044242 0.033902
0 0.280656 0.796009 0.029398 0.027978
