0 0.946028 0.396054 0.043556 0.043759
0 0.813651 0.131444 0.026617 0.026577
0 0.870046 0.408756 0.031210 0.031455
0 0.764042 0.691233 0.038539 0.038306
0 0.754201 0.428044 0.031101 0.031479
0 0.464275 0.024318 0.064411 0.048637
0 0.486954 0.250182 0.049836 0.049615
0 0.912357 0.822936 0.031379 0.031076
0 0.656691 0.190996 0.062615 0.063127
0 0.164584 0.294955 0.061229 0.062068
0 0.356978 0.484767 0.023745 0.023781
0 0.280572 0.358136 0.020752 0.020556
0 0.866957 0.845847 0.045955 0.045171
0 0.221047 0.483245 0.107416 0.106818
0 0.899294 0.796719 0.022051 0.022205
0 0.781426 0.404463 0.022932 0.023240
0 0.372389 0.109472 0.079070 0.081086
0 0.175312 0.425557 0.019368 0.018811
0 0.513520 0.908575 0.020418 0.020588
0 0.016015 0.866126 0.026094 0.026801
0 0.586385 0.229147 0.020074 0.021027
0 0.100671 0.291575 0.024538 0.024726
0 0.317209 0.473725 0.090102 0.088645
0 0.911517 0.476941 0.026869 0.027175
0 0.929450 0.842809 0.021997 0.021968
0 0.284800 0.012246 0.100896 0.024493
0 0.341716 0.625693 0.019190 0.019297
0 0.950770 0.494353 0.040177 0.040855
0 0.851480 0.336382 0.020608 0.020303
0 0.324378 0.355001 0.023570 0.023868
0 0.852160 0.806996 0.042387 0.041442
0 0.321407 0.329943 0.018118 0.018282
0 0.822395 0.214788 0.017581 0.017888
0 0.570988 0.749630 0.036520 0.036898
0 0.198708 0.912241 0.068852 0.068616
0 0.943014 0.662725 0.113917 0.120042
0 0.553246 0.121998 0.099083 0.101682
0 0.865392 0.156842 0.051642 0.052571
0 0.776488 0.855910 0.048746 0.049080
0 0.548216 0.197445 0.020362 0.020544
0 0.988952 0.728900 0.017248 0.016839
