0 0.703486 0.042093 0.023020 0.022558
0 0.169907 0.494138 0.038314 0.037851
0 0.926577 0.462740 0.041054 0.041105
0 0.554757 0.821252 0.025512 0.025844
0 0.259106 0.456733 0.031006 0.031410
0 0.921558 0.393723 0.033453 0.032847
0 0.935391 0.241194 0.027827 0.027761
0 0.315506 0.424311 0.023043 0.022760
0 0.157771 0.128893 0.041712 0.041014
0 0.646958 0.769323 0.021936 0.022036
0 0.740390 0.062414 0.025569 0.025923
0 0.929883 0.272563 0.033775 0.032890
0 0.210306 0.424926 0.075728 0.074013
0 0.319492 0.604522 0.025136 0.024968
0 0.291199 0.212830 0.019786 0.019127
