0 0.136111 0.501573 0.091838 0.075997
0 0.708171 0.887433 0.166437 0.130366
0 0.614460 0.229966 0.162012 0.144540
0 0.298030 0.104508 0.211594 0.171245
0 0.774636 0.050967 0.165141 0.101934
0 0.772396 0.271616 0.205053 0.173684
0 0.586296 0.082561 0.230420 0.162333
0 0.590231 0.918580 0.061742 0.051780
0 0.054529 0.255619 0.109059 0.100329
0 0.427066 0.237626 0.041762 0.037113
0 0.631472 0.634365 0.054792 0.048596
0 0.090516 0.951891 0.048828 0.039124
0 0.833513 0.510734 0.178269 0.158867
0 0.056775 0.315116 0.060412 0.052946
0 0.055059 0.143941 0.049228 0.045089
0 0.067310 0.799171 0.053519 0.043498
0 0.968657 0.176396 0.062686 0.071226
0 0.527012 0.426564 0.108631 0.090359
0 0.692798 0.144261 0.031132 0.027681
0 0.900280 0.055399 0.059506 0.055099
0 0.948373 0.515441 0.063693 0.055382
0 0.056274 0.896609 0.041249 0.033330
0 0.237018 0.489990 0.030604 0.027094
0 0.891394 0.874075 0.090404 0.070778
0 0.119230 0.311585 0.056589 0.047590
0 0.328601 0.331424 0.038746 0.034955
0 0.251150 0.317062 0.042443 0.037429
0 0.766798 0.983653 0.121951 0.032673
0 0.981076 0.351674 0.028061 0.025674
0 0.969065 0.891080 0.061732 0.088233
0 0.992873 0.152721 0.013603 0.040420
0 0.367117 0.309060 0.088468 0.079890
0 0.831834 0.123494 0.138696 0.116381
0 0.911630 0.016818 0.120302 0.033359
0 0.849813 0.290483 0.094524 0.078443
0 0.164341 0.029217 0.142496 0.058435
0 0.652150 0.674915 0.030744 0.027618
