0 0.763883 0.918823 0.041764 0.041471
0 0.857992 0.368613 0.054006 0.053503
0 0.982762 0.182530 0.034475 0.037466
0 0.202339 0.491966 0.032265 0.032484
0 0.888869 0.200676 0.053417 0.052321
0 0.402706 0.458814 0.025794 0.026264
0 0.032317 0.117237 0.034455 0.032902
0 0.534562 0.596836 0.026768 0.026489
0 0.101248 0.297116 0.040506 0.040270
0 0.035910 0.749412 0.030301 0.029384
0 0.124835 0.576135 0.031919 0.031327
0 0.257751 0.191545 0.027462 0.026991
0 0.982778 0.662340 0.033864 0.035600
0 0.061862 0.089315 0.032768 0.032465
0 0.432570 0.114526 0.040956 0.039117
0 0.550845 0.918769 0.131599 0.131503
0 0.886385 0.853415 0.050023 0.049920
0 0.359531 0.283156 0.025253 0.025377
0 0.776582 0.875101 0.036282 0.036426
0 0.913564 0.944773 0.025071 0.025139
0 0.917073 0.694639 0.021146 0.021317
0 0.240065 0.248808 0.032420 0.031837
0 0.051017 0.973870 0.060644 0.051708
0 0.650312 0.701755 0.038082 0.037148
0 0.927862 0.969323 0.032785 0.032046
0 0.460929 0.319693 0.026023 0.026002
0 0.051288 0.574511 0.046107 0.045521
0 0.318998 0.770380 0.025900 0.025062
0 0.444392 0.349875 0.022550 0.022393
0 0.738926 0.599691 0.316679 0.288236
0 0.584226 0.838183 0.032296 0.032175
