0 0.547561 0.387331 0.031436 0.031226
0 0.529520 0.932369 0.037250 0.037392
0 0.977971 0.272905 0.044058 0.049897
0 0.890390 0.294263 0.035037 0.034816
0 0.439365 0.591522 0.041418 0.041251
0 0.708507 0.343556 0.027713 0.027681
0 0.381088 0.257278 0.027990 0.027846
0 0.508174 0.422874 0.024851 0.024792
0 0.829520 0.569694 0.029325 0.029165
0 0.458201 0.688215 0.032119 0.031622
0 0.687929 0.769161 0.037870 0.037682
0 0.639942 0.458102 0.024105 0.024348
0 0.459707 0.460944 0.031227 0.031745
0 0.933223 0.345919 0.031980 0.031538
0 0.119056 0.628114 0.029142 0.029144
0 0.582861 0.178605 0.025024 0.024963
0 0.969568 0.777929 0.048090 0.048617
0 0.433193 0.441212 0.027942 0.027711
0 0.299402 0.511121 0.025249 0.025159
0 0.728608 0.824053 0.026414 0.025816
0 0.766818 0.989839 0.028265 0.019988
0 0.598309 0.022138 0.042438 0.041094
0 0.154019 0.578784 0.028673 0.027502
0 0.904352 0.345732 0.024155 0.024739
0 0.264815 0.908975 0.025944 0.025509
0 0.672656 0.101523 0.026581 0.026703
0 0.230611 0.458757 0.023363 0.024064
0 0.056720 0.855418 0.026419 0.025880
0 0.731641 0.486131 0.022772 0.022590
0 0.848458 0.551222 0.019872 0.020401
0 0.141590 0.246129 0.024156 0.023871
0 0.579147 0.256125 0.023595 0.023355
0 0.629428 0.410267 0.020821 0.020989
0 0.990238 0.025883 0.018874 0.043164
0 0.132899 0.173665 0.029759 0.029468
0 0.535903 0.198783 0.021570 0.021398
0 0.687908 0.498281 0.020086 0.019831
