0 0.620512 0.432609 0.063568 0.062425
0 0.924385 0.267055 0.069113 0.069087
0 0.698808 0.028069 0.103691 0.056138
0 0.953082 0.606541 0.035016 0.034679
0 0.833859 0.141654 0.038610 0.038941
0 0.136303 0.417394 0.052267 0.052481
0 0.252147 0.517563 0.034400 0.034469
0 0.623281 0.511718 0.029935 0.029744
0 0.686378 0.596229 0.026960 0.027270
0 0.305315 0.892901 0.028472 0.028069
0 0.067441 0.394480 0.034586 0.034703
0 0.048052 0.046137 0.053533 0.053806
0 0.274443 0.075455 0.079585 0.078403
0 0.016779 0.019166 0.033558 0.038240
0 0.429911 0.625683 0.025085 0.025056
0 0.411664 0.777056 0.207776 0.210629
0 0.823787 0.054245 0.045662 0.044881
0 0.344239 0.931437 0.021565 0.021511
0 0.913190 0.152738 0.173620 0.242399
0 0.273386 0.546026 0.023003 0.022770
0 0.640793 0.077111 0.025290 0.025320
0 0.190736 0.462196 0.024115 0.024010
0 0.638820 0.866402 0.024884 0.024802
0 0.675033 0.919702 0.021899 0.022054
0 0.716111 0.158027 0.088567 0.087208
