0 0.229563 0.551403 0.097429 0.097080
0 0.446718 0.272257 0.026413 0.026460
0 0.450270 0.167133 0.029339 0.029005
0 0.660046 0.726863 0.023885 0.023816
0 0.513151 0.859439 0.043575 0.042482
0 0.545395 0.685937 0.035478 0.035029
0 0.059391 0.194563 0.032474 0.032897
0 0.964175 0.262726 0.027824 0.027570
0 0.957246 0.116261 0.032669 0.033019
0 0.662408 0.433508 0.030960 0.030441
0 0.054598 0.482542 0.024051 0.024144
0 0.410125 0.149563 0.039889 0.040203
0 0.348712 0.490314 0.027469 0.027793
0 0.405364 0.482867 0.033899 0.034368
0 0.701437 0.682125 0.024413 0.024169
0 0.149271 0.173219 0.022960 0.022880
0 0.339979 0.419398 0.022073 0.022128
0 0.476428 0.157522 0.025242 0.025141
0 0.147268 0.120518 0.023025 0.022912
0 0.522485 0.907999 0.022556 0.022749
0 0.187015 0.397292 0.023749 0.023629
0 0.112385 0.047266 0.031074 0.030884
0 0.095358 0.591334 0.035280 0.035008
0 0.744142 0.514140 0.021361 0.021045
0 0.085203 0.166235 0.031266 0.030923
0 0.775643 0.759056 0.021035 0.021310
0 0.291628 0.735764 0.058249 0.058439
0 0.610578 0.701573 0.025688 0.025752
0 0.372724 0.026288 0.020666 0.020816
0 0.042035 0.650541 0.027404 0.027654
0 0.065643 0.650966 0.023158 0.022627
0 0.554241 0.418024 0.022393 0.022018
0 0.182428 0.293221 0.022228 0.022173
0 0.346540 0.238653 0.026473 0.027408
0 0.986017 0.066869 0.022626 0.022409
0 0.824122 0.266431 0.021703 0.021808
0 0.681999 0.736349 0.019966 0.020134
0 0.909567 0.386453 0.023997 0.024148
0 0.505436 0.584337 0.021463 0.021390
0 0.425613 0.635163 0.019688 0.019817
0 0.283350 0.780131 0.032182 0.032413
0 0.569181 0.096593 0.021051 0.021158
0 0.072934 0.417644 0.042156 0.041834
