0 0.723798 0.142533 0.036339 0.036127
0 0.271839 0.494124 0.028341 0.028042
0 0.256255 0.395418 0.085400 0.086237
0 0.151903 0.100793 0.057243 0.057768
0 0.379891 0.324947 0.103277 0.103562
0 0.238888 0.725031 0.019186 0.018978
0 0.911761 0.486944 0.144614 0.142310
0 0.295083 0.594271 0.037912 0.037562
0 0.602123 0.373375 0.015923 0.015806
0 0.469678 0.411799 0.059807 0.059478
0 0.316145 0.158574 0.058742 0.057570
0 0.339422 0.645324 0.024048 0.024584
0 0.442239 0.328408 0.017280 0.017174
0 0.458409 0.079858 0.016372 0.016651
0 0.368352 0.122293 0.183620 0.183895
0 0.119217 0.639669 0.017364 0.017539
