0 0.777014 0.751517 0.089748 0.086664
0 0.598213 0.730745 0.046581 0.045891
0 0.052146 0.433453 0.048710 0.049478
0 0.486008 0.921322 0.053727 0.052443
0 0.670326 0.981265 0.051309 0.037157
0 0.608746 0.651430 0.035283 0.034909
0 0.103330 0.661543 0.044468 0.043857
0 0.007335 0.717382 0.014399 0.025226
0 0.254038 0.860106 0.038715 0.039048
0 0.735429 0.311409 0.031621 0.030203
0 0.021324 0.362431 0.042466 0.052018
0 0.639898 0.391547 0.025580 0.025311
0 0.118873 0.756180 0.022312 0.021952
0 0.866485 0.336727 0.031437 0.030584
0 0.377209 0.992084 0.039345 0.015833
0 0.393194 0.824799 0.028473 0.029153
0 0.033858 0.492563 0.044930 0.044245
0 0.664297 0.544822 0.024461 0.023841
0 0.285692 0.985898 0.025253 0.024226
0 0.481597 0.667685 0.035369 0.035528
0 0.007845 0.417980 0.015690 0.034067
0 0.735736 0.815901 0.039207 0.038024
0 0.559324 0.832738 0.022753 0.022543
0 0.020554 0.789628 0.026120 0.026325
0 0.023591 0.581938 0.047182 0.063992
0 0.691604 0.823616 0.032460 0.032190
0 0.703313 0.588181 0.096206 0.093276
0 0.671269 0.685693 0.021573 0.021413
0 0.352162 0.875990 0.038175 0.037694
