0 0.418939 0.632235 0.044092 0.044006
0 0.699341 0.430370 0.036775 0.036671
0 0.544841 0.082528 0.025925 0.025893
0 0.157577 0.775164 0.027137 0.026903
0 0.739933 0.412545 0.025108 0.025077
0 0.717022 0.213666 0.062503 0.062018
0 0.405077 0.101364 0.028273 0.027948
0 0.666850 0.245627 0.035111 0.035156
0 0.533216 0.817952 0.030158 0.029955
0 0.728994 0.260167 0.026084 0.026361
0 0.594122 0.583217 0.021721 0.021647
0 0.737216 0.255251 0.037410 0.033562
0 0.930705 0.051331 0.023669 0.023864
0 0.474350 0.669271 0.022263 0.022477
0 0.922037 0.308692 0.022816 0.022554
0 0.497918 0.196032 0.021564 0.021587
0 0.833785 0.614808 0.024515 0.024355
0 0.726047 0.960824 0.055768 0.052942
0 0.986211 0.441600 0.021549 0.020581
