0 0.404661 0.123438 0.050512 0.050297
0 0.234984 0.103035 0.047368 0.046935
0 0.262199 0.286314 0.070593 0.070001
0 0.573810 0.108595 0.030282 0.029691
0 0.745237 0.217884 0.046019 0.045539
0 0.324792 0.153006 0.059686 0.059821
0 0.520776 0.356577 0.030715 0.030622
0 0.467502 0.757567 0.031335 0.031435
0 0.350709 0.449211 0.028197 0.028032
0 0.553393 0.609913 0.037447 0.037685
0 0.664620 0.206029 0.024929 0.024920
0 0.542637 0.548569 0.038581 0.038736
0 0.681641 0.757279 0.039185 0.038595
0 0.450849 0.333890 0.033736 0.033505
0 0.584325 0.294806 0.023828 0.023851
0 0.669092 0.177660 0.026414 0.026692
0 0.163337 0.204945 0.038236 0.037101
0 0.888134 0.554803 0.029003 0.028377
0 0.061516 0.063363 0.027559 0.027135
0 0.477128 0.264260 0.023144 0.023034
0 0.314884 0.539388 0.025138 0.025126
0 0.364181 0.085837 0.026339 0.026216
0 0.475099 0.687950 0.028983 0.029307
0 0.710662 0.009267 0.045293 0.018533
0 0.737773 0.041700 0.029197 0.028219
0 0.674696 0.345192 0.028043 0.027346
0 0.359530 0.718097 0.023493 0.023607
0 0.380957 0.393303 0.028865 0.028383
0 0.144678 0.275723 0.020124 0.020506
0 0.553565 0.007274 0.041123 0.014549
0 0.389522 0.034169 0.020796 0.020937
0 0.150599 0.232947 0.022926 0.023140
0 0.755206 0.409425 0.024070 0.024151
0 0.478336 0.990342 0.043651 0.019317
0 0.323421 0.274419 0.021182 0.021336
0 0.247601 0.011830 0.024227 0.023126
0 0.353319 0.115140 0.023394 0.022811
0 0.064334 0.426620 0.021194 0.021239
0 0.138299 0.739959 0.123506 0.121483
0 0.059652 0.260554 0.022335 0.022585
0 0.169958 0.340397 0.026251 0.026413
0 0.555523 0.353140 0.020850 0.021409
0 0.566864 0.810516 0.143190 0.146184
0 0.385372 0.924267 0.053428 0.051837
0 0.371321 0.052715 0.022115 0.021967
