0 0.206677 0.623089 0.091037 0.066682
0 0.136021 0.467373 0.203543 0.153292
0 0.321351 0.483185 0.062836 0.049097
0 0.125612 0.972721 0.045861 0.035385
0 0.279961 0.353087 0.040047 0.028750
0 0.924432 0.770631 0.151135 0.129633
0 0.655850 0.348123 0.096996 0.069933
0 0.614079 0.881742 0.060343 0.045051
0 0.647287 0.961080 0.066804 0.049308
0 0.845235 0.584964 0.097799 0.080400
0 0.817890 0.741547 0.060488 0.045575
0 0.541089 0.564176 0.044078 0.034583
0 0.812998 0.673499 0.050060 0.038718
0 0.328982 0.726685 0.042196 0.035013
0 0.967405 0.526513 0.065024 0.053656
0 0.394558 0.831909 0.067848 0.050349
0 0.083078 0.693453 0.165758 0.135005
0 0.655604 0.835339 0.042957 0.030329
0 0.548588 0.143395 0.087128 0.067545
0 0.622730 0.126579 0.042789 0.032992
0 0.550444 0.226792 0.054359 0.040942
0 0.218738 0.326730 0.035958 0.023884
0 0.407527 0.469837 0.039233 0.030694
0 0.679289 0.687478 0.039065 0.033896
0 0.753850 0.838352 0.054074 0.043081
0 0.644872 0.687250 0.037554 0.030762
0 0.766202 0.387240 0.041861 0.033576
0 0.696300 0.800836 0.053985 0.040282
0 0.618852 0.463432 0.045597 0.034094
0 0.586907 0.553682 0.045075 0.036599
0 0.985312 0.187960 0.029376 0.033578
0 0.905978 0.233324 0.188044 0.169949
0 0.763831 0.254742 0.083204 0.061797
