0 0.717668 0.718289 0.244842 0.239947
0 0.051447 0.181311 0.038388 0.037515
0 0.694640 0.202141 0.024552 0.025175
0 0.781950 0.944636 0.043508 0.043234
0 0.591177 0.108803 0.028434 0.028211
0 0.932148 0.716896 0.115762 0.118380
0 0.054210 0.540530 0.026268 0.026084
0 0.176755 0.282494 0.052017 0.052076
0 0.210911 0.689156 0.025313 0.025225
0 0.817192 0.187842 0.037443 0.037513
0 0.563586 0.700660 0.028163 0.028709
0 0.305458 0.143004 0.034535 0.034603
0 0.970955 0.602856 0.034980 0.035469
0 0.147739 0.694667 0.046578 0.046783
0 0.574295 0.456613 0.032417 0.033081
0 0.216769 0.741914 0.037181 0.037379
0 0.960455 0.177244 0.035346 0.035454
0 0.746317 0.132441 0.027853 0.028033
0 0.709679 0.083086 0.033395 0.033155
0 0.620052 0.151286 0.041085 0.040559
0 0.091980 0.454420 0.022516 0.022986
0 0.716976 0.555232 0.037749 0.038135
0 0.869654 0.340485 0.027748 0.027300
0 0.535691 0.078281 0.023722 0.023748
0 0.655210 0.165056 0.035091 0.035380
0 0.503817 0.478630 0.032642 0.033597
0 0.561909 0.229218 0.027046 0.026705
0 0.950469 0.218378 0.021049 0.021178
0 0.101943 0.908260 0.026084 0.025995
0 0.396555 0.677732 0.025564 0.025117
0 0.011114 0.525899 0.022228 0.028777
0 0.682739 0.548619 0.033116 0.032937
0 0.541965 0.959339 0.025302 0.025072
0 0.757842 0.459423 0.023563 0.023864
0 0.930178 0.322886 0.021406 0.021358
0 0.246401 0.085184 0.036912 0.036506
0 0.610467 0.018674 0.022187 0.021419
0 0.871719 0.556561 0.038474 0.037759
0 0.462743 0.788216 0.021583 0.021503
0 0.681940 0.512824 0.024321 0.025006
0 0.575563 0.046236 0.021379 0.021502
0 0.542786 0.036331 0.021818 0.021825
0 0.396714 0.869909 0.024755 0.024342
0 0.417717 0.062540 0.021256 0.021130
0 0.032987 0.120988 0.023633 0.023485
0 0.567621 0.824496 0.026519 0.026522
0 0.074052 0.150604 0.034060 0.034870
0 0.369261 0.919920 0.022763 0.022933
0 0.213377 0.411317 0.034115 0.033766
0 0.865842 0.590242 0.031925 0.032620
0 0.245749 0.230242 0.020806 0.020580
0 0.774693 0.298687 0.022026 0.022112
0 0.153463 0.896519 0.028331 0.028986
0 0.889837 0.188856 0.020637 0.020696
0 0.839451 0.542287 0.029675 0.029837
0 0.272782 0.011164 0.023950 0.022035
0 0.394911 0.722264 0.035149 0.034652
0 0.101039 0.886042 0.023443 0.024435
0 0.448496 0.714525 0.029787 0.030076
0 0.109673 0.288939 0.019375 0.019541
0 0.062126 0.836362 0.025873 0.025893
0 0.800878 0.394229 0.040292 0.039981
0 0.010031 0.355460 0.019776 0.024382
0 0.774151 0.991854 0.021805 0.016292
0 0.036447 0.332433 0.021528 0.021702
