0 0.775264 0.320034 0.145306 0.111900
0 0.866684 0.561827 0.137375 0.112604
0 0.561141 0.749911 0.096879 0.076511
0 0.585995 0.261781 0.295286 0.234266
0 0.811063 0.895745 0.045845 0.032749
0 0.882735 0.035923 0.090905 0.067692
0 0.728075 0.985138 0.050767 0.028024
0 0.760488 0.857038 0.048737 0.035905
0 0.724040 0.822126 0.045734 0.037698
0 0.569745 0.897279 0.042992 0.033102
0 0.902615 0.965099 0.105492 0.065766
0 0.856733 0.141411 0.052633 0.041332
0 0.820039 0.737679 0.042536 0.033026
0 0.566292 0.692357 0.072902 0.054971
0 0.954230 0.647817 0.090444 0.159380
0 0.751162 0.638461 0.066304 0.052835
0 0.742632 0.025819 0.036825 0.029338
0 0.701559 0.918225 0.044491 0.033563
0 0.401036 0.733377 0.238293 0.222267
0 0.775578 0.215110 0.103258 0.086563
0 0.571813 0.661322 0.035694 0.026696
0 0.308854 0.931961 0.032720 0.027098
0 0.467844 0.959302 0.110872 0.080728
0 0.963152 0.422849 0.044451 0.035915
0 0.695181 0.114788 0.178627 0.142424
0 0.989461 0.050478 0.020900 0.043284
0 0.483786 0.807874 0.062148 0.043026
0 0.721481 0.602312 0.033086 0.028261
