0 0.374052 0.055685 0.049031 0.049795
0 0.888461 0.497372 0.086369 0.086611
0 0.614829 0.816624 0.037688 0.038089
0 0.510947 0.870683 0.034574 0.034625
0 0.740769 0.781466 0.099695 0.100530
0 0.323969 0.912596 0.038595 0.038313
0 0.868539 0.774896 0.063123 0.063051
0 0.818050 0.149393 0.067706 0.068305
0 0.309020 0.280536 0.025428 0.025740
0 0.893259 0.896940 0.089813 0.090000
0 0.108494 0.243654 0.023795 0.023880
0 0.149430 0.482997 0.027505 0.027283
0 0.416911 0.817735 0.026957 0.027333
0 0.813485 0.987750 0.026737 0.024034
0 0.934650 0.138157 0.049112 0.049732
0 0.057397 0.427599 0.040589 0.040941
0 0.225904 0.316330 0.025456 0.025205
0 0.062410 0.219226 0.026881 0.026663
0 0.402192 0.294281 0.031840 0.031956
0 0.887146 0.646817 0.087555 0.087444
0 0.968269 0.468732 0.051648 0.051655
0 0.735478 0.945363 0.024377 0.024269
0 0.124874 0.770964 0.102762 0.100802
0 0.160765 0.599201 0.041997 0.042306
0 0.842429 0.717848 0.103849 0.102673
0 0.876521 0.442371 0.035361 0.034519
0 0.471659 0.044264 0.040333 0.040070
0 0.265620 0.792085 0.025466 0.025640
0 0.618805 0.023901 0.050561 0.047802
0 0.259831 0.478969 0.029128 0.029167
0 0.665943 0.754264 0.027437 0.027584
0 0.216322 0.681177 0.046619 0.046484
0 0.102530 0.398253 0.022166 0.022306
0 0.468282 0.866693 0.021657 0.022087
0 0.214832 0.627973 0.043480 0.045239
0 0.483725 0.137700 0.020884 0.020975
0 0.753317 0.049141 0.039045 0.039334
0 0.282792 0.650528 0.040551 0.041635
0 0.269170 0.815413 0.023450 0.024142
0 0.228936 0.366342 0.046975 0.047292
0 0.645520 0.768120 0.022172 0.022307
0 0.787180 0.082242 0.038675 0.038269
0 0.675148 0.841230 0.079638 0.078971
0 0.710546 0.248733 0.073353 0.072699
0 0.732541 0.326190 0.045245 0.046394
0 0.774716 0.478049 0.037028 0.036962
0 0.860217 0.402455 0.021210 0.021561
0 0.920416 0.236436 0.024295 0.024808
0 0.976914 0.305927 0.046172 0.064614
0 0.486803 0.203913 0.087475 0.093605
0 0.368328 0.495980 0.020643 0.020914
0 0.262103 0.893122 0.028225 0.028345
0 0.904525 0.843796 0.031250 0.030929
0 0.552120 0.818542 0.019176 0.019426
0 0.901449 0.385517 0.019259 0.019016
0 0.797909 0.115193 0.022568 0.022914
0 0.068352 0.692276 0.020796 0.020979
0 0.820601 0.569735 0.044719 0.045048
0 0.258859 0.414688 0.021710 0.022276
0 0.131793 0.957073 0.020629 0.020796
0 0.981255 0.165740 0.037490 0.047481
0 0.123895 0.598042 0.037734 0.038331
0 0.183716 0.622631 0.019484 0.020174
0 0.742344 0.218427 0.050758 0.050941
0 0.242659 0.629772 0.029479 0.030884
0 0.433798 0.347574 0.048246 0.047873
0 0.661527 0.872528 0.020272 0.020741
0 0.802494 0.388687 0.024408 0.024532
0 0.461090 0.367691 0.031848 0.033599
0 0.839434 0.230540 0.020422 0.020553
0 0.024842 0.369967 0.049684 0.070307
0 0.290313 0.728563 0.018568 0.018512
0 0.990599 0.403972 0.018240 0.026370
0 0.927912 0.322448 0.020205 0.019926
0 0.971043 0.196893 0.021393 0.021358
0 0.985928 0.749729 0.027375 0.078834
0 0.833761 0.602709 0.046972 0.047783
0 0.854881 0.827551 0.038074 0.036784
0 0.645912 0.425886 0.034602 0.036001
0 0.294093 0.221024 0.019196 0.019100
0 0.023705 0.894820 0.047411 0.076921
0 0.943422 0.103113 0.021492 0.021215
0 0.722082 0.009015 0.021117 0.018029
0 0.079449 0.940818 0.018704 0.018605
0 0.567432 0.301554 0.029612 0.029618
0 0.869356 0.328508 0.019292 0.019252
0 0.883055 0.374232 0.018117 0.018073
0 0.711818 0.288708 0.046161 0.049962
0 0.301861 0.828202 0.019540 0.019925
0 0.041612 0.691722 0.030577 0.030312
0 0.772109 0.648160 0.025982 0.026178
0 0.796097 0.047355 0.036901 0.037203
0 0.415273 0.321072 0.027684 0.026772
0 0.864061 0.588969 0.021931 0.022178
0 0.151210 0.948903 0.020657 0.020381
0 0.826985 0.083206 0.031286 0.032941
0 0.949995 0.587832 0.040978 0.040885
0 0.315691 0.133538 0.048796 0.049278
0 0.366254 0.802144 0.021360 0.021444
