0 0.424498 0.469499 0.179562 0.176712
0 0.870661 0.130920 0.023491 0.023363
0 0.077875 0.068752 0.028392 0.029130
0 0.629425 0.137069 0.022631 0.022353
0 0.338137 0.353256 0.029834 0.029858
0 0.919685 0.938676 0.027197 0.027674
0 0.953262 0.847855 0.036114 0.035402
0 0.767620 0.353712 0.025041 0.025354
0 0.619672 0.818514 0.023746 0.023414
0 0.155695 0.739901 0.055856 0.056087
0 0.670863 0.254741 0.027157 0.027723
0 0.772067 0.463008 0.024268 0.024463
0 0.266111 0.028138 0.049210 0.048981
0 0.599239 0.805803 0.023935 0.023529
0 0.948126 0.722305 0.026447 0.026467
0 0.428699 0.027903 0.062354 0.055805
0 0.431972 0.951855 0.028896 0.028941
0 0.799180 0.147441 0.031629 0.031678
0 0.242702 0.878073 0.091559 0.092330
0 0.652793 0.780705 0.024741 0.024778
0 0.638826 0.542539 0.024055 0.024088
0 0.841569 0.611561 0.023161 0.022801
0 0.473946 0.857703 0.028764 0.028950
0 0.712258 0.154670 0.022265 0.022046
0 0.405902 0.078122 0.028764 0.028930
0 0.729810 0.569467 0.031610 0.031376
0 0.654699 0.709137 0.024995 0.024815
0 0.572783 0.244473 0.024578 0.024681
0 0.356994 0.695587 0.030945 0.030771
0 0.612135 0.519221 0.046849 0.046791
0 0.821383 0.936878 0.026613 0.026429
0 0.114727 0.339925 0.037212 0.037005
0 0.974055 0.973645 0.023343 0.023625
0 0.413991 0.354296 0.023802 0.023808
0 0.582944 0.185789 0.040446 0.040695
0 0.914541 0.476788 0.027627 0.027423
0 0.847588 0.938083 0.025167 0.025327
0 0.559139 0.129735 0.051653 0.050446
0 0.288019 0.257738 0.064697 0.064174
0 0.928818 0.748096 0.021812 0.021562
0 0.285124 0.137325 0.035641 0.035574
0 0.009245 0.356975 0.018491 0.028946
0 0.258858 0.397108 0.045424 0.045517
0 0.234616 0.070337 0.021562 0.021821
0 0.015180 0.760077 0.030360 0.034575
0 0.771727 0.649271 0.021435 0.021392
0 0.314772 0.558012 0.022958 0.022899
0 0.691720 0.272309 0.023888 0.023991
0 0.547936 0.884984 0.024656 0.025284
0 0.849280 0.018748 0.022750 0.022142
0 0.141498 0.637630 0.176894 0.172770
0 0.815107 0.520794 0.036519 0.036181
0 0.924017 0.518807 0.021602 0.021134
0 0.545011 0.588001 0.021931 0.022232
0 0.229150 0.189235 0.020720 0.021014
0 0.744655 0.030626 0.068608 0.061210
0 0.696585 0.106762 0.027084 0.026967
0 0.151659 0.324537 0.034856 0.037078
0 0.732390 0.373908 0.023674 0.025148
0 0.535832 0.916414 0.026852 0.027484
0 0.149855 0.352944 0.049398 0.048761
0 0.838404 0.537207 0.041148 0.041542
0 0.385060 0.339084 0.022028 0.022251
0 0.766499 0.160918 0.020952 0.020919
0 0.633293 0.033353 0.026033 0.028107
0 0.536409 0.430533 0.100827 0.102543
0 0.516301 0.666798 0.020861 0.020648
0 0.083009 0.390429 0.021040 0.020838
0 0.526694 0.738784 0.019364 0.019552
0 0.848676 0.267532 0.062212 0.062849
0 0.654639 0.858188 0.019873 0.020106
0 0.103964 0.636615 0.018984 0.019336
0 0.420202 0.332704 0.024370 0.024241
0 0.517335 0.855475 0.020541 0.020934
0 0.945120 0.062467 0.033038 0.033298
0 0.553080 0.779330 0.019540 0.019400
0 0.432212 0.075577 0.020412 0.020717
0 0.627748 0.852448 0.020481 0.020114
0 0.650859 0.672501 0.021133 0.020699
0 0.344358 0.647174 0.021918 0.021451
0 0.789573 0.858923 0.020878 0.020824
0 0.508060 0.163507 0.030063 0.029601
0 0.775491 0.934001 0.024043 0.024531
0 0.877945 0.622037 0.019673 0.019758
0 0.753630 0.477304 0.022713 0.022672
0 0.702957 0.547044 0.035026 0.033077
0 0.973952 0.303992 0.052096 0.061350
0 0.687318 0.821032 0.019908 0.019838
0 0.056293 0.618850 0.019695 0.019013
0 0.008714 0.178645 0.017254 0.020488
0 0.383390 0.368600 0.026489 0.026901
0 0.906959 0.271065 0.019777 0.019488
0 0.525816 0.156553 0.021500 0.022599
0 0.372332 0.972266 0.019544 0.019821
0 0.581100 0.559467 0.059386 0.059066
0 0.502522 0.079330 0.021478 0.021162
0 0.078826 0.305578 0.020227 0.019795
0 0.279635 0.831875 0.020021 0.020275
0 0.539413 0.385543 0.051091 0.052240
0 0.733891 0.086793 0.021409 0.021432
0 0.704660 0.808760 0.020774 0.021286
0 0.353556 0.009624 0.029998 0.019249
0 0.816182 0.839645 0.020308 0.020401
0 0.066101 0.344460 0.019474 0.019259
0 0.317133 0.374825 0.018538 0.018509
0 0.840974 0.295219 0.020076 0.020268
0 0.382035 0.065253 0.019651 0.019857
0 0.950184 0.805036 0.022934 0.023197
0 0.635337 0.023812 0.022277 0.022542
0 0.331724 0.266920 0.019082 0.018745
0 0.512881 0.877758 0.022911 0.023456
0 0.433020 0.739527 0.018598 0.018628
0 0.113875 0.368970 0.028956 0.029222
0 0.255160 0.210801 0.018005 0.018056
0 0.699354 0.747084 0.020375 0.020920
0 0.007470 0.826678 0.014940 0.020725
0 0.880581 0.850250 0.020922 0.021506
0 0.103357 0.808851 0.020246 0.020458
0 0.048282 0.646682 0.034359 0.034699
0 0.332916 0.247226 0.018346 0.017844
0 0.673345 0.801150 0.021783 0.021029
0 0.169681 0.917432 0.328850 0.164499
0 0.547252 0.729101 0.019671 0.019996
0 0.203090 0.533037 0.018794 0.019202
0 0.619254 0.241848 0.018757 0.018755
0 0.545525 0.695296 0.020204 0.019602
0 0.578100 0.754990 0.396661 0.388644
0 0.785455 0.074116 0.022155 0.022990
0 0.281942 0.579505 0.019296 0.019363
0 0.141443 0.269928 0.018685 0.018672
0 0.189805 0.265712 0.016917 0.017029
0 0.691247 0.243253 0.019024 0.020303
0 0.576591 0.754467 0.019405 0.019692
