0 0.439833 0.506791 0.077757 0.061137
0 0.713739 0.334504 0.142234 0.108847
0 0.743116 0.662168 0.045690 0.035923
0 0.190173 0.611865 0.056181 0.042690
0 0.338466 0.658503 0.061259 0.045973
0 0.598658 0.026098 0.054310 0.042462
0 0.031990 0.816125 0.043975 0.035400
0 0.714625 0.169021 0.164240 0.118727
0 0.976138 0.947692 0.047238 0.072707
0 0.523918 0.128151 0.075125 0.056393
0 0.322066 0.247726 0.096109 0.082504
0 0.152376 0.218264 0.035190 0.029084
0 0.128359 0.611593 0.039630 0.029495
0 0.033478 0.507588 0.033551 0.029558
0 0.318041 0.750004 0.035055 0.026447
0 0.276969 0.865283 0.051608 0.038762
0 0.563150 0.010708 0.050470 0.020722
0 0.252465 0.075794 0.039491 0.027722
0 0.864804 0.340116 0.038117 0.031218
0 0.209817 0.724331 0.038958 0.031033
0 0.834819 0.365764 0.033850 0.026544
0 0.993858 0.362684 0.012283 0.034598
