0 0.650424 0.544371 0.025147 0.024805
0 0.809696 0.406653 0.050408 0.049495
0 0.589143 0.140234 0.063420 0.063381
0 0.861966 0.643582 0.026725 0.026875
0 0.625053 0.088894 0.026227 0.026143
0 0.841056 0.273977 0.123566 0.117102
0 0.852667 0.590751 0.027174 0.027238
0 0.595643 0.464140 0.031585 0.031554
0 0.075797 0.684465 0.028130 0.027462
0 0.330989 0.925185 0.025932 0.025624
0 0.523456 0.551225 0.064521 0.061122
0 0.722188 0.805787 0.022919 0.022828
0 0.500712 0.102093 0.117898 0.115225
0 0.367408 0.306025 0.031536 0.031933
0 0.504909 0.634855 0.060560 0.058100
0 0.377642 0.457655 0.104959 0.102091
0 0.677888 0.591723 0.030860 0.030877
0 0.508172 0.717735 0.075731 0.074384
0 0.621465 0.459238 0.021007 0.021166
0 0.603038 0.610317 0.049704 0.048861
0 0.752279 0.340261 0.032376 0.029497
0 0.908604 0.631486 0.021023 0.020755
0 0.696413 0.340221 0.039139 0.038495
0 0.988940 0.595477 0.021343 0.024081
0 0.791267 0.022674 0.020897 0.021269
0 0.492090 0.082593 0.086421 0.080081
0 0.495421 0.363068 0.034476 0.034804
0 0.645254 0.064163 0.045916 0.046337
0 0.521885 0.597340 0.040626 0.041527
0 0.407035 0.325321 0.052052 0.051774
0 0.988143 0.551244 0.023097 0.025598
