0 0.130934 0.249543 0.056628 0.047594
0 0.478445 0.770918 0.089389 0.068716
0 0.324426 0.865990 0.078241 0.058013
0 0.967310 0.647481 0.063849 0.050344
0 0.491184 0.612716 0.063582 0.048917
0 0.970169 0.340255 0.059662 0.048369
0 0.457372 0.831662 0.061886 0.043529
0 0.469171 0.699928 0.064410 0.052874
0 0.149966 0.472891 0.044575 0.035326
0 0.437560 0.540170 0.090043 0.072258
0 0.067507 0.498651 0.054269 0.042613
0 0.453833 0.475205 0.050796 0.039850
0 0.372255 0.538508 0.044421 0.034135
0 0.674886 0.356482 0.049652 0.040349
0 0.228832 0.619240 0.055325 0.044875
0 0.258522 0.951962 0.048743 0.034160
0 0.428228 0.436894 0.040026 0.030827
0 0.526588 0.563057 0.042324 0.033834
0 0.895145 0.096304 0.040681 0.030850
0 0.356750 0.054903 0.035625 0.027730
0 0.019262 0.785533 0.035299 0.029130
0 0.264153 0.780335 0.040254 0.031020
0 0.012790 0.236015 0.025581 0.029044
0 0.437402 0.948130 0.168608 0.102270
