0 0.293882 0.404732 0.115480 0.112245
0 0.532508 0.221157 0.045393 0.044416
0 0.294541 0.034765 0.073022 0.068668
0 0.508183 0.802300 0.030036 0.029625
0 0.764933 0.576105 0.055254 0.053776
0 0.858549 0.612144 0.078558 0.073004
0 0.718868 0.511521 0.041278 0.039878
0 0.843796 0.149692 0.057415 0.055025
0 0.227870 0.465147 0.028754 0.027907
0 0.888834 0.798539 0.123122 0.112726
0 0.480983 0.240239 0.026604 0.027119
0 0.718618 0.654625 0.037790 0.037524
0 0.822502 0.351544 0.066659 0.065311
0 0.648966 0.884393 0.038789 0.037001
0 0.034407 0.132929 0.067504 0.088083
0 0.843252 0.251348 0.046765 0.044919
0 0.852180 0.392990 0.050153 0.048095
0 0.887102 0.327733 0.102010 0.096979
0 0.409169 0.505263 0.032925 0.032890
0 0.606205 0.447228 0.048462 0.048309
0 0.394097 0.917747 0.031138 0.030628
0 0.687236 0.875481 0.028957 0.027554
0 0.631356 0.326408 0.086603 0.084977
0 0.603492 0.037107 0.022955 0.022844
0 0.392076 0.137743 0.075950 0.074352
0 0.338593 0.262157 0.024739 0.024992
0 0.959610 0.367222 0.039171 0.039754
0 0.569045 0.878430 0.025672 0.025076
0 0.621119 0.991906 0.026752 0.015902
0 0.202491 0.071687 0.024498 0.024246
0 0.929219 0.975238 0.041123 0.039003
0 0.451726 0.781356 0.024464 0.024250
0 0.960121 0.765762 0.079758 0.088242
0 0.803463 0.300612 0.040262 0.039420
0 0.318585 0.676345 0.042784 0.042882
0 0.940749 0.629109 0.034753 0.033177
0 0.916992 0.895358 0.036017 0.033678
0 0.122366 0.879223 0.243113 0.241554
0 0.935597 0.665407 0.062263 0.056149
0 0.272910 0.856304 0.073966 0.071143
0 0.815924 0.274245 0.034214 0.034577
0 0.901692 0.952946 0.108887 0.093909
0 0.934494 0.200946 0.033043 0.032034
0 0.288362 0.827259 0.035759 0.035323
0 0.022060 0.348883 0.043842 0.138848
0 0.326318 0.238316 0.031083 0.031780
0 0.612217 0.719217 0.027998 0.027315
0 0.986124 0.548798 0.021533 0.021248
0 0.553606 0.477026 0.041163 0.041699
0 0.647725 0.887441 0.362728 0.225118
0 0.880425 0.472651 0.064366 0.060923
0 0.656444 0.558945 0.020715 0.020131
0 0.081621 0.442514 0.022715 0.021952
0 0.548344 0.167032 0.021962 0.021293
0 0.718772 0.418850 0.100883 0.097435
0 0.435673 0.265029 0.023700 0.023480
0 0.072204 0.176135 0.053278 0.052690
0 0.960971 0.095585 0.078058 0.191171
0 0.459817 0.795215 0.025161 0.024681
