0 0.052883 0.613012 0.104407 0.089083
0 0.843611 0.082214 0.100092 0.087444
0 0.032730 0.949391 0.034731 0.032549
0 0.364093 0.681373 0.088189 0.078717
0 0.330082 0.632827 0.111620 0.093036
0 0.225512 0.732565 0.041729 0.033906
0 0.474468 0.466610 0.081620 0.070851
0 0.123494 0.904547 0.040603 0.036255
0 0.159434 0.766587 0.059272 0.047045
0 0.314658 0.958290 0.119770 0.083421
0 0.148100 0.922340 0.035952 0.033840
0 0.127612 0.932477 0.030746 0.027664
0 0.302447 0.120711 0.058406 0.050764
0 0.586653 0.480470 0.026155 0.023379
0 0.471530 0.627372 0.026432 0.025120
