0 0.745336 0.289111 0.254959 0.230242
0 0.713058 0.353258 0.035729 0.035214
0 0.867615 0.643431 0.043871 0.043945
0 0.451170 0.629054 0.095630 0.090660
0 0.175616 0.449654 0.036421 0.035426
0 0.020229 0.239365 0.039846 0.037011
0 0.259103 0.449255 0.032676 0.031694
0 0.189763 0.128354 0.056376 0.054455
0 0.585050 0.365843 0.032981 0.032609
0 0.502570 0.717675 0.140194 0.133144
0 0.624669 0.381103 0.036759 0.034782
0 0.123367 0.085983 0.031830 0.031417
0 0.961102 0.831376 0.053250 0.053795
0 0.380294 0.585430 0.032316 0.031221
0 0.719250 0.011380 0.037430 0.022760
0 0.008506 0.317077 0.017013 0.027287
0 0.978712 0.267310 0.021818 0.021503
0 0.922659 0.520670 0.021757 0.021794
0 0.258543 0.968361 0.065088 0.061824
0 0.919760 0.129120 0.027008 0.027538
0 0.687576 0.803443 0.037612 0.035687
0 0.953150 0.068711 0.023116 0.022645
0 0.453661 0.763655 0.071354 0.067512
0 0.516197 0.432808 0.024571 0.024190
0 0.723616 0.918620 0.021983 0.022322
0 0.424070 0.813076 0.021933 0.021720
0 0.150590 0.207447 0.035891 0.031947
0 0.220204 0.496381 0.021492 0.021267
0 0.737930 0.790359 0.030540 0.030091
0 0.104773 0.296277 0.052988 0.052024
0 0.916802 0.871099 0.052178 0.049785
0 0.501504 0.012154 0.064519 0.024010
