0 0.894736 0.120745 0.132427 0.107527
0 0.493261 0.805663 0.190893 0.150210
0 0.370645 0.528176 0.147973 0.128214
0 0.582219 0.718977 0.146242 0.128091
0 0.094179 0.144136 0.054618 0.040981
0 0.726355 0.757348 0.056958 0.042562
0 0.430589 0.296851 0.079344 0.064803
0 0.156545 0.339647 0.052390 0.043161
0 0.537494 0.140966 0.036287 0.030820
0 0.403089 0.658569 0.040727 0.031541
0 0.657645 0.393904 0.132369 0.109174
0 0.946464 0.321799 0.095293 0.081486
0 0.578653 0.176637 0.036604 0.032279
0 0.409862 0.398005 0.037080 0.029733
0 0.843440 0.731257 0.035767 0.030672
0 0.431653 0.159002 0.068461 0.058050
0 0.990020 0.204500 0.019689 0.035367
0 0.567379 0.030756 0.094096 0.061425
0 0.530943 0.235811 0.035557 0.030409
0 0.136075 0.081408 0.041824 0.032851
0 0.258903 0.623958 0.179314 0.155946
0 0.428242 0.633011 0.037181 0.029999
0 0.740349 0.170069 0.036883 0.028362
0 0.187196 0.666272 0.211118 0.168378
0 0.204986 0.350410 0.042125 0.034078
0 0.809133 0.371336 0.033907 0.028779
0 0.750197 0.331137 0.033689 0.028065
0 0.381511 0.267273 0.036709 0.032767
0 0.055047 0.498809 0.043838 0.036762
0 0.148759 0.290888 0.043335 0.033330
0 0.632021 0.298937 0.030334 0.026101
0 0.331498 0.046566 0.346009 0.092401
0 0.449675 0.556118 0.046091 0.041016
0 0.079502 0.087709 0.032669 0.028334
0 0.044706 0.009875 0.055025 0.019750
0 0.594092 0.125955 0.031092 0.027166
0 0.125460 0.437172 0.096844 0.073453
0 0.518933 0.092960 0.043779 0.035740
0 0.261880 0.223755 0.039149 0.032722
0 0.017085 0.303859 0.034169 0.040736
0 0.961343 0.975926 0.029651 0.025574
