0 0.565880 0.695013 0.039690 0.039820
0 0.809278 0.173933 0.044123 0.043820
0 0.415536 0.323429 0.055408 0.055452
0 0.804510 0.547533 0.047504 0.047508
0 0.585228 0.023774 0.046274 0.045565
0 0.541783 0.444489 0.046450 0.045797
0 0.469097 0.927412 0.031297 0.031321
0 0.124447 0.008896 0.043127 0.017539
0 0.211906 0.098922 0.033647 0.033466
0 0.905627 0.507848 0.032738 0.032871
0 0.680587 0.769396 0.030064 0.030069
0 0.738456 0.752187 0.034640 0.033976
0 0.292753 0.206631 0.041070 0.041465
0 0.126329 0.412745 0.030989 0.030316
0 0.443639 0.023922 0.051502 0.047843
0 0.989025 0.556139 0.021950 0.040710
0 0.241664 0.694142 0.028168 0.028022
0 0.917112 0.640401 0.029769 0.029989
0 0.784909 0.312279 0.031131 0.030391
0 0.469458 0.537707 0.026970 0.027860
0 0.721033 0.553975 0.027847 0.028705
0 0.829365 0.488881 0.026913 0.026777
0 0.015797 0.027942 0.028333 0.026622
0 0.700971 0.690974 0.025151 0.025161
0 0.926911 0.489664 0.027050 0.026417
0 0.369520 0.467451 0.027342 0.027558
0 0.279835 0.257766 0.027910 0.027698
0 0.707397 0.869021 0.024403 0.024496
0 0.701854 0.786089 0.028823 0.029010
0 0.699982 0.536882 0.024959 0.025392
0 0.817816 0.105712 0.028566 0.028010
0 0.201199 0.316196 0.028798 0.029279
0 0.008310 0.179723 0.016621 0.030736
0 0.480723 0.439829 0.026636 0.026888
0 0.524953 0.268946 0.024927 0.024772
0 0.232575 0.312606 0.025131 0.025277
0 0.181445 0.296473 0.032151 0.031639
0 0.124448 0.043805 0.042071 0.042418
0 0.709812 0.326666 0.024226 0.024321
0 0.452454 0.068204 0.024943 0.025118
0 0.723957 0.117086 0.032075 0.031712
0 0.736922 0.706324 0.027465 0.027587
0 0.603620 0.091642 0.024946 0.024882
