0 0.725293 0.522719 0.023809 0.023227
0 0.399616 0.091623 0.033106 0.033296
0 0.442119 0.845154 0.033766 0.034106
0 0.827953 0.025470 0.034731 0.034053
0 0.957763 0.021475 0.029531 0.029017
0 0.635201 0.960862 0.021657 0.021762
0 0.400490 0.891687 0.023070 0.023339
0 0.728104 0.555242 0.035964 0.035948
0 0.268414 0.483959 0.034106 0.034217
0 0.694347 0.564811 0.025351 0.025868
0 0.851154 0.883649 0.120319 0.120736
0 0.792875 0.098040 0.022399 0.022217
0 0.679635 0.532731 0.021317 0.021351
0 0.517115 0.374992 0.020299 0.020351
0 0.248329 0.505636 0.436283 0.435717
0 0.660322 0.746672 0.089308 0.089597
0 0.100773 0.920933 0.201546 0.158133
0 0.783948 0.859104 0.050429 0.049893
0 0.487519 0.033647 0.019007 0.019595
0 0.252188 0.725894 0.037456 0.037165
0 0.048365 0.425081 0.029398 0.031910
0 0.134161 0.184792 0.027451 0.026656
0 0.841744 0.983683 0.077245 0.032635
0 0.632934 0.519593 0.072371 0.070760
0 0.117866 0.676531 0.020052 0.019811
0 0.993004 0.130118 0.013920 0.019350
0 0.754064 0.248929 0.020513 0.020187
0 0.856819 0.781245 0.037994 0.036437
0 0.391831 0.917414 0.023582 0.023754
0 0.623813 0.483893 0.019239 0.019012
0 0.008529 0.314237 0.016821 0.019646
0 0.181362 0.774264 0.019977 0.020272
0 0.075822 0.151553 0.035925 0.036271
0 0.487292 0.732257 0.018588 0.017936
0 0.754859 0.769623 0.020295 0.019579
0 0.746153 0.755381 0.019832 0.019705
0 0.601149 0.992688 0.024129 0.014623
0 0.926864 0.510249 0.079821 0.079121
0 0.253094 0.542564 0.018434 0.018309
