0 0.362523 0.620902 0.076856 0.067356
0 0.656791 0.219480 0.045147 0.041309
0 0.635606 0.581986 0.044326 0.040958
0 0.199667 0.281032 0.042604 0.038803
0 0.266529 0.342400 0.043448 0.039306
0 0.753884 0.063413 0.032971 0.031670
0 0.720156 0.618951 0.069678 0.061636
0 0.498956 0.487377 0.035300 0.034318
0 0.696593 0.537495 0.032083 0.030670
0 0.573600 0.450244 0.030504 0.027849
0 0.939431 0.056577 0.026610 0.025619
0 0.104853 0.706733 0.033767 0.031406
0 0.433049 0.978319 0.052948 0.042607
0 0.010192 0.232696 0.020384 0.039519
0 0.926604 0.868314 0.046037 0.043554
0 0.639266 0.741459 0.040144 0.037349
0 0.681107 0.375881 0.036601 0.033721
0 0.658852 0.334151 0.032521 0.031089
0 0.897153 0.917165 0.048135 0.042333
0 0.944872 0.808585 0.039444 0.036059
0 0.874347 0.144652 0.025524 0.024723
0 0.615458 0.710483 0.025271 0.024159
0 0.685149 0.099758 0.039808 0.037177
0 0.574908 0.252802 0.118853 0.104453
0 0.594834 0.919826 0.040612 0.036159
0 0.377798 0.132269 0.523812 0.263912
0 0.804141 0.639167 0.089101 0.077390
0 0.055696 0.869729 0.064448 0.060262
0 0.130276 0.964036 0.029000 0.027089
0 0.983747 0.784614 0.021715 0.020701
0 0.746724 0.024567 0.077937 0.049133
0 0.852833 0.986852 0.024920 0.023771
0 0.766936 0.778342 0.026631 0.024100
