0 0.817761 0.445027 0.291622 0.249483
0 0.163243 0.684262 0.096066 0.080891
0 0.774856 0.905159 0.270117 0.189682
0 0.901594 0.009605 0.060418 0.019114
0 0.040967 0.844113 0.039319 0.034712
0 0.619119 0.209060 0.035869 0.032279
0 0.972348 0.638996 0.034643 0.029254
0 0.516518 0.871611 0.042157 0.037052
0 0.454841 0.786844 0.034152 0.030433
0 0.024700 0.787334 0.032930 0.029086
0 0.960267 0.795132 0.033222 0.027713
0 0.124099 0.949389 0.118153 0.101221
0 0.035204 0.762218 0.033587 0.031642
0 0.270150 0.949670 0.037756 0.033092
0 0.225883 0.990818 0.026733 0.017640
0 0.513614 0.993197 0.050209 0.013034
0 0.039673 0.587545 0.029915 0.027832
0 0.073435 0.718259 0.033639 0.028146
0 0.218013 0.060103 0.033425 0.031873
