0 0.426836 0.827571 0.028370 0.028545
0 0.169630 0.708479 0.043671 0.043293
0 0.180205 0.644114 0.042778 0.042010
0 0.289017 0.815801 0.032254 0.031744
0 0.911106 0.087969 0.045815 0.045274
0 0.693618 0.868154 0.033565 0.033291
0 0.675832 0.556930 0.029126 0.029184
0 0.618638 0.953506 0.038408 0.038865
0 0.677765 0.968226 0.033491 0.033064
0 0.748114 0.925526 0.104157 0.105748
0 0.037920 0.010657 0.031261 0.021100
0 0.562883 0.736615 0.032568 0.033545
0 0.294898 0.393215 0.043496 0.044499
0 0.563909 0.804520 0.032880 0.033745
0 0.546162 0.684131 0.027745 0.027787
0 0.569472 0.847704 0.029207 0.028170
0 0.252879 0.609612 0.058344 0.057876
0 0.047493 0.154056 0.022699 0.023285
0 0.532139 0.149987 0.035831 0.037422
0 0.271338 0.733564 0.024959 0.025176
0 0.219239 0.339145 0.032488 0.031064
0 0.222261 0.674274 0.075299 0.075194
0 0.036367 0.082649 0.036637 0.036469
0 0.976950 0.867265 0.035021 0.035390
0 0.011524 0.060058 0.021568 0.021595
0 0.742136 0.513281 0.027129 0.027731
0 0.139933 0.635934 0.044028 0.044532
0 0.009043 0.105128 0.018086 0.029115
0 0.225401 0.561552 0.024642 0.024294
0 0.647456 0.849688 0.034705 0.036357
0 0.498742 0.874401 0.155130 0.153047
0 0.647326 0.713668 0.022660 0.023064
0 0.641159 0.564055 0.038971 0.039513
0 0.505704 0.742113 0.038329 0.038182
0 0.761850 0.606862 0.028561 0.028570
0 0.745792 0.735236 0.032314 0.032204
0 0.697256 0.787011 0.033815 0.034101
0 0.721910 0.753088 0.038582 0.040362
0 0.218155 0.902989 0.040688 0.037922
0 0.092975 0.490573 0.040458 0.041359
0 0.188661 0.214031 0.022845 0.022758
0 0.340491 0.940391 0.376529 0.119218
0 0.580010 0.719152 0.021592 0.021043
0 0.533682 0.513160 0.026083 0.026015
0 0.140089 0.010036 0.037624 0.019641
0 0.089479 0.681036 0.035691 0.035101
0 0.381420 0.628878 0.025185 0.026639
