0 0.212880 0.467799 0.050767 0.051312
0 0.118775 0.278263 0.036221 0.036721
0 0.846075 0.108853 0.083941 0.083593
0 0.646191 0.120521 0.025874 0.025856
0 0.903550 0.150219 0.039456 0.039296
0 0.403162 0.743651 0.048260 0.047882
0 0.959621 0.735260 0.036274 0.036517
0 0.456126 0.144805 0.029945 0.030919
0 0.894205 0.387927 0.025976 0.026527
0 0.531668 0.669282 0.035458 0.034970
0 0.598978 0.190370 0.032410 0.032372
0 0.833804 0.614304 0.038932 0.039995
0 0.210152 0.512083 0.024089 0.023671
0 0.382381 0.280564 0.022326 0.022631
0 0.373879 0.798807 0.027026 0.027084
0 0.016379 0.306556 0.028549 0.028104
0 0.750857 0.346281 0.026292 0.026673
0 0.074249 0.134199 0.023009 0.022799
0 0.627732 0.612112 0.022842 0.023160
0 0.859775 0.202759 0.021974 0.022100
0 0.751111 0.139552 0.024819 0.024579
0 0.351312 0.906584 0.029128 0.029487
0 0.411197 0.957290 0.027294 0.027383
0 0.666119 0.088703 0.030900 0.030332
0 0.822083 0.571078 0.044242 0.044924
0 0.834774 0.402225 0.032496 0.033077
0 0.144145 0.782370 0.027443 0.027420
0 0.990143 0.372258 0.019300 0.022264
0 0.618075 0.921911 0.026960 0.026930
0 0.362007 0.308632 0.027993 0.028015
0 0.602438 0.989079 0.023010 0.021357
0 0.733405 0.431143 0.023533 0.023456
0 0.679527 0.491873 0.022096 0.022341
0 0.806199 0.223837 0.043180 0.044365
0 0.597015 0.884750 0.026164 0.026029
0 0.220519 0.807766 0.022472 0.022297
0 0.709843 0.139569 0.024763 0.024719
0 0.712828 0.280440 0.024141 0.023295
0 0.531516 0.033231 0.055392 0.055577
0 0.450127 0.796938 0.021030 0.021334
0 0.522094 0.884946 0.025029 0.024628
