0 0.093626 0.271254 0.186983 0.136261
0 0.163942 0.073328 0.065104 0.048759
0 0.848058 0.868668 0.194827 0.145201
0 0.217395 0.435740 0.060929 0.044562
0 0.110948 0.585483 0.053508 0.037458
0 0.499227 0.774873 0.049568 0.036219
0 0.546191 0.101456 0.049922 0.036741
0 0.570824 0.024562 0.043069 0.032112
0 0.478041 0.500583 0.042128 0.030614
0 0.551200 0.948960 0.056348 0.040077
0 0.666018 0.644494 0.152375 0.106632
0 0.410200 0.114324 0.041892 0.033251
0 0.581428 0.188922 0.254282 0.169621
0 0.321057 0.226712 0.051915 0.041352
0 0.504008 0.152993 0.051062 0.037354
0 0.742173 0.939455 0.089627 0.066997
0 0.099517 0.750171 0.198999 0.173771
0 0.685528 0.840819 0.038657 0.028979
