0 0.279847 0.061884 0.181716 0.122800
0 0.161063 0.548701 0.042054 0.037238
0 0.075756 0.794563 0.056384 0.046826
0 0.628413 0.367038 0.044094 0.039455
0 0.891160 0.026073 0.034670 0.033496
0 0.052807 0.417004 0.054870 0.048973
0 0.580623 0.978344 0.062154 0.042705
0 0.852632 0.651778 0.039326 0.037182
0 0.760682 0.684651 0.053222 0.042405
0 0.833057 0.567347 0.060993 0.054883
0 0.766575 0.524712 0.044298 0.038813
0 0.865339 0.722610 0.034490 0.032361
0 0.300503 0.804814 0.060470 0.051654
0 0.126085 0.466116 0.082532 0.073261
0 0.646818 0.300771 0.038149 0.033742
0 0.723264 0.305464 0.039080 0.035427
0 0.966250 0.385291 0.032698 0.031072
0 0.529555 0.300079 0.042055 0.036372
0 0.849555 0.379419 0.032287 0.030459
0 0.966072 0.454012 0.024482 0.025075
0 0.863660 0.762614 0.032356 0.030682
0 0.356760 0.773033 0.053024 0.048147
0 0.724776 0.436251 0.036792 0.032278
0 0.706067 0.764190 0.066172 0.058861
0 0.657053 0.568014 0.158567 0.140555
0 0.515754 0.097113 0.036336 0.032492
0 0.944101 0.927136 0.078172 0.073596
0 0.797780 0.745231 0.030528 0.027681
0 0.963273 0.520884 0.022900 0.022165
0 0.078751 0.588878 0.105457 0.090563
0 0.903039 0.627713 0.036988 0.034845
0 0.408976 0.416744 0.039170 0.034384
0 0.506638 0.898515 0.065765 0.057419
0 0.987691 0.463527 0.022209 0.021400
0 0.348495 0.175674 0.030549 0.028363
0 0.490220 0.982454 0.087861 0.034797
0 0.750787 0.446059 0.033733 0.030544
0 0.434683 0.397089 0.033203 0.031779
0 0.570521 0.032535 0.022146 0.021654
0 0.009805 0.184764 0.019611 0.055664
0 0.964692 0.458848 0.070616 0.092301
0 0.291962 0.389993 0.084257 0.075673
0 0.089223 0.986165 0.042558 0.027670
0 0.188435 0.184003 0.033087 0.031602
