0 0.804367 0.211591 0.163251 0.162276
0 0.594749 0.721322 0.085066 0.085863
0 0.689503 0.938027 0.032253 0.032485
0 0.138926 0.222007 0.024622 0.024882
0 0.443746 0.619243 0.026365 0.026970
0 0.083988 0.356606 0.027231 0.027393
0 0.276122 0.274808 0.025839 0.025663
0 0.417274 0.488225 0.031443 0.031112
0 0.107127 0.483292 0.058874 0.058966
0 0.266662 0.649986 0.022557 0.022781
0 0.135919 0.564747 0.031858 0.032039
0 0.123088 0.296516 0.024484 0.024552
0 0.537735 0.206679 0.023814 0.024191
0 0.928967 0.868531 0.023959 0.023494
0 0.167390 0.754543 0.035504 0.035015
0 0.811540 0.886877 0.029715 0.029680
0 0.522062 0.250879 0.290980 0.282293
0 0.568875 0.458088 0.023111 0.022873
0 0.481837 0.851633 0.036966 0.037159
0 0.278948 0.337943 0.026003 0.026198
0 0.049086 0.193064 0.024849 0.024961
0 0.781570 0.693126 0.054953 0.056181
0 0.955409 0.431425 0.044440 0.044580
0 0.897379 0.012324 0.030280 0.024467
0 0.508669 0.027249 0.071124 0.054499
0 0.608934 0.380924 0.028860 0.029116
0 0.023964 0.438285 0.023751 0.023754
0 0.161058 0.577315 0.025929 0.025954
0 0.035088 0.729261 0.034983 0.035527
0 0.607543 0.425276 0.023140 0.023245
0 0.148646 0.989767 0.021695 0.020467
0 0.242195 0.321893 0.022415 0.022436
0 0.943752 0.898987 0.025064 0.024918
0 0.046620 0.448722 0.026497 0.026671
0 0.923460 0.590041 0.021521 0.021908
0 0.441448 0.843830 0.041604 0.041075
0 0.318062 0.841168 0.025568 0.024990
0 0.845528 0.738144 0.023699 0.024143
0 0.674197 0.782167 0.062841 0.062368
0 0.944332 0.749774 0.020208 0.020460
0 0.490410 0.082680 0.038161 0.038945
0 0.363340 0.457006 0.020227 0.020688
0 0.008755 0.294272 0.017420 0.022500
0 0.808048 0.551249 0.021399 0.022898
0 0.690551 0.137469 0.020863 0.020852
0 0.769159 0.348652 0.022483 0.023041
0 0.910675 0.969864 0.036430 0.037585
0 0.903355 0.949937 0.024475 0.024338
0 0.086690 0.947766 0.020354 0.020545
0 0.009172 0.411832 0.017757 0.019872
0 0.249810 0.129021 0.123189 0.122296
0 0.874188 0.560809 0.020996 0.020646
0 0.912059 0.673679 0.022564 0.023035
0 0.615171 0.106307 0.052420 0.052647
0 0.911659 0.576277 0.021051 0.020516
0 0.633663 0.979264 0.031005 0.031013
0 0.214193 0.295669 0.019326 0.019586
0 0.255101 0.393663 0.020370 0.020663
0 0.222236 0.613047 0.024914 0.024939
0 0.941073 0.082226 0.027739 0.027196
0 0.835726 0.677860 0.019173 0.019071
0 0.731099 0.770212 0.019988 0.020261
0 0.941935 0.954010 0.024804 0.024806
0 0.329183 0.030500 0.018553 0.019564
0 0.404343 0.544152 0.032966 0.032885
0 0.649740 0.852055 0.018232 0.018224
0 0.982832 0.919052 0.033955 0.079452
0 0.537522 0.561047 0.116913 0.115165
0 0.932531 0.619702 0.020581 0.020562
0 0.314896 0.879830 0.020811 0.020731
0 0.571213 0.773068 0.018755 0.018855
0 0.036843 0.321202 0.022580 0.023020
0 0.881734 0.319717 0.104431 0.105025
0 0.177210 0.957232 0.019640 0.019847
0 0.681726 0.568778 0.091427 0.089194
0 0.318877 0.376705 0.020655 0.020657
0 0.317969 0.046975 0.237977 0.093949
0 0.359515 0.847135 0.035949 0.034600
0 0.453314 0.804103 0.019175 0.019938
0 0.117329 0.989618 0.017942 0.017874
0 0.693737 0.487330 0.218362 0.223660
0 0.939786 0.045901 0.087018 0.082434
0 0.934016 0.375283 0.019082 0.019146
0 0.273522 0.472008 0.058379 0.058111
0 0.886645 0.088292 0.020696 0.021107
0 0.274790 0.441030 0.027951 0.029699
0 0.359691 0.980224 0.017635 0.017593
0 0.391276 0.608972 0.019419 0.019660
0 0.741787 0.609961 0.050233 0.050444
0 0.913231 0.179866 0.173538 0.210063
