0 0.202972 0.116182 0.116024 0.114595
0 0.525950 0.491629 0.037169 0.037227
0 0.165007 0.524546 0.071337 0.070457
0 0.711618 0.447509 0.042280 0.042208
0 0.113426 0.229858 0.055005 0.054814
0 0.591663 0.145277 0.034650 0.034074
0 0.239796 0.542291 0.036907 0.036146
0 0.164956 0.905177 0.041108 0.040160
0 0.759815 0.950176 0.036351 0.036095
0 0.544482 0.424829 0.027880 0.028106
0 0.554287 0.031856 0.030674 0.030843
0 0.527261 0.400696 0.027945 0.028187
0 0.025671 0.462180 0.032637 0.031644
0 0.518796 0.096146 0.026458 0.026171
0 0.563524 0.138161 0.025140 0.024688
0 0.659778 0.823617 0.032201 0.032012
0 0.886728 0.666651 0.029768 0.030648
0 0.625180 0.988850 0.027949 0.022300
0 0.513987 0.380093 0.024561 0.024359
0 0.933030 0.488653 0.032308 0.032473
0 0.496072 0.587235 0.073460 0.073363
0 0.520102 0.543993 0.024633 0.024977
0 0.727051 0.522600 0.028814 0.028378
0 0.382658 0.041171 0.022987 0.022732
0 0.592704 0.892632 0.029444 0.029291
0 0.628622 0.901114 0.026310 0.027182
0 0.571130 0.942505 0.030014 0.029766
0 0.493930 0.744166 0.026191 0.026157
0 0.373025 0.062202 0.024619 0.024827
0 0.596146 0.703174 0.023579 0.023811
0 0.579496 0.594551 0.022613 0.022723
0 0.278762 0.662230 0.022231 0.022301
0 0.089101 0.268913 0.022756 0.023413
0 0.570567 0.812335 0.022268 0.022029
0 0.580091 0.108001 0.022228 0.022226
0 0.922182 0.467261 0.028227 0.030554
0 0.591836 0.547960 0.060172 0.060474
0 0.189286 0.763691 0.025318 0.025101
0 0.681427 0.950395 0.023664 0.023308
0 0.537000 0.560236 0.037158 0.038366
0 0.265134 0.299596 0.036375 0.036183
0 0.191881 0.933349 0.028375 0.028993
0 0.173071 0.260292 0.079690 0.078945
0 0.250717 0.877195 0.026144 0.026465
0 0.171090 0.185298 0.044032 0.043945
