0 0.481975 0.401038 0.021870 0.022353
0 0.040470 0.496481 0.021284 0.021215
0 0.373423 0.524521 0.122511 0.122234
0 0.320804 0.453365 0.030031 0.030176
0 0.339340 0.748215 0.033671 0.033805
0 0.516933 0.479914 0.025185 0.024996
0 0.283331 0.370856 0.027168 0.027339
0 0.674457 0.720002 0.059615 0.059738
0 0.921956 0.660672 0.060231 0.060023
0 0.750432 0.650726 0.036497 0.036589
0 0.579931 0.619930 0.046420 0.046369
0 0.495838 0.273923 0.030123 0.030189
0 0.029760 0.149828 0.022962 0.022644
0 0.314783 0.389338 0.030528 0.030060
0 0.079702 0.700725 0.064930 0.064534
0 0.444523 0.397385 0.026031 0.026154
0 0.309204 0.630716 0.032750 0.033234
0 0.848116 0.327676 0.035351 0.035803
0 0.452985 0.622568 0.024828 0.025009
0 0.387284 0.074523 0.039170 0.039486
0 0.920736 0.351883 0.039948 0.040122
0 0.444891 0.676231 0.030258 0.030615
0 0.126312 0.822779 0.072438 0.072532
0 0.134780 0.267858 0.032860 0.032925
0 0.102999 0.524663 0.034115 0.034126
0 0.616391 0.361277 0.021036 0.021217
0 0.248553 0.875885 0.029561 0.028931
0 0.713906 0.413042 0.046605 0.046989
0 0.487420 0.233059 0.030444 0.029953
0 0.220862 0.360871 0.045229 0.045562
0 0.646265 0.809935 0.030593 0.030318
0 0.766877 0.524077 0.041784 0.041804
0 0.306009 0.909755 0.026065 0.026333
0 0.744779 0.058244 0.026989 0.026433
0 0.170465 0.347301 0.045061 0.044611
0 0.430685 0.325711 0.052084 0.052794
0 0.691683 0.902670 0.052175 0.051993
0 0.696118 0.161125 0.062151 0.061661
0 0.585207 0.499481 0.046615 0.045795
0 0.095478 0.964614 0.053419 0.053189
0 0.750700 0.469085 0.050636 0.050629
0 0.989081 0.607227 0.021838 0.028222
0 0.210346 0.850398 0.027843 0.027625
0 0.010057 0.089139 0.020113 0.025804
0 0.581821 0.471707 0.035822 0.036880
0 0.166978 0.451134 0.035473 0.034773
0 0.199720 0.023234 0.020880 0.021328
0 0.023529 0.352806 0.047059 0.057245
0 0.138719 0.167799 0.046457 0.047005
0 0.131256 0.421569 0.069158 0.070174
0 0.178480 0.861759 0.036864 0.037247
0 0.341666 0.835553 0.028460 0.029048
0 0.014450 0.415732 0.027974 0.027752
0 0.306534 0.488155 0.020807 0.021308
0 0.884741 0.919451 0.064025 0.065637
0 0.704373 0.348682 0.019008 0.019165
0 0.444470 0.968141 0.024532 0.023686
0 0.463212 0.347809 0.020230 0.020417
0 0.741142 0.026397 0.036604 0.037496
0 0.652337 0.371362 0.029926 0.030685
0 0.226136 0.551356 0.024103 0.024085
0 0.104487 0.393971 0.034030 0.034402
0 0.366922 0.901836 0.059279 0.059343
0 0.867488 0.581086 0.037560 0.037758
0 0.550133 0.536508 0.026179 0.026098
0 0.526976 0.701657 0.022580 0.022675
0 0.484219 0.841000 0.022561 0.022385
0 0.403469 0.599885 0.049894 0.049158
0 0.105008 0.369430 0.033417 0.032645
0 0.070509 0.215332 0.020631 0.020279
0 0.201712 0.328912 0.022317 0.021881
0 0.352891 0.864645 0.027684 0.029266
0 0.557421 0.882620 0.038483 0.037173
0 0.058843 0.354842 0.020652 0.020960
0 0.364014 0.604329 0.019090 0.019112
0 0.668540 0.011115 0.036281 0.022229
0 0.028740 0.848432 0.026533 0.026207
0 0.206407 0.429579 0.048127 0.047614
0 0.413514 0.395573 0.024280 0.024650
0 0.987584 0.742859 0.024832 0.037688
0 0.826741 0.172016 0.023309 0.023025
0 0.615284 0.431691 0.020723 0.020963
0 0.329503 0.650812 0.025070 0.025079
0 0.280789 0.523153 0.022080 0.021730
0 0.048511 0.381626 0.042224 0.041585
0 0.241163 0.504859 0.021918 0.021754
0 0.893377 0.464230 0.023895 0.024276
0 0.337749 0.792171 0.019808 0.019943
0 0.875842 0.254827 0.019450 0.019673
0 0.988871 0.890239 0.019461 0.019843
0 0.795213 0.496754 0.053426 0.053030
0 0.478318 0.054489 0.019486 0.019512
0 0.559889 0.860512 0.036353 0.035187
0 0.982624 0.718496 0.021078 0.021255
0 0.382976 0.821572 0.055269 0.055898
0 0.276804 0.780067 0.045738 0.045488
0 0.710971 0.944574 0.034970 0.035298
0 0.763091 0.815317 0.030311 0.030453
0 0.532218 0.386369 0.036974 0.035841
0 0.821140 0.013196 0.044093 0.026391
0 0.620437 0.132830 0.024164 0.023818
0 0.306610 0.759031 0.029338 0.028876
0 0.279646 0.106118 0.022152 0.021959
0 0.067354 0.062725 0.019644 0.019706
0 0.278951 0.053706 0.038142 0.036491
0 0.026654 0.764102 0.022960 0.023028
0 0.252319 0.076895 0.033298 0.033282
0 0.026533 0.433726 0.018406 0.018449
0 0.451940 0.884955 0.022375 0.022697
0 0.711948 0.662689 0.019832 0.019817
0 0.404701 0.883982 0.024707 0.024709
0 0.898020 0.834938 0.045181 0.045165
0 0.215903 0.990988 0.037278 0.017478
0 0.270733 0.937709 0.020743 0.020605
0 0.005693 0.604923 0.011385 0.046212
0 0.243822 0.009547 0.023699 0.018941
0 0.091820 0.328445 0.018097 0.018251
0 0.297891 0.509871 0.017478 0.017346
0 0.242777 0.475947 0.028730 0.028566
0 0.282321 0.077786 0.020905 0.020632
0 0.803088 0.099853 0.081550 0.083316
0 0.804141 0.983225 0.045266 0.032702
0 0.340996 0.399597 0.020900 0.020888
0 0.148077 0.979120 0.069812 0.041761
0 0.216281 0.871419 0.026902 0.026828
0 0.360122 0.271345 0.035934 0.036392
0 0.095345 0.483943 0.068137 0.066728
0 0.990749 0.655276 0.017223 0.047246
0 0.131054 0.527152 0.017928 0.017733
0 0.410302 0.422034 0.027107 0.027514
0 0.958638 0.052497 0.081292 0.104551
0 0.462300 0.125917 0.019681 0.019979
0 0.785120 0.046014 0.048964 0.047226
0 0.041313 0.992308 0.034720 0.015051
0 0.620914 0.904811 0.028120 0.029276
0 0.657450 0.920304 0.039968 0.040176
0 0.635944 0.838903 0.029293 0.030686
0 0.311796 0.693473 0.099396 0.098117
0 0.992353 0.988081 0.014338 0.023837
0 0.972713 0.631125 0.029897 0.029710
0 0.871767 0.821500 0.021275 0.021781
0 0.340078 0.337216 0.163050 0.167839
0 0.308172 0.840226 0.039112 0.038899
0 0.975294 0.703060 0.018466 0.018554
0 0.586799 0.733794 0.019736 0.019923
0 0.099256 0.201122 0.068620 0.068046
0 0.900395 0.086004 0.081012 0.080019
0 0.462734 0.947154 0.045920 0.046271
