0 0.264553 0.194315 0.323459 0.245554
0 0.786832 0.189790 0.101008 0.073687
0 0.663350 0.928711 0.075356 0.062814
0 0.332025 0.320809 0.148312 0.110546
0 0.516651 0.963573 0.082518 0.066082
0 0.159411 0.839245 0.054059 0.041831
0 0.710310 0.891395 0.075805 0.055407
0 0.385976 0.393777 0.069669 0.054054
0 0.492860 0.785679 0.064838 0.052047
0 0.322385 0.900479 0.229343 0.176066
0 0.421883 0.564330 0.107737 0.085235
0 0.714305 0.443144 0.039188 0.029965
0 0.206189 0.368045 0.041455 0.032910
0 0.033718 0.206811 0.067058 0.075277
0 0.803425 0.124060 0.057890 0.046122
0 0.833665 0.651963 0.271537 0.187751
0 0.012449 0.550593 0.024829 0.041635
0 0.638886 0.372438 0.071787 0.055131
0 0.260422 0.595096 0.144085 0.100092
0 0.358085 0.585824 0.099431 0.079169
0 0.699226 0.987926 0.067978 0.023159
0 0.959181 0.402545 0.073592 0.058864
0 0.574743 0.175540 0.067139 0.053005
0 0.199132 0.941606 0.058519 0.041364
0 0.701682 0.721347 0.157706 0.129309
0 0.455024 0.990204 0.051720 0.018551
0 0.735746 0.143816 0.043089 0.032614
0 0.880592 0.858178 0.062804 0.048487
0 0.882215 0.060908 0.041715 0.033827
0 0.178262 0.300766 0.044027 0.036166
0 0.911902 0.444868 0.036943 0.028691
0 0.938168 0.303920 0.063774 0.049484
0 0.742192 0.052501 0.046442 0.036506
0 0.122970 0.498485 0.039342 0.030679
0 0.020173 0.268046 0.039770 0.074793
0 0.893913 0.133285 0.044096 0.035200
0 0.960474 0.983029 0.044576 0.032003
0 0.945482 0.207962 0.034702 0.025212
0 0.836613 0.012882 0.112245 0.025661
