0 0.265689 0.848560 0.326395 0.302880
0 0.570934 0.615200 0.090337 0.091678
0 0.710995 0.392445 0.263246 0.249254
0 0.246231 0.444129 0.124352 0.127008
0 0.511426 0.683740 0.038068 0.037356
0 0.054713 0.416442 0.026961 0.027499
0 0.760565 0.684580 0.034920 0.034643
0 0.162303 0.727362 0.083066 0.083096
0 0.394292 0.599518 0.025703 0.025344
0 0.733055 0.620804 0.037246 0.037379
0 0.467475 0.520097 0.027795 0.027597
0 0.600715 0.523739 0.030928 0.031432
0 0.106590 0.187252 0.097012 0.096944
0 0.523312 0.810254 0.022427 0.022526
0 0.276793 0.909252 0.024890 0.024995
0 0.866297 0.659433 0.029645 0.029780
0 0.844908 0.568238 0.024715 0.025873
0 0.984107 0.295973 0.025490 0.024900
0 0.821445 0.087713 0.025192 0.024740
0 0.331697 0.166717 0.075205 0.075592
0 0.432195 0.533144 0.023901 0.024123
0 0.580554 0.081979 0.055274 0.053837
0 0.142268 0.320949 0.021358 0.021211
0 0.061889 0.568242 0.026215 0.026437
0 0.561081 0.482042 0.064251 0.063345
0 0.321390 0.009227 0.029006 0.018455
0 0.841351 0.194019 0.046731 0.046621
0 0.798041 0.222254 0.035266 0.035280
0 0.868858 0.232313 0.029067 0.029107
0 0.143345 0.044945 0.167698 0.089354
0 0.652602 0.986771 0.022935 0.023028
0 0.722287 0.103387 0.024942 0.025426
0 0.972557 0.043608 0.020150 0.020248
0 0.395802 0.532725 0.021303 0.021532
0 0.551002 0.397584 0.103776 0.106949
0 0.765979 0.713914 0.024444 0.024020
0 0.840098 0.663122 0.025472 0.025939
0 0.816592 0.777527 0.020761 0.021047
0 0.849675 0.789892 0.021065 0.020754
0 0.137248 0.340212 0.021543 0.021792
0 0.038769 0.084896 0.076291 0.084096
0 0.590981 0.556205 0.039802 0.040292
0 0.023846 0.212662 0.047692 0.085685
0 0.527063 0.711044 0.025634 0.026034
0 0.261269 0.120798 0.058013 0.057793
0 0.106855 0.657467 0.023113 0.022652
0 0.425923 0.808575 0.019546 0.020166
0 0.522457 0.067682 0.020795 0.021011
0 0.041678 0.262932 0.019431 0.019162
0 0.703999 0.587242 0.030705 0.030910
0 0.209867 0.253717 0.021594 0.021699
0 0.051126 0.210932 0.020862 0.021546
0 0.039275 0.018004 0.074126 0.035942
0 0.090599 0.281280 0.019400 0.019305
0 0.447275 0.827215 0.019431 0.019752
0 0.510633 0.881908 0.020173 0.020283
0 0.789784 0.988837 0.047921 0.022326
