0 0.374160 0.365063 0.041969 0.036739
0 0.210059 0.305079 0.050514 0.040912
0 0.610312 0.389981 0.114045 0.086607
0 0.680506 0.306294 0.038199 0.032735
0 0.918870 0.246701 0.036454 0.030019
0 0.631120 0.127540 0.041025 0.032780
0 0.381194 0.284395 0.034923 0.030046
0 0.438380 0.374545 0.033974 0.028492
0 0.748015 0.490899 0.035629 0.028832
0 0.859051 0.177454 0.035852 0.027838
0 0.029706 0.714164 0.058979 0.133229
0 0.548097 0.918184 0.035140 0.028779
0 0.477082 0.937040 0.033299 0.025443
0 0.576173 0.416215 0.047392 0.039290
0 0.350064 0.572964 0.032610 0.026561
0 0.909448 0.501981 0.038291 0.031493
0 0.510421 0.912506 0.028574 0.025916
0 0.684267 0.178445 0.028785 0.025789
0 0.663153 0.113081 0.030674 0.026046
0 0.006688 0.046884 0.013377 0.038325
0 0.511914 0.941367 0.028907 0.023298
