0 0.663982 0.750282 0.066463 0.058238
0 0.493932 0.064231 0.081124 0.069162
0 0.714577 0.464973 0.061741 0.054604
0 0.645848 0.291908 0.045772 0.041370
0 0.426566 0.162497 0.102819 0.087758
0 0.407826 0.538047 0.056489 0.046556
0 0.155004 0.899003 0.151146 0.118160
0 0.531605 0.037403 0.043451 0.037960
0 0.620317 0.427129 0.080389 0.073323
0 0.287469 0.262280 0.068702 0.058774
0 0.447785 0.355609 0.040326 0.031939
0 0.174505 0.284367 0.242989 0.204283
0 0.574186 0.106022 0.038286 0.030797
0 0.442650 0.484900 0.078861 0.064225
0 0.341976 0.523889 0.066613 0.055023
0 0.120904 0.359975 0.133223 0.112379
0 0.389839 0.507850 0.044967 0.035585
0 0.200855 0.447760 0.083420 0.067467
0 0.416520 0.430993 0.053918 0.043735
0 0.298116 0.553408 0.034182 0.029557
0 0.340313 0.464139 0.110790 0.088886
0 0.547910 0.410310 0.103262 0.089348
0 0.251170 0.405208 0.050130 0.043728
0 0.943961 0.328279 0.025931 0.025534
0 0.040126 0.941069 0.079617 0.068285
0 0.663301 0.087464 0.062070 0.052287
0 0.611002 0.137064 0.036172 0.030818
0 0.129325 0.795704 0.061559 0.049345
0 0.578232 0.654819 0.032195 0.028884
0 0.113899 0.968757 0.056935 0.047301
0 0.613098 0.505736 0.075148 0.062973
0 0.503320 0.208530 0.102050 0.085606
0 0.294283 0.405571 0.054109 0.048329
0 0.538196 0.901625 0.026456 0.024780
0 0.301333 0.175641 0.139316 0.114322
0 0.286285 0.528393 0.048801 0.041942
0 0.723809 0.024230 0.101444 0.048460
0 0.963820 0.806598 0.041825 0.037594
0 0.020431 0.811022 0.033662 0.027630
0 0.106109 0.650473 0.027127 0.025120
0 0.500024 0.116307 0.111417 0.090721
0 0.370282 0.262130 0.094154 0.075436
0 0.353472 0.309181 0.032322 0.029619
0 0.510215 0.296754 0.042761 0.036280
0 0.576179 0.461982 0.057818 0.051128
0 0.517750 0.517792 0.030927 0.026406
0 0.208501 0.727273 0.197392 0.155132
0 0.894384 0.939771 0.030016 0.025471
0 0.486987 0.916649 0.023744 0.021846
0 0.768085 0.088556 0.032645 0.029257
0 0.567636 0.344307 0.028032 0.023939
0 0.401944 0.333656 0.055379 0.044480
0 0.912474 0.844510 0.031784 0.028993
0 0.210841 0.989144 0.028155 0.021713
0 0.752097 0.051609 0.032352 0.026946
0 0.650241 0.054037 0.092712 0.080550
0 0.664055 0.576724 0.027471 0.025562
