0 0.195224 0.070467 0.032246 0.031613
0 0.584495 0.133264 0.076455 0.075249
0 0.868787 0.223673 0.031886 0.032089
0 0.912833 0.869516 0.026436 0.025739
0 0.380032 0.778458 0.034645 0.034557
0 0.508911 0.136457 0.032494 0.032241
0 0.157806 0.941861 0.065488 0.065336
0 0.532258 0.259921 0.052639 0.051814
0 0.221323 0.858696 0.030785 0.030237
0 0.077556 0.775860 0.117214 0.117288
0 0.321358 0.722761 0.043081 0.043057
0 0.257844 0.328254 0.044483 0.045136
0 0.785045 0.969069 0.026583 0.026655
0 0.249225 0.937561 0.033018 0.032996
0 0.856874 0.850314 0.041837 0.041996
0 0.191922 0.636157 0.046956 0.046946
0 0.349625 0.888423 0.026703 0.026147
0 0.793664 0.661112 0.028311 0.028363
0 0.504272 0.549312 0.088548 0.088845
0 0.733474 0.404629 0.031199 0.031247
0 0.615392 0.736103 0.025587 0.025151
0 0.907947 0.675566 0.037292 0.036511
0 0.132204 0.900075 0.047797 0.046128
0 0.436632 0.632505 0.047495 0.047679
0 0.685561 0.762652 0.032290 0.031726
0 0.171797 0.421971 0.341392 0.387441
0 0.223584 0.948032 0.024309 0.024172
0 0.828432 0.749598 0.023816 0.023356
0 0.530747 0.320708 0.027736 0.027716
0 0.266669 0.714374 0.030061 0.029555
0 0.952588 0.407081 0.058910 0.059359
0 0.439845 0.689394 0.054687 0.053067
0 0.304634 0.792256 0.035569 0.035500
0 0.297389 0.615863 0.040358 0.040932
0 0.365318 0.458832 0.024331 0.024195
0 0.566917 0.779758 0.032963 0.032938
0 0.729699 0.108077 0.025408 0.025773
0 0.868846 0.693853 0.042958 0.043794
0 0.375019 0.831030 0.025316 0.025164
0 0.913589 0.247879 0.022478 0.022026
0 0.485340 0.681985 0.035759 0.035483
0 0.208825 0.017241 0.020856 0.020113
0 0.085458 0.232838 0.024303 0.024569
0 0.659392 0.530553 0.025237 0.025002
0 0.276996 0.641946 0.050981 0.051354
0 0.438157 0.383648 0.022235 0.022166
0 0.348406 0.090275 0.020964 0.020706
0 0.851980 0.823520 0.059466 0.060398
0 0.159939 0.017220 0.021261 0.021146
0 0.444069 0.096643 0.023605 0.023880
0 0.878209 0.806307 0.021591 0.022177
0 0.493301 0.983339 0.020621 0.020818
0 0.785926 0.947413 0.021952 0.021104
0 0.783555 0.760679 0.065324 0.065317
0 0.246293 0.617334 0.036788 0.036820
0 0.956592 0.685492 0.049654 0.048346
0 0.491391 0.773099 0.025856 0.026204
0 0.047232 0.400314 0.024162 0.024020
0 0.948316 0.780457 0.021730 0.021812
0 0.369142 0.708756 0.021432 0.021544
0 0.925886 0.006533 0.021972 0.013067
0 0.007333 0.119385 0.014489 0.024931
0 0.353435 0.853096 0.021035 0.021017
0 0.639795 0.037629 0.020243 0.019560
0 0.327664 0.545140 0.049927 0.049905
0 0.360546 0.593630 0.045276 0.045516
0 0.860007 0.260374 0.018584 0.018406
0 0.059993 0.942047 0.119415 0.114989
