0 0.082278 0.411801 0.030209 0.029959
0 0.056965 0.571377 0.023393 0.023667
0 0.166672 0.376740 0.049416 0.049032
0 0.125256 0.584632 0.133248 0.133054
0 0.880147 0.810398 0.032103 0.031699
0 0.268236 0.978369 0.050801 0.043261
0 0.195688 0.655787 0.074086 0.073560
0 0.638362 0.624389 0.032434 0.032179
0 0.068635 0.658942 0.052581 0.051672
0 0.857893 0.954012 0.034607 0.034726
0 0.851529 0.762224 0.026817 0.027110
0 0.266805 0.563205 0.223970 0.220753
0 0.319887 0.351841 0.023818 0.023949
0 0.641818 0.705097 0.037607 0.037529
0 0.946484 0.492646 0.028515 0.028674
0 0.833560 0.880193 0.032096 0.032187
0 0.263098 0.910989 0.019500 0.019763
0 0.831961 0.539990 0.021619 0.021720
0 0.902754 0.094519 0.106596 0.109295
0 0.611334 0.943761 0.055172 0.056605
0 0.264546 0.826227 0.019734 0.019701
0 0.653744 0.657981 0.031509 0.032148
0 0.780899 0.625526 0.055860 0.056269
0 0.890369 0.023890 0.035885 0.035060
0 0.793146 0.042365 0.079119 0.079482
0 0.196400 0.711388 0.041373 0.041539
0 0.887035 0.970980 0.026459 0.025668
0 0.008503 0.908375 0.016681 0.039397
0 0.626387 0.733392 0.018658 0.018911
0 0.317607 0.952562 0.061134 0.062899
0 0.054419 0.451933 0.055239 0.055849
0 0.597993 0.626732 0.034569 0.034850
0 0.522968 0.711341 0.022023 0.022109
0 0.448401 0.623327 0.120652 0.120033
0 0.577188 0.060441 0.042449 0.041234
0 0.802788 0.115600 0.032305 0.032452
0 0.263587 0.172514 0.022697 0.022056
