0 0.424601 0.209004 0.047704 0.047714
0 0.637326 0.658574 0.031345 0.030961
0 0.954342 0.943706 0.036905 0.036784
0 0.475911 0.042887 0.026560 0.026626
0 0.716208 0.060622 0.029313 0.029225
0 0.635043 0.895579 0.051449 0.051708
0 0.381029 0.769899 0.035702 0.035434
0 0.585436 0.606409 0.029524 0.029504
0 0.157599 0.903403 0.032258 0.032424
0 0.846337 0.867227 0.030512 0.030692
0 0.535312 0.159075 0.037507 0.037255
0 0.792159 0.710301 0.042198 0.042491
0 0.388478 0.537869 0.052910 0.053395
0 0.393440 0.380155 0.036308 0.035771
0 0.085707 0.339809 0.081894 0.083508
0 0.760021 0.858842 0.027060 0.026948
0 0.272704 0.148436 0.024159 0.024339
0 0.151505 0.088414 0.024637 0.025164
0 0.587494 0.297751 0.025530 0.025401
0 0.557475 0.619527 0.023640 0.023755
0 0.864452 0.564251 0.037834 0.038147
0 0.623527 0.701114 0.023937 0.023772
0 0.559484 0.247467 0.022066 0.022019
0 0.836257 0.838597 0.031289 0.032202
0 0.591051 0.527410 0.023957 0.023990
0 0.719486 0.481832 0.029262 0.027726
0 0.359351 0.648247 0.024328 0.024469
0 0.417851 0.658122 0.025613 0.025706
0 0.821550 0.731425 0.029148 0.028366
0 0.556865 0.825086 0.031520 0.031425
0 0.119025 0.010308 0.024860 0.020616
0 0.862339 0.597255 0.027496 0.027369
0 0.855000 0.143188 0.288674 0.286376
0 0.977715 0.816131 0.044571 0.055680
0 0.262565 0.244606 0.024279 0.024840
0 0.621820 0.963642 0.020824 0.021001
0 0.429146 0.809014 0.066692 0.066942
0 0.514724 0.493715 0.024558 0.024778
0 0.020589 0.253724 0.038757 0.039796
0 0.457364 0.275054 0.022910 0.023241
0 0.046114 0.086557 0.033521 0.033040
0 0.151284 0.173090 0.032481 0.032633
0 0.408178 0.019305 0.035429 0.035661
0 0.529837 0.266048 0.028861 0.028477
0 0.314566 0.282025 0.040957 0.040764
0 0.649501 0.422091 0.022917 0.022538
0 0.047915 0.498095 0.095829 0.112191
0 0.170120 0.102683 0.023656 0.023667
0 0.493079 0.482101 0.024092 0.024004
0 0.398749 0.601497 0.041204 0.041291
0 0.205648 0.120503 0.023757 0.023967
0 0.424063 0.701324 0.022287 0.022698
0 0.077486 0.799373 0.050380 0.049457
0 0.921776 0.762195 0.022209 0.021971
0 0.586564 0.245704 0.022238 0.022071
0 0.058224 0.132755 0.033490 0.033446
0 0.737518 0.617568 0.021386 0.021607
0 0.306464 0.330582 0.020706 0.020667
0 0.522175 0.430247 0.024407 0.024669
0 0.706746 0.502424 0.024755 0.024253
0 0.662821 0.475599 0.022069 0.021866
0 0.357508 0.184045 0.025316 0.024812
0 0.331522 0.835472 0.025385 0.025591
0 0.494020 0.301711 0.024822 0.024974
0 0.728568 0.470460 0.136075 0.133369
0 0.477268 0.670569 0.043049 0.042962
0 0.712341 0.356136 0.032803 0.033027
0 0.867994 0.485705 0.150304 0.149813
0 0.134082 0.065906 0.023970 0.024831
0 0.528504 0.340900 0.023866 0.023662
0 0.410421 0.581912 0.032218 0.031824
0 0.441784 0.738116 0.020297 0.020415
0 0.812083 0.867901 0.018829 0.019559
0 0.859202 0.334887 0.042721 0.042048
0 0.886217 0.246680 0.019233 0.019824
0 0.724609 0.913500 0.019776 0.019623
0 0.333875 0.679056 0.022652 0.022646
0 0.114950 0.048582 0.021193 0.021353
0 0.859568 0.844281 0.022486 0.022301
0 0.210877 0.099548 0.026640 0.026384
0 0.950720 0.835077 0.020850 0.021245
0 0.048577 0.347532 0.096222 0.180112
0 0.213049 0.280550 0.053395 0.055254
0 0.008437 0.923474 0.016873 0.020599
0 0.697472 0.882422 0.018867 0.018747
0 0.988489 0.990211 0.022134 0.019578
0 0.191735 0.139401 0.022163 0.022737
0 0.190326 0.105863 0.017667 0.020132
0 0.571208 0.108965 0.043408 0.043283
0 0.701700 0.920659 0.018042 0.017965
0 0.433678 0.033547 0.026211 0.026086
0 0.314161 0.035882 0.019718 0.019170
0 0.940939 0.665646 0.018798 0.018463
0 0.474409 0.655920 0.029955 0.026136
0 0.076744 0.852194 0.020078 0.020553
0 0.316266 0.966612 0.030482 0.031098
0 0.394925 0.648379 0.025175 0.025124
0 0.023813 0.134182 0.019461 0.019461
0 0.800987 0.426848 0.023878 0.024658
0 0.181675 0.153588 0.334437 0.305514
0 0.973183 0.326167 0.019986 0.020433
0 0.103172 0.170954 0.055659 0.054803
0 0.462276 0.363476 0.023408 0.024442
0 0.979030 0.461940 0.024989 0.025355
0 0.157200 0.870766 0.025404 0.025457
0 0.006653 0.800722 0.013150 0.028360
0 0.013948 0.073781 0.019700 0.019111
0 0.974912 0.498989 0.047495 0.051394
0 0.541290 0.540267 0.020286 0.020239
0 0.230279 0.236113 0.023947 0.025807
0 0.336583 0.212464 0.023320 0.023809
0 0.469345 0.008591 0.029985 0.017177
0 0.605148 0.500498 0.032643 0.032326
0 0.350456 0.968948 0.026937 0.027408
0 0.521714 0.315606 0.029774 0.030347
0 0.464878 0.081585 0.020166 0.020141
0 0.782044 0.309554 0.096855 0.097224
0 0.994037 0.569791 0.011925 0.022653
0 0.523526 0.303741 0.022431 0.021295
0 0.092759 0.608097 0.025868 0.025473
0 0.079262 0.016668 0.023534 0.023468
