0 0.721739 0.202105 0.039943 0.037788
0 0.657881 0.718732 0.038155 0.038002
0 0.084916 0.588155 0.060950 0.058797
0 0.679731 0.426740 0.033752 0.032530
0 0.379233 0.836946 0.032926 0.030641
0 0.307564 0.949843 0.057537 0.054510
0 0.631439 0.671972 0.025862 0.024554
0 0.075081 0.836822 0.025861 0.025631
0 0.680700 0.128751 0.025094 0.024629
0 0.123912 0.042545 0.027250 0.026237
0 0.094386 0.660760 0.057292 0.053455
0 0.391938 0.534715 0.078695 0.072027
0 0.342368 0.029058 0.074401 0.057361
0 0.239438 0.992949 0.029408 0.014101
0 0.049692 0.302050 0.044657 0.041102
0 0.594018 0.990182 0.038092 0.019637
0 0.674375 0.987703 0.056102 0.024593
0 0.802008 0.535317 0.041706 0.040358
0 0.451655 0.267492 0.031348 0.028228
