0 0.640897 0.278011 0.149041 0.118146
0 0.840264 0.376339 0.210817 0.162194
0 0.211577 0.863653 0.041049 0.034873
0 0.224840 0.796479 0.048098 0.039179
0 0.920650 0.954650 0.053619 0.040017
0 0.684758 0.747213 0.482486 0.364994
0 0.111160 0.378334 0.047446 0.038743
0 0.199036 0.672521 0.260076 0.199786
0 0.493529 0.512674 0.235511 0.188373
0 0.932873 0.069116 0.134254 0.131900
0 0.034923 0.810692 0.069128 0.082550
0 0.039050 0.313690 0.078100 0.082859
0 0.536396 0.497116 0.042976 0.034035
0 0.376835 0.895178 0.040591 0.034425
0 0.128901 0.582986 0.036857 0.032383
0 0.880990 0.986953 0.048479 0.025362
0 0.745669 0.053655 0.251946 0.107311
0 0.018334 0.392466 0.036667 0.036534
0 0.347884 0.759778 0.114084 0.096628
0 0.701683 0.120413 0.060400 0.041349
0 0.049876 0.459273 0.031655 0.026514
0 0.097241 0.856292 0.080099 0.068171
0 0.347373 0.288004 0.034767 0.030023
0 0.603255 0.930707 0.053081 0.043054
0 0.952342 0.875429 0.042906 0.035262
0 0.254934 0.093349 0.179354 0.147083
0 0.467189 0.987964 0.041258 0.023635
0 0.890313 0.204911 0.066727 0.056018
0 0.366524 0.448609 0.164027 0.135036
0 0.196091 0.741449 0.125513 0.102010
0 0.352145 0.227216 0.034155 0.029714
0 0.971474 0.903533 0.042657 0.034714
0 0.044757 0.247730 0.089515 0.128034
0 0.865126 0.956963 0.047876 0.034314
0 0.411300 0.798302 0.028920 0.026807
0 0.499001 0.382373 0.027244 0.024891
0 0.740653 0.794016 0.027810 0.025021
0 0.137710 0.254883 0.064754 0.047802
0 0.070717 0.017866 0.137337 0.035301
0 0.032309 0.364446 0.027164 0.023986
0 0.878846 0.930096 0.041155 0.033251
