0 0.851736 0.467199 0.156795 0.124142
0 0.651014 0.415931 0.085453 0.068654
0 0.128031 0.884421 0.071563 0.060743
0 0.641762 0.885535 0.078563 0.065855
0 0.497695 0.945378 0.178071 0.109244
0 0.529265 0.670989 0.048512 0.043534
0 0.546246 0.883962 0.085045 0.067205
0 0.949791 0.739019 0.045255 0.038170
0 0.512274 0.545585 0.054108 0.044494
0 0.264947 0.946756 0.074952 0.059878
0 0.728212 0.540997 0.045449 0.039417
0 0.353312 0.935937 0.037753 0.032498
0 0.643960 0.085408 0.040717 0.034897
0 0.672514 0.626936 0.026496 0.024782
0 0.491694 0.229771 0.043633 0.040890
0 0.968827 0.940508 0.062346 0.080256
0 0.692745 0.381983 0.036020 0.032757
0 0.244980 0.639863 0.039308 0.034517
0 0.537210 0.516927 0.033161 0.027924
0 0.632284 0.053642 0.050542 0.040468
0 0.174823 0.334426 0.066452 0.054757
0 0.243109 0.343807 0.058115 0.050922
0 0.065719 0.884840 0.036990 0.033607
0 0.854884 0.748661 0.031742 0.026824
0 0.568047 0.248088 0.036653 0.031331
0 0.524393 0.073754 0.048061 0.041363
0 0.315611 0.934542 0.031577 0.025011
0 0.253069 0.445429 0.097042 0.086409
0 0.309595 0.704495 0.056120 0.046844
0 0.331421 0.189259 0.052471 0.043712
0 0.206836 0.868018 0.031957 0.029439
0 0.815831 0.975733 0.175436 0.048534
0 0.568279 0.474756 0.040531 0.034976
0 0.026543 0.079253 0.052218 0.050574
0 0.828702 0.155990 0.037932 0.031452
0 0.036084 0.845271 0.048428 0.044247
0 0.514051 0.921288 0.036397 0.032771
0 0.118656 0.187663 0.038582 0.032466
0 0.381001 0.505280 0.029683 0.028099
0 0.528587 0.101610 0.036963 0.031873
0 0.971969 0.674950 0.055029 0.086313
0 0.607576 0.343176 0.043205 0.037253
0 0.295341 0.304395 0.024354 0.023774
0 0.313665 0.129192 0.051420 0.041757
0 0.135324 0.215089 0.270633 0.254487
0 0.180192 0.728079 0.038729 0.035075
0 0.461684 0.174140 0.096025 0.085771
0 0.712032 0.132831 0.061891 0.050518
0 0.678030 0.746929 0.030528 0.027317
0 0.491147 0.618618 0.024471 0.023081
