0 0.289681 0.056089 0.022880 0.023523
0 0.141690 0.036219 0.027322 0.027549
0 0.423384 0.101501 0.052211 0.052031
0 0.143211 0.297130 0.038963 0.039029
0 0.430526 0.676587 0.037214 0.036910
0 0.151893 0.575979 0.066135 0.066476
0 0.367262 0.494781 0.024283 0.024679
0 0.213564 0.154162 0.026912 0.026984
0 0.065374 0.121708 0.030147 0.030736
0 0.530390 0.035459 0.050476 0.050049
0 0.912042 0.348294 0.025231 0.025412
0 0.923188 0.426016 0.026472 0.026849
0 0.104712 0.131508 0.030311 0.030678
0 0.152428 0.759156 0.024721 0.024553
0 0.622596 0.439736 0.029030 0.028964
0 0.069934 0.423102 0.025329 0.025625
0 0.605052 0.009079 0.036998 0.018040
0 0.850304 0.171403 0.028292 0.028784
0 0.038954 0.509580 0.023706 0.023573
0 0.088542 0.660287 0.028340 0.028401
0 0.617319 0.566797 0.033256 0.033111
0 0.092842 0.007584 0.031217 0.014842
0 0.640918 0.859962 0.036414 0.035944
0 0.091437 0.278399 0.021916 0.022046
0 0.091731 0.514209 0.033272 0.033350
0 0.259344 0.615129 0.040842 0.040495
0 0.048650 0.391158 0.041633 0.041736
0 0.114068 0.640698 0.026520 0.026166
0 0.245295 0.096655 0.026585 0.027040
0 0.035078 0.194718 0.022128 0.021721
0 0.117536 0.479667 0.022099 0.022078
0 0.092436 0.229744 0.021913 0.021734
0 0.428475 0.151848 0.020238 0.019911
0 0.505043 0.104891 0.023903 0.023692
0 0.275667 0.479897 0.051442 0.050953
0 0.628939 0.943228 0.249295 0.113057
0 0.023066 0.557010 0.022010 0.022269
0 0.296270 0.134720 0.020545 0.020569
0 0.494480 0.074599 0.022957 0.022222
0 0.149766 0.423490 0.020192 0.020055
0 0.065041 0.628841 0.025908 0.025946
0 0.013985 0.163207 0.020453 0.019750
0 0.209115 0.465597 0.021358 0.021824
0 0.883189 0.236469 0.026888 0.026653
0 0.222168 0.714428 0.019369 0.019337
0 0.823281 0.820427 0.021516 0.021243
0 0.911272 0.588601 0.018954 0.018812
0 0.919957 0.973144 0.063727 0.053712
0 0.398837 0.082628 0.020370 0.019878
0 0.339146 0.156045 0.022363 0.022504
0 0.121520 0.600357 0.020039 0.020589
0 0.958709 0.461586 0.023596 0.023572
0 0.115533 0.526373 0.020639 0.020563
0 0.624325 0.142000 0.069992 0.070576
0 0.107666 0.908221 0.041910 0.042085
0 0.309676 0.729392 0.063967 0.065160
0 0.497906 0.331877 0.018734 0.018870
0 0.788816 0.915413 0.021260 0.021609
0 0.877438 0.116541 0.026701 0.027304
0 0.716519 0.574510 0.030088 0.030620
0 0.087871 0.566588 0.018655 0.018882
0 0.106489 0.038956 0.019338 0.019308
0 0.158852 0.404568 0.024004 0.025857
0 0.123042 0.155601 0.024634 0.025062
0 0.949511 0.903083 0.051973 0.052214
0 0.041218 0.185195 0.018665 0.019244
0 0.948047 0.418904 0.022624 0.022982
0 0.841863 0.590113 0.042767 0.043256
0 0.813651 0.109394 0.035996 0.036564
0 0.495469 0.019528 0.026752 0.026917
0 0.170436 0.536427 0.025209 0.025076
0 0.951774 0.223995 0.025363 0.025305
