0 0.384627 0.843049 0.349692 0.313901
0 0.303454 0.157019 0.024374 0.024156
0 0.773076 0.711804 0.023045 0.023004
0 0.819494 0.378539 0.027823 0.028070
0 0.833968 0.643601 0.026484 0.026083
0 0.878570 0.490687 0.032339 0.032284
0 0.741235 0.841603 0.026964 0.026826
0 0.896766 0.438948 0.045708 0.046197
0 0.890199 0.149533 0.217959 0.245219
0 0.704543 0.482466 0.053052 0.052900
0 0.780913 0.423934 0.033143 0.032588
0 0.863873 0.687630 0.032473 0.032865
0 0.237592 0.316886 0.037237 0.037242
0 0.822051 0.715360 0.032203 0.032272
0 0.752497 0.212103 0.024508 0.024081
0 0.584379 0.413793 0.044780 0.044736
0 0.888079 0.584868 0.027585 0.028059
0 0.856198 0.380001 0.020481 0.020884
0 0.568967 0.150739 0.030318 0.030533
0 0.240765 0.146308 0.033790 0.033858
0 0.589410 0.220376 0.027674 0.027449
0 0.499967 0.259010 0.051159 0.051284
0 0.847074 0.417787 0.033228 0.033752
0 0.269298 0.537135 0.063772 0.064825
0 0.311442 0.083501 0.077042 0.076527
0 0.931986 0.355641 0.063022 0.062679
0 0.076831 0.924926 0.031999 0.032266
0 0.500732 0.479011 0.038062 0.038135
0 0.679471 0.416424 0.023526 0.023460
0 0.474039 0.129346 0.029120 0.029628
0 0.547321 0.161998 0.026804 0.026126
0 0.080675 0.177634 0.054454 0.053706
0 0.587918 0.363245 0.026360 0.026430
0 0.955385 0.483936 0.025579 0.025383
0 0.521542 0.294966 0.034367 0.033316
0 0.323413 0.839306 0.041963 0.041805
0 0.683364 0.634295 0.085597 0.086033
0 0.413201 0.059225 0.034867 0.034882
0 0.668579 0.205332 0.038415 0.038370
0 0.666136 0.075985 0.027078 0.026940
0 0.391824 0.621289 0.251695 0.251315
0 0.691411 0.033577 0.030154 0.030310
0 0.263518 0.442845 0.096881 0.096985
0 0.547584 0.313364 0.036562 0.036301
0 0.500113 0.638383 0.028656 0.027947
0 0.147967 0.147845 0.103991 0.101971
0 0.125655 0.044811 0.022803 0.022545
0 0.889922 0.629152 0.023529 0.024107
0 0.707263 0.180018 0.021704 0.021848
0 0.713321 0.088342 0.057724 0.057519
0 0.865180 0.932076 0.024410 0.024783
0 0.426347 0.715073 0.048764 0.049458
0 0.633648 0.596607 0.022021 0.022143
0 0.846155 0.317155 0.021212 0.021233
0 0.770125 0.529885 0.049265 0.050083
0 0.784916 0.820629 0.020846 0.020832
0 0.382681 0.868635 0.024089 0.024594
0 0.849016 0.038769 0.227978 0.076505
0 0.885204 0.084304 0.028725 0.028654
0 0.525126 0.185503 0.022047 0.022302
0 0.054293 0.079536 0.108149 0.150517
0 0.013362 0.225588 0.026724 0.029039
0 0.025215 0.781859 0.023542 0.023514
0 0.320118 0.734238 0.106893 0.104071
0 0.956609 0.985833 0.040960 0.028333
0 0.765273 0.340493 0.022679 0.021913
0 0.218298 0.168617 0.026791 0.026658
0 0.921805 0.280061 0.057664 0.057136
0 0.770454 0.279538 0.114523 0.112736
0 0.679303 0.932101 0.019109 0.019223
0 0.980179 0.550830 0.039016 0.041728
0 0.749456 0.418823 0.024025 0.024252
0 0.249919 0.277126 0.026384 0.026058
0 0.589977 0.504181 0.028693 0.029026
0 0.496503 0.031976 0.020726 0.020698
0 0.298932 0.230894 0.025200 0.025592
0 0.013404 0.894846 0.019839 0.019836
0 0.106228 0.306600 0.021862 0.022636
0 0.653396 0.725603 0.044087 0.044336
0 0.719642 0.989261 0.024264 0.021069
0 0.565901 0.924888 0.019629 0.019699
0 0.131859 0.707262 0.050482 0.051529
0 0.520436 0.978631 0.061578 0.042670
0 0.911361 0.390029 0.025994 0.026289
0 0.364171 0.290550 0.020517 0.021041
0 0.537437 0.338350 0.022054 0.022652
0 0.274467 0.047510 0.018500 0.018559
0 0.870052 0.401800 0.026817 0.028850
0 0.447354 0.498223 0.040539 0.039674
0 0.436018 0.820577 0.020454 0.020412
0 0.387044 0.471311 0.079835 0.080431
0 0.863105 0.256175 0.030983 0.031738
0 0.933915 0.461870 0.038509 0.037684
0 0.582303 0.032006 0.068092 0.062913
0 0.493053 0.522359 0.043775 0.043047
0 0.005676 0.478804 0.011353 0.040705
0 0.237874 0.007519 0.018677 0.014862
0 0.168144 0.355632 0.018760 0.018735
0 0.158536 0.975041 0.025623 0.025230
0 0.813261 0.657190 0.019907 0.019728
0 0.479134 0.100328 0.031025 0.032302
0 0.652781 0.285328 0.077134 0.079347
0 0.027972 0.205306 0.053828 0.088416
0 0.744027 0.748819 0.019873 0.020132
0 0.881220 0.278083 0.022116 0.022013
0 0.078420 0.015787 0.086415 0.031542
0 0.172962 0.203299 0.113972 0.110147
0 0.961309 0.941807 0.025047 0.026885
0 0.661393 0.119424 0.066240 0.066953
0 0.683103 0.337550 0.042244 0.042191
0 0.773761 0.758898 0.020301 0.020016
0 0.899087 0.606289 0.018555 0.019158
0 0.521781 0.130425 0.062427 0.061021
0 0.477809 0.307587 0.023770 0.023643
0 0.650338 0.184075 0.018963 0.019613
0 0.554427 0.981395 0.018273 0.018260
