0 0.886836 0.241149 0.034289 0.034245
0 0.514588 0.429702 0.028225 0.028570
0 0.340320 0.633299 0.050089 0.049905
0 0.692181 0.230515 0.269314 0.273508
0 0.854204 0.965115 0.036363 0.036796
0 0.645856 0.618703 0.035755 0.035582
0 0.597385 0.501305 0.069623 0.068692
0 0.743766 0.044151 0.023220 0.023073
0 0.681903 0.856035 0.043543 0.043713
0 0.708682 0.030830 0.023771 0.023748
0 0.673405 0.932875 0.075912 0.076509
0 0.662015 0.322973 0.077116 0.076297
0 0.963744 0.271625 0.024316 0.023818
0 0.793232 0.948226 0.031367 0.031671
0 0.829809 0.141783 0.044936 0.044470
0 0.534381 0.108353 0.148927 0.150417
0 0.955523 0.531872 0.028195 0.028712
0 0.777697 0.799593 0.054570 0.055084
0 0.945953 0.795775 0.066096 0.065137
0 0.874561 0.534648 0.083018 0.083074
0 0.370894 0.581041 0.025203 0.025397
0 0.439155 0.235519 0.034921 0.035345
0 0.497924 0.749042 0.024281 0.023937
0 0.949821 0.606400 0.024430 0.024268
0 0.723338 0.100686 0.028284 0.028292
0 0.789989 0.905094 0.041838 0.041799
0 0.889051 0.875957 0.046587 0.046404
0 0.564658 0.616280 0.036611 0.036545
0 0.945029 0.189331 0.038978 0.038569
0 0.627816 0.555990 0.028910 0.028657
0 0.845470 0.684546 0.045121 0.045943
0 0.689154 0.559661 0.042802 0.042707
0 0.813532 0.761586 0.036450 0.036199
0 0.786123 0.476303 0.049630 0.049309
0 0.803323 0.713945 0.061590 0.061293
0 0.655466 0.572954 0.030991 0.030718
0 0.539889 0.519093 0.030175 0.029745
0 0.784660 0.013240 0.027081 0.026346
0 0.368605 0.497421 0.029613 0.029847
0 0.939249 0.584225 0.026532 0.027012
0 0.448388 0.475237 0.033616 0.033480
0 0.352420 0.337214 0.037670 0.037295
0 0.084815 0.287157 0.038622 0.038320
0 0.728916 0.294055 0.032602 0.032447
0 0.234621 0.494510 0.028544 0.028882
0 0.413618 0.147200 0.034894 0.034947
0 0.326865 0.156963 0.046881 0.046760
0 0.914104 0.942761 0.027166 0.027047
0 0.742074 0.528805 0.020506 0.020691
0 0.749412 0.630029 0.033392 0.033354
0 0.648651 0.033306 0.020749 0.020847
0 0.621434 0.582192 0.034786 0.035032
0 0.458801 0.747593 0.028083 0.028327
0 0.878340 0.034019 0.033088 0.033584
0 0.584911 0.457545 0.024378 0.024768
0 0.378657 0.137625 0.077147 0.077954
0 0.146360 0.219124 0.030204 0.029872
0 0.297602 0.496147 0.019790 0.020223
0 0.188662 0.067813 0.027916 0.028826
0 0.446432 0.498949 0.030888 0.030605
0 0.797529 0.871736 0.024982 0.024809
0 0.892531 0.202388 0.019032 0.019078
0 0.640840 0.775486 0.086735 0.087820
0 0.768447 0.350360 0.021058 0.021301
0 0.968663 0.335633 0.023792 0.023200
0 0.968942 0.642558 0.037506 0.037176
0 0.970234 0.316536 0.020438 0.020081
0 0.982709 0.193894 0.024405 0.024043
0 0.884515 0.286094 0.022115 0.022584
0 0.496859 0.361061 0.024124 0.024390
0 0.692825 0.093973 0.021446 0.021832
0 0.749210 0.360873 0.019840 0.019813
0 0.965189 0.991104 0.026106 0.017791
0 0.859604 0.391834 0.018772 0.018725
0 0.357296 0.197889 0.031436 0.031278
0 0.540927 0.962979 0.019838 0.020147
0 0.849496 0.484226 0.021101 0.020716
0 0.627792 0.928116 0.020253 0.020166
0 0.918902 0.850764 0.023156 0.023286
0 0.875574 0.988080 0.019981 0.020388
0 0.545397 0.750779 0.022372 0.021932
0 0.530135 0.322060 0.019410 0.019762
0 0.460033 0.177108 0.086234 0.088087
0 0.561065 0.027748 0.025497 0.025741
0 0.149344 0.006879 0.030452 0.013525
0 0.413758 0.343339 0.025476 0.025885
0 0.629821 0.811115 0.025285 0.025320
0 0.374195 0.406380 0.026569 0.026717
0 0.447341 0.034475 0.195552 0.068629
0 0.888789 0.820604 0.027378 0.028132
0 0.983115 0.868223 0.033770 0.073372
0 0.322039 0.989486 0.033512 0.021028
0 0.475941 0.220520 0.020106 0.019998
0 0.553046 0.813822 0.019604 0.019735
0 0.735955 0.183794 0.019675 0.019715
0 0.172995 0.298877 0.344574 0.430247
0 0.479357 0.827356 0.022349 0.022474
0 0.246892 0.024160 0.090393 0.047854
0 0.439440 0.324816 0.022327 0.022050
0 0.988752 0.549670 0.021942 0.023764
0 0.660496 0.014644 0.019865 0.021072
0 0.720726 0.694263 0.034551 0.034285
0 0.668408 0.196253 0.018467 0.018299
0 0.527323 0.177766 0.022211 0.022061
0 0.730944 0.556461 0.035613 0.036053
0 0.680903 0.180800 0.025408 0.025937
0 0.811868 0.015102 0.018527 0.019287
0 0.659283 0.213664 0.018095 0.017673
0 0.275048 0.634234 0.019890 0.020058
0 0.334079 0.295168 0.018261 0.018819
0 0.345644 0.415288 0.021003 0.021205
0 0.834888 0.197626 0.019010 0.019159
0 0.178684 0.792022 0.355847 0.412573
0 0.216077 0.294688 0.018749 0.018472
0 0.949824 0.070453 0.017782 0.017712
0 0.974785 0.701860 0.050430 0.132153
0 0.771102 0.847753 0.273309 0.288868
0 0.993181 0.432630 0.013477 0.034114
0 0.422875 0.490033 0.022978 0.023269
0 0.432067 0.740078 0.026649 0.027323
0 0.937854 0.399226 0.016587 0.016660
0 0.416471 0.253365 0.020980 0.020659
0 0.715653 0.749177 0.034453 0.034230
0 0.030257 0.062803 0.041311 0.039610
0 0.811362 0.585688 0.037231 0.037744
0 0.900121 0.977527 0.108941 0.044333
0 0.627077 0.644881 0.018006 0.018018
0 0.548413 0.649610 0.020095 0.020676
