0 0.956795 0.121310 0.085334 0.084059
0 0.314658 0.945098 0.064040 0.061578
0 0.339379 0.902359 0.045518 0.045266
0 0.096660 0.681146 0.043463 0.043363
0 0.298577 0.541960 0.042079 0.041972
0 0.206498 0.381347 0.033753 0.033491
0 0.047126 0.017867 0.040107 0.035240
0 0.317995 0.613420 0.027339 0.026779
0 0.329329 0.456695 0.031521 0.031059
0 0.119204 0.533820 0.039974 0.038993
0 0.889982 0.340344 0.025716 0.025629
0 0.061510 0.100896 0.033522 0.032866
0 0.112726 0.561014 0.031582 0.030802
0 0.035334 0.425969 0.035285 0.035506
0 0.843408 0.206633 0.030713 0.030576
0 0.227966 0.513914 0.048538 0.048364
0 0.640376 0.398469 0.026724 0.026911
0 0.319874 0.377479 0.050028 0.050192
0 0.365888 0.399340 0.038477 0.038101
0 0.160309 0.441610 0.036682 0.036579
0 0.491183 0.251259 0.460207 0.387189
0 0.941656 0.988746 0.071205 0.022507
0 0.519651 0.748215 0.353094 0.332371
0 0.820876 0.720753 0.050037 0.050776
0 0.886674 0.798903 0.098282 0.100273
0 0.811547 0.898727 0.023621 0.023051
0 0.681908 0.962848 0.022758 0.023042
0 0.095308 0.728777 0.063653 0.063928
0 0.866128 0.770549 0.082418 0.076459
0 0.063728 0.667953 0.024658 0.024419
0 0.043809 0.181818 0.034806 0.034973
0 0.123908 0.770235 0.112754 0.114330
0 0.925303 0.685140 0.026708 0.026039
0 0.066749 0.264100 0.021929 0.021766
0 0.119997 0.221253 0.024370 0.024267
0 0.971165 0.955116 0.031635 0.031042
0 0.118598 0.400421 0.025601 0.025708
0 0.433527 0.301675 0.033796 0.033542
0 0.770607 0.161445 0.035498 0.036541
0 0.125510 0.377679 0.024819 0.024963
0 0.752454 0.791268 0.152557 0.152109
0 0.011899 0.439936 0.023798 0.029177
0 0.492914 0.046220 0.320695 0.090797
0 0.374555 0.903558 0.023677 0.023779
0 0.395938 0.983884 0.027146 0.027739
0 0.730305 0.591816 0.055526 0.054740
0 0.868077 0.714792 0.038339 0.038769
0 0.159873 0.774865 0.022487 0.021221
0 0.093854 0.834524 0.187382 0.328529
0 0.866663 0.523612 0.022128 0.022025
0 0.896270 0.562948 0.022886 0.022768
0 0.809544 0.404817 0.025467 0.025380
0 0.180956 0.185536 0.135609 0.125663
