0 0.435163 0.278843 0.196800 0.192738
0 0.616265 0.617232 0.158033 0.156138
0 0.860175 0.847259 0.089416 0.089779
0 0.869634 0.724853 0.023524 0.023618
0 0.448084 0.884709 0.103006 0.100805
0 0.251682 0.266480 0.092536 0.089673
0 0.532298 0.677805 0.026534 0.026673
0 0.706924 0.792303 0.033915 0.033479
0 0.750240 0.659499 0.049073 0.048738
0 0.048086 0.900340 0.041444 0.041179
0 0.833173 0.762922 0.030072 0.030349
0 0.542472 0.116496 0.085504 0.083398
0 0.187168 0.882596 0.051093 0.050995
0 0.561670 0.927831 0.076488 0.076406
0 0.327435 0.961058 0.094507 0.077884
0 0.762479 0.480315 0.058427 0.058777
0 0.611956 0.956961 0.042637 0.042489
0 0.181451 0.687536 0.111645 0.110349
0 0.249678 0.528952 0.042577 0.042554
0 0.737070 0.268695 0.112375 0.114398
0 0.580805 0.878805 0.037689 0.038647
0 0.088402 0.838116 0.033620 0.033902
0 0.173428 0.500356 0.072973 0.074189
0 0.948591 0.891921 0.032603 0.032467
0 0.592803 0.780383 0.064839 0.064623
0 0.523882 0.869605 0.060157 0.059745
0 0.283684 0.450994 0.045356 0.044373
0 0.364776 0.647210 0.049213 0.046874
0 0.972922 0.683283 0.053215 0.061844
0 0.481924 0.740989 0.045858 0.045723
0 0.840232 0.134657 0.036492 0.036204
0 0.586905 0.717038 0.044092 0.044578
0 0.222548 0.818422 0.047063 0.046871
0 0.373547 0.137380 0.042321 0.042202
0 0.955743 0.957502 0.034973 0.034606
0 0.744777 0.028776 0.073262 0.057552
0 0.376327 0.422532 0.071464 0.070054
0 0.105414 0.957202 0.038703 0.039705
0 0.632401 0.839004 0.026024 0.025729
0 0.803417 0.299061 0.037921 0.038171
0 0.736902 0.692312 0.031129 0.031176
0 0.804708 0.715020 0.021953 0.022474
0 0.558265 0.741917 0.034161 0.035085
0 0.918012 0.344328 0.029363 0.028241
0 0.602339 0.465089 0.051760 0.052334
0 0.695677 0.879877 0.029084 0.029578
0 0.851926 0.904877 0.028801 0.028567
0 0.844920 0.100038 0.051230 0.050430
0 0.644702 0.146704 0.027979 0.028352
0 0.304315 0.659498 0.057077 0.056072
0 0.757155 0.560488 0.045069 0.044675
0 0.119577 0.914560 0.047662 0.046796
0 0.887289 0.023659 0.080239 0.047241
0 0.696842 0.363764 0.031183 0.031017
0 0.727085 0.131636 0.031443 0.031481
0 0.264390 0.411895 0.042110 0.043052
0 0.266490 0.340233 0.022810 0.022897
0 0.620802 0.508374 0.066174 0.066262
0 0.347733 0.803795 0.027038 0.027217
0 0.271625 0.025988 0.036499 0.036109
0 0.011013 0.752389 0.022027 0.026088
0 0.299680 0.810629 0.103115 0.102627
0 0.552445 0.952014 0.026137 0.025167
0 0.013914 0.802792 0.027378 0.040240
0 0.280419 0.930276 0.022912 0.022841
0 0.485598 0.670243 0.030040 0.030064
0 0.776406 0.581220 0.040726 0.039964
0 0.281253 0.705896 0.025199 0.024814
0 0.509371 0.639697 0.022331 0.021953
0 0.206377 0.756547 0.037311 0.037171
0 0.628317 0.899751 0.030962 0.030969
0 0.989687 0.122086 0.020075 0.022700
0 0.138117 0.795391 0.023638 0.023612
0 0.118026 0.308950 0.023752 0.023419
0 0.195439 0.839563 0.026323 0.026042
0 0.064158 0.275036 0.039825 0.039610
0 0.368406 0.480736 0.047549 0.045786
0 0.058095 0.761613 0.060756 0.057806
0 0.777094 0.699211 0.023008 0.023057
0 0.452801 0.312760 0.025537 0.025889
0 0.655173 0.471326 0.040160 0.040991
0 0.419257 0.613307 0.020690 0.020939
0 0.261656 0.954435 0.041478 0.041127
0 0.632308 0.066422 0.047175 0.046331
0 0.556334 0.036684 0.021366 0.021651
0 0.445601 0.384349 0.071060 0.072375
0 0.255071 0.072192 0.030237 0.029710
0 0.426491 0.093556 0.056428 0.055782
0 0.690033 0.479906 0.022962 0.023381
0 0.254551 0.742612 0.046476 0.047821
0 0.270096 0.823702 0.032677 0.032090
0 0.768697 0.095971 0.022714 0.022488
0 0.076987 0.791455 0.045346 0.045070
0 0.799943 0.133843 0.022540 0.024444
0 0.519105 0.463397 0.073998 0.073592
0 0.405830 0.958325 0.055577 0.055495
0 0.714984 0.463191 0.023908 0.023556
0 0.773009 0.123177 0.025587 0.025587
0 0.149976 0.973917 0.035032 0.034906
0 0.372810 0.080750 0.044007 0.043991
0 0.337666 0.032882 0.083730 0.065150
0 0.972242 0.174370 0.054798 0.062285
0 0.139432 0.946099 0.030297 0.031453
0 0.028004 0.012396 0.056008 0.024305
0 0.633499 0.098550 0.023823 0.023712
0 0.794036 0.238374 0.020182 0.020111
0 0.102385 0.278172 0.034862 0.035148
0 0.815860 0.584001 0.020238 0.020448
0 0.989716 0.790077 0.020569 0.022489
0 0.371188 0.688378 0.044699 0.044566
0 0.074953 0.511601 0.026275 0.026902
0 0.600101 0.089576 0.025956 0.025646
0 0.570742 0.339695 0.021163 0.020901
0 0.069070 0.026685 0.027041 0.027540
0 0.632787 0.320913 0.025313 0.025415
0 0.156442 0.765987 0.029986 0.029415
0 0.668598 0.719977 0.103293 0.102594
0 0.008807 0.990929 0.017615 0.018075
0 0.659808 0.089626 0.021832 0.021878
0 0.813619 0.675748 0.065008 0.061826
0 0.209481 0.553840 0.063373 0.063867
0 0.977441 0.868748 0.040249 0.040377
0 0.356386 0.780830 0.022011 0.022384
0 0.984868 0.821371 0.030196 0.064570
0 0.010236 0.296323 0.019832 0.021802
0 0.549814 0.993998 0.033343 0.012004
0 0.168511 0.085997 0.032527 0.031641
0 0.727128 0.913114 0.071968 0.072979
0 0.819448 0.657261 0.022509 0.022161
0 0.634464 0.977783 0.025329 0.025207
0 0.399260 0.705116 0.020206 0.020348
0 0.087914 0.108534 0.032258 0.033268
0 0.143608 0.316839 0.020972 0.020860
0 0.341155 0.012109 0.036416 0.024219
0 0.598313 0.903414 0.026355 0.027692
0 0.665059 0.072056 0.019719 0.019673
0 0.100359 0.558926 0.022269 0.022372
0 0.517298 0.591592 0.039433 0.040079
0 0.504169 0.822230 0.025181 0.026536
0 0.498740 0.924459 0.032920 0.033108
0 0.893305 0.423593 0.212701 0.459447
0 0.432629 0.410647 0.032688 0.031916
0 0.542525 0.367116 0.083222 0.083868
0 0.709561 0.626407 0.021960 0.021896
