0 0.942878 0.743620 0.033575 0.033418
0 0.351487 0.055089 0.027777 0.027424
0 0.896125 0.608432 0.025014 0.024864
0 0.834054 0.533453 0.021257 0.021217
0 0.520554 0.908546 0.028625 0.028709
0 0.608997 0.723650 0.044240 0.044456
0 0.359151 0.676215 0.028579 0.028524
0 0.613953 0.841445 0.030872 0.030451
0 0.932935 0.429992 0.031890 0.031505
0 0.648046 0.661767 0.030057 0.030428
0 0.606919 0.596739 0.033580 0.033827
0 0.206562 0.115110 0.031010 0.030022
0 0.741241 0.669882 0.021172 0.021215
0 0.691102 0.388513 0.023317 0.023158
0 0.885979 0.395427 0.024862 0.025217
0 0.717633 0.261239 0.032846 0.033616
0 0.390726 0.870925 0.020654 0.020602
0 0.299371 0.223930 0.165568 0.167348
0 0.987733 0.483318 0.021491 0.021387
0 0.260473 0.051173 0.021438 0.021730
0 0.451237 0.920873 0.019930 0.020092
0 0.272457 0.482680 0.043112 0.043048
0 0.920457 0.385036 0.029076 0.029572
0 0.489006 0.844569 0.023270 0.023811
0 0.722099 0.458068 0.030214 0.030141
0 0.794130 0.623508 0.020621 0.020483
0 0.420126 0.555062 0.057965 0.057229
0 0.241567 0.102435 0.024041 0.023996
0 0.225355 0.062408 0.020287 0.020033
0 0.976900 0.577820 0.021897 0.021902
0 0.545692 0.172916 0.020673 0.020723
0 0.375740 0.938820 0.019443 0.019619
0 0.745452 0.557994 0.019426 0.019530
0 0.775022 0.236852 0.018846 0.018797
0 0.738052 0.508067 0.018046 0.018177
0 0.853203 0.568138 0.017566 0.017904
0 0.359777 0.283869 0.132901 0.132486
0 0.723946 0.284803 0.020280 0.020630
0 0.614616 0.661528 0.072606 0.074561
0 0.025806 0.574881 0.019995 0.019406
0 0.978938 0.600926 0.017910 0.017807
0 0.940204 0.164649 0.017791 0.017753
0 0.210852 0.154870 0.018917 0.019547
0 0.648907 0.271127 0.018047 0.017667
0 0.549213 0.200333 0.017986 0.017980
0 0.493888 0.986521 0.020444 0.020881
0 0.649488 0.786125 0.031207 0.031016
0 0.709585 0.623046 0.022435 0.022115
0 0.017571 0.017377 0.020048 0.019556
0 0.207377 0.125936 0.138804 0.136133
0 0.543419 0.848872 0.017989 0.018356
0 0.298133 0.755338 0.086099 0.084975
0 0.844484 0.285353 0.017618 0.017135
0 0.467172 0.151949 0.018153 0.017555
0 0.981740 0.223360 0.019165 0.018983
0 0.729643 0.351282 0.018126 0.018551
0 0.120658 0.313522 0.053976 0.054732
0 0.883044 0.322990 0.018161 0.018054
0 0.126655 0.767385 0.089897 0.088936
0 0.894584 0.363466 0.017697 0.017492
0 0.833715 0.921510 0.096662 0.098842
0 0.256700 0.085072 0.018304 0.018017
0 0.666380 0.410564 0.016374 0.016518
0 0.260283 0.530755 0.018514 0.018577
0 0.709533 0.943389 0.175331 0.112759
0 0.463994 0.663622 0.017167 0.017053
0 0.770362 0.094699 0.451016 0.188925
