0 0.865201 0.958813 0.062191 0.062651
0 0.961051 0.671628 0.038700 0.038457
0 0.546576 0.919544 0.041171 0.041264
0 0.953684 0.226745 0.055021 0.055742
0 0.225809 0.507069 0.034874 0.035427
0 0.941202 0.571377 0.053347 0.053549
0 0.651573 0.073479 0.051175 0.051373
0 0.124240 0.307636 0.049588 0.048566
0 0.158167 0.024756 0.027916 0.027662
0 0.882178 0.851381 0.026782 0.026957
0 0.468214 0.634190 0.042122 0.042057
0 0.214851 0.568203 0.047474 0.047066
0 0.928759 0.072288 0.024290 0.024072
0 0.226294 0.131956 0.027659 0.028110
0 0.254525 0.751859 0.040938 0.040640
0 0.028842 0.398017 0.031079 0.030999
0 0.075988 0.702632 0.045788 0.046237
0 0.599748 0.828908 0.036948 0.037222
0 0.429399 0.603107 0.022717 0.022515
0 0.057854 0.989263 0.026298 0.021474
0 0.668807 0.257261 0.026731 0.026832
0 0.929128 0.983290 0.041037 0.033420
0 0.164059 0.861455 0.039864 0.040597
0 0.117174 0.680190 0.034164 0.034503
0 0.150285 0.590756 0.029567 0.028543
0 0.723667 0.989719 0.021872 0.020561
0 0.203885 0.613043 0.037407 0.037024
0 0.376363 0.167096 0.043948 0.045532
0 0.890250 0.361524 0.063877 0.065455
0 0.016105 0.585083 0.032209 0.039243
0 0.807712 0.113583 0.047175 0.046644
0 0.114924 0.714307 0.036698 0.037888
0 0.218228 0.919345 0.032549 0.032582
0 0.850813 0.491390 0.034065 0.034334
0 0.510137 0.601615 0.069363 0.071855
0 0.307129 0.172014 0.049714 0.048929
0 0.603650 0.928616 0.037168 0.037597
0 0.064220 0.334050 0.020729 0.020602
0 0.613623 0.972879 0.028350 0.027649
0 0.007792 0.481474 0.015585 0.081475
0 0.892285 0.915524 0.023349 0.023552
0 0.993635 0.507111 0.012731 0.036474
0 0.877355 0.416472 0.093587 0.089766
0 0.474011 0.211248 0.025378 0.025516
0 0.817818 0.740831 0.027103 0.026311
0 0.619226 0.913651 0.022250 0.023031
0 0.148929 0.697647 0.030226 0.031326
0 0.886756 0.548018 0.048147 0.047383
0 0.976767 0.957529 0.029383 0.027926
0 0.101195 0.871690 0.029676 0.029700
