0 0.819984 0.854169 0.321054 0.291662
0 0.091279 0.285649 0.024738 0.024569
0 0.379224 0.143047 0.043743 0.043051
0 0.180569 0.315238 0.023086 0.023067
0 0.263879 0.113547 0.039731 0.039540
0 0.196051 0.211525 0.035984 0.036274
0 0.980420 0.117401 0.025818 0.026234
0 0.273623 0.667989 0.056522 0.056083
0 0.807020 0.505672 0.043589 0.044056
0 0.672932 0.043991 0.026041 0.025528
0 0.362178 0.242633 0.027889 0.028895
0 0.605794 0.803866 0.028157 0.028118
0 0.114114 0.601063 0.037498 0.037686
0 0.404592 0.821512 0.044316 0.045246
0 0.495144 0.454648 0.025446 0.025482
0 0.085105 0.074767 0.022885 0.022831
0 0.705610 0.391909 0.282480 0.288032
0 0.444465 0.570021 0.025414 0.024453
0 0.506497 0.390927 0.020095 0.020092
0 0.205402 0.528799 0.042292 0.041840
0 0.949463 0.518212 0.097972 0.103650
0 0.436290 0.709485 0.067664 0.068845
0 0.505759 0.351313 0.020600 0.020607
0 0.045450 0.902600 0.040536 0.041171
0 0.500985 0.533261 0.049924 0.050831
0 0.311318 0.142335 0.020609 0.020704
0 0.478164 0.755020 0.081159 0.082326
0 0.491223 0.825764 0.023165 0.023170
0 0.317196 0.179196 0.021261 0.021183
0 0.033005 0.992730 0.033245 0.014540
0 0.616278 0.599559 0.020224 0.020713
0 0.398808 0.411475 0.019233 0.019468
0 0.697524 0.420541 0.020047 0.019934
0 0.273347 0.801156 0.222981 0.228569
0 0.144610 0.565965 0.288389 0.381677
0 0.595765 0.628167 0.021334 0.021224
0 0.592079 0.496368 0.021317 0.020990
0 0.468602 0.285312 0.091896 0.092974
0 0.546695 0.985267 0.072601 0.029466
0 0.732624 0.190795 0.021700 0.022076
0 0.924797 0.109770 0.019044 0.018861
0 0.963931 0.168105 0.018965 0.019089
0 0.081165 0.959221 0.030977 0.031298
0 0.345943 0.667732 0.028849 0.027215
0 0.314495 0.915615 0.393443 0.168531
0 0.642752 0.616612 0.019020 0.018694
