0 0.819126 0.101283 0.114032 0.085490
0 0.792424 0.565877 0.054423 0.045747
0 0.209019 0.795554 0.088064 0.062147
0 0.409340 0.490984 0.089254 0.068580
0 0.195544 0.253601 0.124845 0.097605
0 0.874928 0.228626 0.072607 0.057666
0 0.915987 0.510925 0.093271 0.074732
0 0.052426 0.796099 0.065785 0.052899
0 0.126403 0.403458 0.213758 0.168474
0 0.807294 0.825401 0.058671 0.048524
0 0.276379 0.289006 0.054011 0.044636
0 0.294954 0.407139 0.059256 0.047549
0 0.923137 0.365254 0.041212 0.032831
0 0.394058 0.771601 0.049256 0.036961
0 0.172288 0.659352 0.071502 0.058251
0 0.279590 0.157374 0.057544 0.046356
0 0.967121 0.695656 0.065759 0.062702
0 0.266502 0.968427 0.046762 0.035401
0 0.073116 0.850893 0.062994 0.048280
0 0.294491 0.552296 0.036814 0.029933
0 0.253616 0.079114 0.049722 0.037294
0 0.218345 0.545866 0.064555 0.051943
0 0.131697 0.292870 0.040041 0.032246
0 0.782985 0.151901 0.052835 0.040501
0 0.503550 0.602313 0.046599 0.034458
0 0.023593 0.018006 0.047186 0.035295
0 0.263717 0.488034 0.052377 0.040112
0 0.595218 0.028706 0.035345 0.031975
0 0.380257 0.870772 0.060417 0.045432
0 0.607463 0.738171 0.185019 0.143216
0 0.768520 0.434860 0.085916 0.067005
0 0.516990 0.165483 0.058814 0.047743
0 0.970444 0.546489 0.059112 0.056359
0 0.236922 0.440094 0.041851 0.032496
0 0.870245 0.838658 0.056774 0.039462
0 0.271635 0.844571 0.044652 0.034936
0 0.120748 0.868695 0.048904 0.036137
0 0.099253 0.321598 0.046767 0.038536
0 0.169141 0.312062 0.041127 0.033224
0 0.156238 0.417738 0.059465 0.047001
0 0.850068 0.744815 0.043977 0.034066
0 0.424471 0.609595 0.032449 0.027905
0 0.895405 0.639695 0.059836 0.043724
0 0.850694 0.336982 0.042048 0.029188
0 0.086764 0.894539 0.048091 0.038772
0 0.105000 0.754145 0.074656 0.058415
0 0.644022 0.429111 0.031608 0.027521
0 0.120111 0.934392 0.079384 0.055508
0 0.381413 0.453520 0.044886 0.037210
0 0.770960 0.639937 0.062537 0.045240
0 0.492396 0.746658 0.056853 0.047477
0 0.864602 0.373610 0.034075 0.027395
0 0.494868 0.497836 0.087236 0.070473
0 0.227231 0.699391 0.088153 0.061621
0 0.367367 0.793772 0.231138 0.178634
0 0.108554 0.831541 0.034009 0.026103
0 0.829026 0.365914 0.040504 0.031075
0 0.982753 0.984824 0.034116 0.030077
0 0.037748 0.909200 0.041366 0.033980
0 0.231405 0.741144 0.099101 0.071282
0 0.626918 0.318959 0.036021 0.028765
0 0.214646 0.861890 0.049014 0.041075
0 0.636042 0.076921 0.038818 0.030810
0 0.734387 0.822664 0.170548 0.138935
0 0.167283 0.893437 0.064116 0.051643
0 0.237275 0.129290 0.043070 0.037241
0 0.535759 0.915021 0.093893 0.078448
0 0.056360 0.652155 0.025504 0.022249
0 0.781351 0.641799 0.039378 0.032984
0 0.477204 0.682536 0.029569 0.024117
0 0.950126 0.190577 0.041989 0.035182
0 0.093981 0.047679 0.034584 0.029317
0 0.448822 0.647284 0.064388 0.052042
0 0.827666 0.481205 0.055601 0.046175
