0 0.725542 0.198809 0.102432 0.075158
0 0.786931 0.618363 0.072494 0.053929
0 0.359163 0.011165 0.051246 0.022000
0 0.723474 0.361532 0.042156 0.029737
0 0.292375 0.639712 0.060708 0.049468
0 0.901738 0.293942 0.057118 0.045984
0 0.572488 0.057981 0.099258 0.070155
0 0.784955 0.676201 0.051078 0.038933
0 0.372420 0.490084 0.047754 0.033612
0 0.587117 0.234758 0.205910 0.161089
0 0.546282 0.768941 0.065754 0.045069
0 0.392258 0.037132 0.044668 0.035146
0 0.239117 0.504175 0.046454 0.033891
0 0.926268 0.081064 0.109186 0.086076
0 0.876657 0.724773 0.050410 0.040064
0 0.805619 0.286767 0.045593 0.033861
0 0.231464 0.012997 0.067509 0.025994
0 0.689120 0.086780 0.036894 0.029050
0 0.615335 0.083640 0.049379 0.033397
0 0.929351 0.423849 0.038309 0.030999
0 0.873634 0.549592 0.077256 0.051062
0 0.969365 0.146457 0.060428 0.083481
0 0.852291 0.152471 0.049343 0.038714
0 0.051664 0.325795 0.042118 0.031498
0 0.457336 0.072854 0.112015 0.083507
0 0.882901 0.255819 0.047597 0.038509
0 0.751040 0.058793 0.048123 0.036583
0 0.282612 0.055868 0.033376 0.024736
0 0.027293 0.240549 0.042391 0.032650
0 0.724833 0.129188 0.041267 0.031796
0 0.361070 0.702154 0.037069 0.027725
0 0.895209 0.433294 0.035600 0.028463
0 0.907973 0.610742 0.047312 0.032889
