0 0.169264 0.295657 0.157752 0.126773
0 0.309587 0.307197 0.052320 0.042876
0 0.174521 0.933756 0.058956 0.044829
0 0.383444 0.866642 0.075270 0.060395
0 0.039509 0.914436 0.047918 0.036322
0 0.546805 0.433526 0.075726 0.057049
0 0.090819 0.829148 0.053158 0.040617
0 0.482555 0.234602 0.060529 0.046957
0 0.679246 0.468284 0.044940 0.035254
0 0.716527 0.566212 0.047630 0.039933
0 0.441727 0.414309 0.053355 0.040302
0 0.502758 0.676138 0.042984 0.031872
0 0.355356 0.448043 0.047937 0.037459
0 0.386732 0.178287 0.037850 0.030542
0 0.895828 0.164863 0.072336 0.062453
0 0.535971 0.745897 0.054132 0.040996
0 0.330516 0.684643 0.045124 0.033300
0 0.470640 0.444826 0.049318 0.035906
0 0.294002 0.478176 0.051271 0.038804
0 0.345816 0.503388 0.047546 0.034954
0 0.127520 0.785811 0.038500 0.031660
0 0.325252 0.047009 0.042646 0.032155
0 0.283211 0.119079 0.038744 0.030451
0 0.213160 0.610324 0.060523 0.047034
0 0.971120 0.103338 0.032590 0.027443
