0 0.800842 0.444401 0.304840 0.310514
0 0.257964 0.066531 0.038652 0.038708
0 0.127827 0.717916 0.031286 0.031942
0 0.777937 0.721955 0.086461 0.086536
0 0.535250 0.139012 0.257092 0.261077
0 0.081860 0.701060 0.034253 0.034333
0 0.120155 0.541221 0.033717 0.033978
0 0.776918 0.098523 0.088840 0.089625
0 0.147908 0.345399 0.058818 0.058645
0 0.408725 0.111174 0.077934 0.078204
0 0.686555 0.100773 0.050310 0.049475
0 0.352999 0.425863 0.096608 0.097304
0 0.591575 0.049054 0.079164 0.079501
0 0.433706 0.055525 0.040865 0.040592
0 0.187069 0.798504 0.029316 0.029629
0 0.332542 0.032927 0.040595 0.041220
0 0.835699 0.881855 0.276271 0.236291
0 0.873797 0.808370 0.038865 0.039555
0 0.365067 0.287379 0.037410 0.037089
0 0.506343 0.823477 0.031121 0.031958
0 0.159994 0.058459 0.042946 0.043225
0 0.123930 0.247125 0.029645 0.030039
0 0.664354 0.260229 0.062053 0.062279
0 0.111966 0.636223 0.052297 0.051884
0 0.404944 0.147448 0.033704 0.034436
0 0.275348 0.229255 0.033310 0.033754
0 0.634996 0.809565 0.042520 0.042351
0 0.311541 0.169525 0.064964 0.063923
0 0.456791 0.923582 0.091651 0.090458
0 0.171209 0.295646 0.028994 0.028884
0 0.119130 0.395389 0.032863 0.032921
0 0.377865 0.605833 0.340333 0.357938
0 0.710441 0.137891 0.030168 0.029948
0 0.170378 0.502031 0.060744 0.059603
0 0.963294 0.519903 0.033280 0.033259
0 0.135535 0.917648 0.042008 0.041340
0 0.153180 0.019511 0.048023 0.039022
0 0.779156 0.215512 0.029071 0.029053
0 0.088948 0.194823 0.176936 0.208873
0 0.370567 0.794718 0.225859 0.226351
0 0.244309 0.335606 0.182091 0.189132
0 0.920744 0.099885 0.026011 0.026327
0 0.125685 0.772156 0.040220 0.039938
0 0.403254 0.024483 0.049628 0.048652
0 0.519658 0.861703 0.122688 0.123807
0 0.974709 0.812772 0.049297 0.052170
0 0.093879 0.576725 0.023668 0.022894
0 0.680585 0.900173 0.042797 0.041962
0 0.819065 0.781057 0.076466 0.076820
0 0.643309 0.725044 0.034188 0.034483
0 0.085704 0.197753 0.022616 0.022632
0 0.682793 0.747725 0.019138 0.019215
0 0.557323 0.312818 0.063002 0.062603
0 0.251349 0.407549 0.049957 0.049392
0 0.240727 0.943552 0.024613 0.024356
0 0.557896 0.552332 0.039075 0.039231
0 0.974228 0.459162 0.031482 0.031011
0 0.009842 0.320571 0.019471 0.040659
0 0.199246 0.821288 0.124448 0.128242
0 0.487813 0.782359 0.022602 0.022515
0 0.141980 0.680907 0.021113 0.021154
0 0.011337 0.530934 0.022057 0.023803
0 0.914850 0.695685 0.170300 0.212036
0 0.322231 0.232588 0.021291 0.021690
0 0.988255 0.536807 0.019703 0.019304
0 0.930272 0.542888 0.021664 0.021318
0 0.541481 0.932705 0.098998 0.102895
0 0.664428 0.216785 0.021074 0.021289
0 0.380750 0.371788 0.076692 0.077244
0 0.993583 0.023632 0.012835 0.021760
0 0.075688 0.462380 0.048336 0.048308
0 0.652408 0.061868 0.058066 0.062029
