0 0.147504 0.663818 0.235527 0.222007
0 0.591249 0.827462 0.087198 0.086564
0 0.296587 0.547277 0.180018 0.172682
0 0.645789 0.280227 0.038753 0.038687
0 0.841400 0.091195 0.085930 0.083112
0 0.466624 0.268381 0.057948 0.057382
0 0.857471 0.486871 0.028643 0.029340
0 0.780688 0.507575 0.031214 0.030980
0 0.565061 0.506176 0.175481 0.167885
0 0.325930 0.281864 0.171533 0.167842
0 0.712481 0.647273 0.051662 0.049476
0 0.743011 0.525984 0.025274 0.025337
0 0.725917 0.207018 0.056450 0.055929
0 0.756927 0.757635 0.055908 0.055255
0 0.059574 0.454849 0.046115 0.045835
0 0.121160 0.858362 0.033196 0.031721
0 0.247788 0.782948 0.028459 0.027830
0 0.449859 0.766869 0.025665 0.025284
0 0.227966 0.038356 0.097021 0.076712
0 0.590148 0.430625 0.173922 0.167480
0 0.908036 0.957201 0.049839 0.049482
0 0.858357 0.741325 0.031161 0.030921
0 0.682429 0.911120 0.026919 0.026708
0 0.149483 0.655123 0.026824 0.026284
0 0.389100 0.406247 0.025705 0.025579
0 0.770291 0.161011 0.077663 0.074894
0 0.597133 0.221495 0.033235 0.032902
0 0.681817 0.026669 0.141769 0.053339
0 0.077130 0.914494 0.154261 0.166988
0 0.796465 0.606431 0.045010 0.044939
0 0.584680 0.115112 0.072366 0.071179
0 0.730776 0.358496 0.028941 0.028527
0 0.222756 0.879986 0.022418 0.022465
0 0.123138 0.422340 0.034558 0.033267
0 0.397264 0.592763 0.064131 0.064428
0 0.286352 0.621575 0.059891 0.060841
0 0.432647 0.882814 0.023603 0.024401
0 0.112938 0.698119 0.023880 0.023187
0 0.864838 0.272863 0.060657 0.061042
0 0.847826 0.247682 0.023804 0.023290
0 0.092496 0.655573 0.025912 0.025713
0 0.159492 0.233321 0.122583 0.119745
0 0.770897 0.370749 0.042447 0.042872
0 0.697220 0.614015 0.039823 0.038708
0 0.698550 0.117259 0.032714 0.032553
0 0.771604 0.890344 0.021783 0.021123
0 0.815095 0.271620 0.025791 0.025602
0 0.127602 0.113510 0.031495 0.031757
0 0.820931 0.201822 0.046894 0.046745
0 0.517778 0.167056 0.026428 0.026818
0 0.504531 0.423440 0.029511 0.030577
0 0.959063 0.492526 0.022555 0.022312
0 0.592247 0.864712 0.026388 0.026031
0 0.889963 0.693088 0.097267 0.094497
0 0.057542 0.378299 0.022296 0.022962
0 0.917122 0.707649 0.037362 0.035111
0 0.181861 0.790941 0.060078 0.060278
0 0.770402 0.092615 0.034679 0.034426
0 0.863941 0.030516 0.270311 0.060969
0 0.975215 0.744632 0.049570 0.056669
0 0.215242 0.384948 0.040608 0.040113
0 0.263910 0.540280 0.023164 0.022204
0 0.645288 0.969317 0.023604 0.023223
0 0.317859 0.371323 0.021091 0.020421
0 0.472972 0.598616 0.020259 0.020146
0 0.444365 0.698137 0.019977 0.019400
0 0.979310 0.806683 0.037908 0.038743
0 0.881366 0.725548 0.140621 0.149846
0 0.336575 0.383342 0.069639 0.067782
0 0.137285 0.752561 0.058955 0.057839
