0 0.445716 0.177907 0.378907 0.292821
0 0.296143 0.454541 0.113050 0.091982
0 0.718182 0.819205 0.391644 0.294324
0 0.347768 0.807508 0.046877 0.035352
0 0.460733 0.693887 0.048240 0.037490
0 0.159967 0.308330 0.159590 0.130105
0 0.830533 0.143893 0.033276 0.029049
0 0.979565 0.248132 0.031002 0.026872
0 0.894191 0.320367 0.032137 0.029309
0 0.936751 0.945888 0.124889 0.098348
0 0.119529 0.029880 0.101227 0.059339
0 0.435634 0.352530 0.033959 0.025460
0 0.378807 0.989392 0.034407 0.020281
0 0.171548 0.830659 0.035013 0.028594
