0 0.573493 0.465223 0.260863 0.246878
0 0.126269 0.105685 0.192085 0.175728
0 0.371974 0.288651 0.169529 0.164659
0 0.558756 0.456136 0.042240 0.039403
0 0.188231 0.591058 0.107137 0.104527
0 0.248172 0.642153 0.037982 0.036031
0 0.250886 0.396726 0.299359 0.291947
0 0.710914 0.583681 0.029253 0.028636
0 0.764409 0.841904 0.026527 0.026224
0 0.863137 0.469966 0.025635 0.025127
0 0.831512 0.339115 0.022535 0.022393
0 0.722211 0.958470 0.184350 0.083060
0 0.912264 0.250150 0.024149 0.024208
0 0.290004 0.552930 0.116383 0.108172
0 0.468576 0.061199 0.208762 0.121646
0 0.538030 0.712255 0.026701 0.025317
0 0.244132 0.981294 0.029984 0.029170
0 0.418929 0.372124 0.023902 0.023711
0 0.062747 0.343082 0.125495 0.124989
0 0.643547 0.724550 0.029840 0.029856
0 0.175794 0.214769 0.058169 0.053949
