0 0.800140 0.483831 0.376650 0.376010
0 0.239190 0.172337 0.037370 0.037098
0 0.331940 0.064479 0.033831 0.034015
0 0.428480 0.369388 0.030831 0.029957
0 0.980037 0.354384 0.039926 0.049544
0 0.844610 0.077488 0.029036 0.029139
0 0.295904 0.291961 0.045766 0.044925
0 0.471630 0.311638 0.025613 0.024939
0 0.131053 0.060393 0.025644 0.025376
0 0.554042 0.218857 0.026494 0.026855
0 0.139033 0.094057 0.022950 0.022938
0 0.421104 0.134785 0.031744 0.031743
0 0.251409 0.214607 0.033425 0.032973
0 0.138781 0.193240 0.034343 0.033967
0 0.780004 0.440878 0.029525 0.028480
0 0.604512 0.786332 0.030364 0.029184
0 0.448091 0.015343 0.024428 0.025373
0 0.357497 0.104138 0.022293 0.022179
0 0.375987 0.035561 0.021324 0.021443
0 0.039790 0.023197 0.019071 0.019311
0 0.284646 0.260840 0.027787 0.026692
0 0.408148 0.022739 0.023954 0.023822
0 0.610939 0.168381 0.021317 0.021340
0 0.025413 0.479448 0.020240 0.020240
0 0.605213 0.732937 0.025320 0.025269
0 0.289721 0.226842 0.028090 0.026818
0 0.744225 0.588487 0.023695 0.023341
0 0.793623 0.167169 0.021848 0.021801
0 0.549307 0.295818 0.019258 0.019298
0 0.255807 0.290479 0.021150 0.021413
0 0.765492 0.036808 0.021030 0.020373
0 0.312197 0.319873 0.021932 0.021545
0 0.414998 0.005492 0.024958 0.010985
0 0.100801 0.389047 0.057928 0.057476
0 0.338095 0.364915 0.025865 0.024719
0 0.509539 0.300010 0.020042 0.020196
0 0.387877 0.105256 0.018096 0.017996
0 0.838610 0.227869 0.020489 0.020437
0 0.216878 0.096746 0.021510 0.021781
0 0.927840 0.053610 0.017949 0.018019
0 0.306946 0.497026 0.020072 0.020626
0 0.973781 0.696283 0.031458 0.030536
0 0.541692 0.091957 0.018622 0.019071
