0 0.413416 0.735700 0.025810 0.025359
0 0.330961 0.702031 0.025261 0.025097
0 0.684958 0.247876 0.044769 0.044204
0 0.402083 0.190564 0.072208 0.072133
0 0.954438 0.023253 0.029507 0.029567
0 0.315615 0.373514 0.026777 0.026731
0 0.523401 0.932159 0.036671 0.037378
0 0.567716 0.131283 0.034842 0.035323
0 0.322335 0.223517 0.029251 0.029524
0 0.740747 0.124341 0.027095 0.026929
0 0.288922 0.260129 0.029702 0.029668
0 0.951186 0.575169 0.023898 0.024026
0 0.669398 0.433635 0.022892 0.022376
0 0.189764 0.530357 0.059076 0.059715
0 0.373511 0.232087 0.028071 0.027879
0 0.396549 0.474016 0.045187 0.044869
0 0.707219 0.132296 0.031953 0.032173
0 0.708000 0.317754 0.030523 0.030682
0 0.824064 0.856112 0.022710 0.022435
0 0.806859 0.232733 0.023675 0.023642
0 0.462732 0.827160 0.034274 0.034471
0 0.947728 0.512783 0.040609 0.040903
0 0.406845 0.822995 0.034952 0.035345
0 0.655523 0.019247 0.062063 0.038462
0 0.839571 0.245222 0.038257 0.038553
0 0.585794 0.607320 0.023497 0.023710
0 0.969107 0.620488 0.061786 0.067531
0 0.432593 0.389901 0.044607 0.045084
0 0.902685 0.894502 0.042641 0.042570
0 0.590145 0.545935 0.069728 0.069977
0 0.974906 0.475654 0.031779 0.032012
0 0.120294 0.442423 0.033607 0.033610
0 0.649363 0.329035 0.026918 0.026308
0 0.504357 0.182568 0.035334 0.034909
0 0.557506 0.260705 0.025655 0.026423
0 0.709171 0.681587 0.023687 0.023655
0 0.154661 0.817429 0.026216 0.026292
0 0.367486 0.427929 0.045377 0.046125
0 0.021941 0.394777 0.027413 0.027499
0 0.472391 0.437120 0.079375 0.078658
0 0.879048 0.206520 0.071513 0.070957
0 0.820731 0.951611 0.110388 0.096777
0 0.969312 0.243744 0.053888 0.054104
0 0.391376 0.675129 0.019861 0.019708
0 0.481315 0.977257 0.050415 0.045178
0 0.988214 0.072187 0.023143 0.038007
0 0.764429 0.687308 0.025487 0.025404
0 0.793043 0.337205 0.028755 0.029200
0 0.891867 0.299828 0.035214 0.035542
0 0.055835 0.301858 0.020383 0.020500
0 0.923265 0.685982 0.039388 0.039794
0 0.427427 0.034190 0.027814 0.028052
0 0.623266 0.228700 0.032167 0.034097
0 0.526771 0.568750 0.053384 0.053397
0 0.037135 0.672388 0.073685 0.130854
0 0.862433 0.888435 0.037037 0.037451
0 0.900636 0.770938 0.025850 0.026513
0 0.926488 0.093755 0.019740 0.019488
0 0.159048 0.316359 0.019859 0.019976
0 0.776793 0.572634 0.020372 0.020581
0 0.929624 0.129772 0.046234 0.046357
0 0.571022 0.910026 0.032744 0.033053
0 0.725056 0.493179 0.020917 0.020938
0 0.076278 0.923639 0.034731 0.035011
0 0.984020 0.499180 0.031715 0.033720
0 0.950967 0.671669 0.020013 0.019809
0 0.653777 0.547159 0.041218 0.040738
0 0.250697 0.064263 0.018817 0.019087
0 0.863249 0.403659 0.027014 0.026877
0 0.683913 0.168855 0.025659 0.026008
0 0.774766 0.522240 0.216404 0.212094
0 0.823089 0.983277 0.038059 0.029020
0 0.141831 0.399387 0.019853 0.019648
0 0.311891 0.756109 0.019748 0.019397
0 0.848083 0.661596 0.116751 0.113532
0 0.485110 0.015672 0.026786 0.027603
0 0.907852 0.331571 0.032436 0.033142
0 0.381610 0.755134 0.027063 0.026480
0 0.230292 0.421756 0.019998 0.019526
0 0.445107 0.331496 0.029464 0.030543
0 0.693498 0.436546 0.018703 0.018711
0 0.671353 0.294724 0.026633 0.028271
0 0.389661 0.547365 0.020392 0.020295
0 0.178503 0.397086 0.018692 0.018638
0 0.886583 0.224621 0.045043 0.042807
0 0.822285 0.103483 0.027690 0.027577
0 0.449103 0.238552 0.061309 0.061138
0 0.801012 0.200410 0.024615 0.024814
0 0.660181 0.352776 0.024360 0.024454
0 0.579916 0.080241 0.042143 0.041740
0 0.717955 0.346779 0.028009 0.027428
0 0.654112 0.216694 0.030283 0.030642
