0 0.062083 0.127421 0.032815 0.032398
0 0.360530 0.625411 0.034785 0.034961
0 0.528715 0.375852 0.047126 0.046424
0 0.332938 0.977519 0.055282 0.044962
0 0.437429 0.895058 0.025869 0.026458
0 0.735561 0.638079 0.021516 0.021237
0 0.775691 0.612673 0.023868 0.024073
0 0.551080 0.574410 0.023067 0.023267
0 0.420761 0.419680 0.022582 0.023005
0 0.488350 0.348084 0.046000 0.046210
0 0.647095 0.321691 0.025864 0.025787
0 0.329459 0.579413 0.022345 0.022422
0 0.560476 0.337496 0.037328 0.036813
0 0.437035 0.352069 0.039945 0.041206
0 0.431477 0.806914 0.023288 0.023344
0 0.145854 0.252393 0.023775 0.023862
0 0.744343 0.010563 0.034058 0.020955
0 0.561434 0.499097 0.028135 0.026876
0 0.258215 0.515788 0.029777 0.030093
0 0.673981 0.055498 0.028794 0.028896
0 0.146187 0.590449 0.022169 0.021995
0 0.588702 0.322688 0.044174 0.044044
0 0.409794 0.306068 0.030032 0.031216
0 0.575208 0.136817 0.025442 0.025859
0 0.386535 0.892656 0.045024 0.042934
0 0.678179 0.136372 0.022988 0.022966
0 0.412122 0.318217 0.037417 0.038808
0 0.095257 0.114802 0.020233 0.019911
0 0.483951 0.315226 0.045403 0.048004
0 0.805904 0.795395 0.021606 0.021187
0 0.529127 0.245545 0.029115 0.029169
0 0.386113 0.300239 0.021998 0.022363
0 0.483107 0.741377 0.021994 0.021697
0 0.787994 0.029842 0.032420 0.031617
0 0.644691 0.540100 0.019329 0.018942
0 0.908434 0.830708 0.022352 0.021437
0 0.486957 0.302343 0.037325 0.037951
0 0.287153 0.688356 0.024590 0.024961
0 0.521012 0.305215 0.036829 0.036902
0 0.698877 0.044787 0.041395 0.044220
0 0.351628 0.280087 0.020316 0.020271
0 0.708918 0.011699 0.036953 0.023147
