0 0.946600 0.529840 0.102172 0.102385
0 0.580074 0.485378 0.032075 0.031782
0 0.600248 0.421216 0.025895 0.025560
0 0.845618 0.673232 0.041783 0.041365
0 0.422315 0.622181 0.028044 0.027727
0 0.465319 0.403203 0.025510 0.025150
0 0.783286 0.475347 0.026250 0.025992
0 0.465058 0.865573 0.026222 0.026232
0 0.069504 0.031943 0.029631 0.029701
0 0.974287 0.407811 0.050139 0.057007
0 0.866550 0.878491 0.031428 0.030966
0 0.582389 0.327210 0.022718 0.022647
0 0.373145 0.704019 0.023415 0.023644
0 0.170784 0.199311 0.023790 0.023564
0 0.114517 0.806929 0.042776 0.042342
0 0.229217 0.303142 0.024646 0.024698
0 0.403577 0.081922 0.023399 0.023213
0 0.743906 0.813702 0.021454 0.021459
0 0.964054 0.305191 0.021615 0.021890
0 0.203155 0.781041 0.093892 0.092107
0 0.678499 0.184149 0.021443 0.021494
0 0.806286 0.841760 0.025335 0.025909
0 0.060243 0.564621 0.043202 0.043472
0 0.024646 0.472365 0.021822 0.021816
0 0.308347 0.559005 0.047928 0.046929
