0 0.948343 0.947963 0.103314 0.083694
0 0.147332 0.816168 0.114573 0.087231
0 0.075194 0.535188 0.096775 0.076531
0 0.219591 0.973709 0.082554 0.051306
0 0.438303 0.392991 0.045022 0.034493
0 0.764547 0.169476 0.056145 0.040875
0 0.674597 0.323169 0.372812 0.261136
0 0.202089 0.908364 0.056990 0.043932
0 0.898963 0.806229 0.042751 0.032415
0 0.694721 0.838435 0.049235 0.035253
0 0.916020 0.607644 0.048294 0.036455
0 0.859091 0.421705 0.161291 0.122151
0 0.142401 0.964771 0.050226 0.035351
0 0.538636 0.233875 0.105487 0.076204
0 0.045297 0.247402 0.048508 0.038798
0 0.806453 0.051078 0.088380 0.066373
0 0.370279 0.047594 0.147989 0.092584
0 0.634077 0.935286 0.049119 0.040560
0 0.974089 0.830411 0.051521 0.097040
0 0.032846 0.802071 0.046310 0.036929
0 0.250258 0.799357 0.039333 0.031790
0 0.392404 0.812522 0.041866 0.032614
0 0.083055 0.118835 0.043912 0.031650
0 0.248271 0.904238 0.048359 0.034813
0 0.978129 0.122240 0.038540 0.030911
0 0.124808 0.161296 0.050729 0.032591
0 0.428035 0.902625 0.038684 0.029280
0 0.248501 0.084403 0.133488 0.099688
0 0.982209 0.330150 0.035490 0.036023
0 0.402449 0.967300 0.035019 0.027250
0 0.990359 0.769940 0.018886 0.034625
0 0.514847 0.183953 0.035224 0.026773
0 0.887769 0.571478 0.222717 0.217132
0 0.263350 0.019543 0.107195 0.039086
0 0.289806 0.841461 0.035533 0.028342
0 0.914934 0.491235 0.064398 0.053470
0 0.218942 0.156189 0.096838 0.074410
0 0.360059 0.127491 0.045114 0.030050
