0 0.549897 0.431212 0.185665 0.184124
0 0.890534 0.021680 0.053108 0.043360
0 0.101466 0.744255 0.063781 0.064290
0 0.675844 0.459875 0.025537 0.025376
0 0.423724 0.986670 0.042542 0.026660
0 0.954666 0.968562 0.034755 0.034434
0 0.680090 0.797457 0.031427 0.031848
0 0.085695 0.682680 0.030268 0.030357
0 0.218250 0.717216 0.045977 0.045747
0 0.588101 0.903683 0.036231 0.035223
0 0.335873 0.982818 0.030918 0.030360
0 0.573436 0.941685 0.041779 0.040437
0 0.659820 0.601908 0.067519 0.066986
0 0.259093 0.720006 0.036742 0.037304
0 0.718785 0.903191 0.030911 0.030808
0 0.700643 0.677588 0.025083 0.024621
0 0.031976 0.860931 0.031750 0.031541
0 0.336350 0.931628 0.024365 0.025065
0 0.039124 0.836595 0.025490 0.025093
0 0.295318 0.114119 0.023100 0.023352
0 0.977524 0.288059 0.044383 0.084397
0 0.723467 0.395580 0.020762 0.020960
0 0.834032 0.768254 0.021742 0.021830
0 0.912786 0.325325 0.022156 0.022534
0 0.139235 0.845990 0.022522 0.022903
0 0.483601 0.815595 0.036695 0.036605
0 0.207033 0.809599 0.028208 0.028310
0 0.343088 0.709705 0.022618 0.022623
0 0.050521 0.280312 0.024381 0.024803
0 0.538737 0.986734 0.046650 0.026532
0 0.477156 0.634729 0.046810 0.047605
0 0.347534 0.792597 0.043004 0.042084
0 0.614700 0.972599 0.023763 0.023756
0 0.628545 0.364800 0.020926 0.021375
0 0.280959 0.700543 0.021975 0.021819
0 0.345423 0.658489 0.033939 0.034189
0 0.782000 0.496674 0.021817 0.021920
0 0.934656 0.853271 0.021695 0.021480
0 0.889351 0.805452 0.028426 0.028806
0 0.820653 0.189198 0.019838 0.019775
0 0.541624 0.681902 0.073874 0.074069
0 0.845566 0.580402 0.022135 0.022726
0 0.494603 0.705678 0.029706 0.029128
0 0.528717 0.827292 0.028172 0.028796
0 0.647897 0.613997 0.048993 0.049681
0 0.451111 0.785634 0.048820 0.047148
