0 0.318273 0.266977 0.273649 0.254051
0 0.075996 0.389532 0.109906 0.107331
0 0.602386 0.338297 0.289727 0.286587
0 0.248564 0.772168 0.074561 0.073057
0 0.032307 0.676422 0.046569 0.045425
0 0.086265 0.493767 0.071648 0.069049
0 0.761892 0.715409 0.124947 0.118524
0 0.989298 0.932909 0.021356 0.024774
0 0.236070 0.528032 0.071067 0.070702
0 0.711185 0.879495 0.024726 0.023289
0 0.464177 0.381067 0.033782 0.033690
0 0.421096 0.012953 0.027229 0.025742
0 0.756087 0.446614 0.052667 0.050906
0 0.320308 0.014202 0.029587 0.028147
0 0.955812 0.882898 0.045154 0.044050
0 0.298995 0.913319 0.202532 0.173362
0 0.771172 0.289755 0.031925 0.031146
0 0.366738 0.498062 0.043912 0.043675
0 0.030079 0.225920 0.027688 0.028472
0 0.387724 0.535529 0.058574 0.056078
0 0.117555 0.887006 0.212553 0.212255
0 0.074469 0.071488 0.025709 0.025373
0 0.137348 0.106607 0.027516 0.027173
0 0.906911 0.862088 0.044610 0.042969
0 0.058418 0.050948 0.029284 0.028540
0 0.755304 0.180238 0.074743 0.068454
0 0.104961 0.024305 0.030751 0.031588
0 0.130280 0.524225 0.022358 0.022118
0 0.234377 0.137747 0.022817 0.022378
0 0.546834 0.937621 0.046771 0.047266
0 0.674570 0.916177 0.028259 0.027558
0 0.138808 0.288324 0.068197 0.069215
0 0.032278 0.013732 0.022216 0.022161
0 0.870328 0.323939 0.020932 0.020723
0 0.006091 0.788364 0.012183 0.056266
0 0.603442 0.817245 0.044526 0.043242
0 0.274711 0.461915 0.051076 0.050776
0 0.260629 0.100828 0.021066 0.021316
0 0.252918 0.054304 0.063438 0.063289
0 0.129605 0.961770 0.100012 0.076007
0 0.858116 0.985890 0.038944 0.028221
0 0.173569 0.974729 0.047765 0.046218
0 0.010840 0.516289 0.021369 0.053393
0 0.150621 0.698182 0.171809 0.169703
