0 0.523704 0.538578 0.088467 0.088929
0 0.833118 0.744249 0.027425 0.027446
0 0.883475 0.226728 0.044767 0.044928
0 0.903597 0.816448 0.046811 0.046621
0 0.254494 0.344353 0.024581 0.024239
0 0.151100 0.150380 0.022785 0.022784
0 0.709039 0.931907 0.031053 0.031466
0 0.382135 0.529061 0.041056 0.040686
0 0.443649 0.854010 0.028518 0.029023
0 0.257217 0.862400 0.029751 0.030003
0 0.625001 0.989272 0.024214 0.021457
0 0.089189 0.955426 0.026767 0.026973
0 0.592660 0.438613 0.042974 0.042587
0 0.215255 0.222060 0.028468 0.028346
0 0.048766 0.983583 0.023109 0.023460
0 0.757479 0.713798 0.034304 0.033924
0 0.042682 0.210279 0.030079 0.030941
0 0.079636 0.856495 0.021928 0.022052
0 0.642453 0.720695 0.020922 0.020535
0 0.037784 0.936928 0.020959 0.021294
0 0.868013 0.770821 0.020246 0.021024
0 0.983710 0.448376 0.023673 0.024004
0 0.334564 0.617953 0.021013 0.021119
0 0.817708 0.503440 0.037542 0.037671
0 0.565941 0.801172 0.067865 0.068631
0 0.431298 0.782805 0.021868 0.022223
0 0.765313 0.959115 0.033384 0.033554
0 0.903690 0.436391 0.022957 0.023077
0 0.345240 0.811999 0.024091 0.023583
0 0.828028 0.526217 0.023083 0.022501
0 0.831187 0.468766 0.027704 0.027096
0 0.120473 0.046861 0.020898 0.020871
0 0.351255 0.594859 0.081907 0.081650
0 0.475353 0.992965 0.043584 0.014071
0 0.830478 0.939019 0.076230 0.076866
0 0.972671 0.870614 0.018482 0.018341
0 0.530251 0.722738 0.071312 0.070065
0 0.407665 0.090662 0.335977 0.180965
0 0.879924 0.940369 0.027944 0.027621
0 0.234014 0.275439 0.028421 0.028674
0 0.993111 0.387756 0.013778 0.020484
0 0.436714 0.736412 0.120638 0.113987
0 0.020093 0.592214 0.019704 0.020410
0 0.850851 0.186611 0.018478 0.018241
