0 0.771848 0.406998 0.222941 0.209810
0 0.500251 0.767785 0.309097 0.281511
0 0.887989 0.241800 0.053329 0.047703
0 0.806273 0.784636 0.047341 0.044865
0 0.874346 0.689982 0.041798 0.039822
0 0.042482 0.392022 0.031634 0.030681
0 0.768330 0.485995 0.038073 0.037419
0 0.423420 0.118199 0.035949 0.034842
0 0.378486 0.208966 0.030170 0.029146
0 0.736746 0.541479 0.034605 0.032820
0 0.973962 0.671516 0.052076 0.085741
0 0.882087 0.410923 0.037997 0.036721
0 0.470188 0.284407 0.027798 0.027849
0 0.923954 0.723831 0.036675 0.035955
0 0.642209 0.491585 0.027747 0.027397
0 0.814939 0.825297 0.033904 0.032484
0 0.286803 0.583197 0.049088 0.048591
0 0.765854 0.195202 0.031830 0.030508
0 0.727291 0.683811 0.029556 0.027808
0 0.755621 0.802927 0.053538 0.051531
0 0.432790 0.202342 0.028466 0.028075
0 0.367723 0.560598 0.042148 0.039955
0 0.130167 0.742751 0.028738 0.027095
0 0.928394 0.028292 0.029285 0.028175
0 0.929763 0.945326 0.140474 0.109109
0 0.477687 0.571701 0.052577 0.051257
