0 0.602906 0.896381 0.028718 0.028543
0 0.477010 0.718584 0.026085 0.026560
0 0.099002 0.394145 0.022697 0.022760
0 0.744360 0.314093 0.027188 0.027394
0 0.831549 0.194596 0.142938 0.139884
0 0.466855 0.598362 0.027545 0.027436
0 0.588807 0.199472 0.035389 0.034509
0 0.185870 0.784863 0.329223 0.313663
0 0.643470 0.712639 0.027438 0.027047
0 0.269990 0.351067 0.131741 0.130692
0 0.352271 0.220554 0.023361 0.023036
0 0.619459 0.029506 0.028120 0.027901
0 0.406972 0.673414 0.024228 0.024167
0 0.459833 0.924749 0.051441 0.050258
0 0.619536 0.687962 0.021411 0.021374
0 0.173550 0.330140 0.026879 0.026645
0 0.401462 0.134122 0.025851 0.026067
0 0.680146 0.639140 0.037961 0.037845
0 0.431765 0.147091 0.032286 0.032648
0 0.536261 0.139749 0.025251 0.025166
0 0.072943 0.649271 0.033877 0.034208
0 0.657057 0.106218 0.032469 0.032393
0 0.958228 0.715643 0.026301 0.025811
0 0.702645 0.500346 0.119187 0.118648
0 0.535999 0.818258 0.021557 0.021104
0 0.517086 0.166990 0.030498 0.030254
0 0.153356 0.216246 0.033340 0.032866
0 0.037889 0.115823 0.030305 0.030016
0 0.202944 0.395378 0.023523 0.023575
0 0.540040 0.041161 0.127551 0.082322
0 0.195693 0.855567 0.022564 0.022245
0 0.554598 0.902817 0.026300 0.026050
0 0.033470 0.316566 0.026399 0.027062
0 0.441272 0.111768 0.026411 0.025840
0 0.913736 0.040196 0.034817 0.035260
0 0.033407 0.688744 0.025531 0.024027
0 0.653764 0.145442 0.022692 0.022590
0 0.029599 0.345451 0.026882 0.026227
0 0.344435 0.295231 0.050722 0.051747
0 0.177559 0.449406 0.062982 0.062553
0 0.010893 0.214033 0.019320 0.018984
0 0.943723 0.181868 0.112554 0.122926
0 0.140652 0.074438 0.036138 0.036416
0 0.374159 0.361522 0.075505 0.075190
0 0.196510 0.467439 0.031574 0.031925
0 0.684788 0.505415 0.026521 0.026471
0 0.639093 0.783665 0.020508 0.020355
0 0.251550 0.954765 0.138167 0.090470
0 0.093617 0.953045 0.183167 0.093911
0 0.064873 0.279960 0.019414 0.019555
0 0.025270 0.276395 0.020684 0.020216
0 0.923380 0.460480 0.068958 0.066489
0 0.267044 0.895014 0.022046 0.022407
0 0.980621 0.073994 0.027934 0.026881
0 0.317031 0.668310 0.019887 0.019702
0 0.113075 0.214901 0.023212 0.023550
0 0.053511 0.370665 0.052334 0.052186
0 0.786433 0.554159 0.069105 0.069767
0 0.898824 0.403208 0.021831 0.021809
0 0.768785 0.780304 0.028213 0.029181
0 0.277811 0.274548 0.025664 0.025093
0 0.987873 0.464330 0.022359 0.022379
0 0.107246 0.246162 0.020932 0.020708
0 0.608946 0.406071 0.047247 0.045269
0 0.494889 0.177213 0.020044 0.019330
0 0.087033 0.331619 0.052682 0.051795
0 0.227080 0.217497 0.037059 0.037713
0 0.284797 0.228970 0.072886 0.073437
0 0.066824 0.569622 0.106460 0.107476
0 0.614293 0.437563 0.036276 0.033773
0 0.138164 0.556378 0.045085 0.045813
0 0.194696 0.293803 0.039038 0.040553
0 0.673905 0.786697 0.018202 0.018083
0 0.382471 0.558785 0.023046 0.023453
0 0.771344 0.702566 0.023216 0.023241
0 0.850538 0.711824 0.020490 0.020011
0 0.221958 0.297203 0.018655 0.018853
0 0.466929 0.302765 0.134005 0.132884
0 0.580708 0.718438 0.018953 0.018787
0 0.528818 0.974268 0.197348 0.051465
0 0.258448 0.264296 0.018403 0.018481
0 0.418892 0.413010 0.081260 0.081178
0 0.859950 0.736622 0.019255 0.019492
0 0.408350 0.032785 0.027216 0.027539
0 0.592944 0.316175 0.018636 0.018667
0 0.610070 0.598706 0.018712 0.018936
