0 0.905174 0.768192 0.051910 0.049746
0 0.617939 0.119560 0.030396 0.029465
0 0.142957 0.258946 0.036542 0.035285
0 0.101790 0.955577 0.043777 0.041658
0 0.760368 0.418330 0.247769 0.211784
0 0.436584 0.166592 0.039357 0.037975
0 0.236913 0.294279 0.054590 0.051224
0 0.237235 0.487609 0.031967 0.030779
0 0.825636 0.892778 0.038559 0.038403
0 0.832990 0.031208 0.037659 0.035523
0 0.539362 0.166018 0.033711 0.033096
0 0.593678 0.653540 0.039822 0.038462
0 0.750010 0.926760 0.105152 0.096728
0 0.251699 0.104470 0.027586 0.026838
0 0.538305 0.268316 0.029645 0.029131
0 0.637975 0.024165 0.035590 0.034357
0 0.877120 0.247465 0.029597 0.028440
0 0.988368 0.738282 0.023265 0.030268
0 0.080902 0.885037 0.034711 0.033908
0 0.168260 0.680843 0.024391 0.024369
0 0.531062 0.931735 0.068586 0.067170
0 0.050999 0.921162 0.026650 0.026265
0 0.569448 0.295821 0.023467 0.023079
0 0.085930 0.464792 0.041653 0.040510
0 0.620751 0.040339 0.025030 0.023864
0 0.426124 0.575414 0.030429 0.028711
0 0.126755 0.877900 0.021645 0.022012
0 0.961603 0.855911 0.076497 0.178217
