0 0.068580 0.439015 0.070185 0.069480
0 0.218144 0.537665 0.061975 0.060684
0 0.311839 0.333879 0.027058 0.026497
0 0.255910 0.201048 0.031210 0.031026
0 0.072507 0.986652 0.031840 0.026683
0 0.117302 0.770732 0.030114 0.030324
0 0.416697 0.489568 0.024035 0.024138
0 0.348943 0.608224 0.073796 0.073063
0 0.098024 0.809747 0.027021 0.027103
0 0.013949 0.633177 0.027719 0.037697
0 0.140247 0.578900 0.021874 0.022082
0 0.028580 0.203778 0.042058 0.040993
0 0.789761 0.642507 0.021444 0.021574
0 0.340937 0.197683 0.020026 0.020276
