0 0.238567 0.307448 0.158264 0.124052
0 0.245158 0.170504 0.179417 0.147183
0 0.244047 0.548867 0.234374 0.186046
0 0.412948 0.883856 0.069450 0.055431
0 0.705626 0.157868 0.045931 0.034863
0 0.885671 0.588232 0.228150 0.195092
0 0.746753 0.535137 0.054987 0.044583
0 0.274662 0.149703 0.064257 0.051008
0 0.936786 0.042353 0.038946 0.031783
0 0.115352 0.461615 0.132754 0.108474
0 0.512560 0.221472 0.132009 0.105208
0 0.232617 0.823641 0.054071 0.043898
0 0.043109 0.342158 0.086219 0.081332
0 0.842261 0.746447 0.041064 0.033486
0 0.708889 0.768019 0.031347 0.025848
0 0.355833 0.781143 0.040627 0.030577
0 0.908819 0.314516 0.037258 0.031363
0 0.199289 0.414519 0.050741 0.038592
0 0.508345 0.702894 0.033491 0.026225
0 0.260760 0.416809 0.077991 0.064617
0 0.324559 0.690290 0.064617 0.044290
0 0.050442 0.706261 0.036602 0.031466
0 0.043625 0.522887 0.027314 0.024840
0 0.922970 0.282962 0.045337 0.036746
0 0.526099 0.951174 0.038211 0.032564
