0 0.473723 0.650995 0.072395 0.071276
0 0.290980 0.802728 0.038511 0.038380
0 0.603060 0.305064 0.081271 0.082658
0 0.740052 0.304463 0.040046 0.039993
0 0.499892 0.809486 0.036093 0.035923
0 0.928664 0.184799 0.030002 0.029802
0 0.380691 0.580113 0.068397 0.069033
0 0.666896 0.448540 0.064716 0.064437
0 0.654423 0.976121 0.050224 0.047758
0 0.407804 0.527801 0.043470 0.043085
0 0.260705 0.856632 0.034685 0.034676
0 0.279544 0.448985 0.038487 0.038582
0 0.443589 0.695961 0.075503 0.074855
0 0.602686 0.405977 0.041103 0.040949
0 0.549189 0.957382 0.027022 0.026788
0 0.624489 0.773447 0.034947 0.034443
0 0.254901 0.544596 0.028971 0.029414
0 0.330451 0.929735 0.029804 0.029550
0 0.194914 0.452644 0.023330 0.023723
0 0.976814 0.796184 0.043910 0.046020
0 0.525068 0.665349 0.045904 0.045639
0 0.817722 0.881495 0.038502 0.038886
0 0.599314 0.083989 0.026004 0.025913
0 0.519639 0.590720 0.045151 0.045883
0 0.611413 0.696724 0.035823 0.035582
0 0.727445 0.942371 0.041410 0.040914
0 0.210247 0.939431 0.033449 0.034227
0 0.808277 0.990737 0.028276 0.018499
0 0.560649 0.733262 0.041762 0.042481
0 0.267361 0.511296 0.041617 0.040933
0 0.267127 0.412358 0.030917 0.030533
0 0.039359 0.525714 0.027489 0.028019
0 0.263695 0.922477 0.029189 0.029771
0 0.231887 0.375094 0.024151 0.024718
0 0.620777 0.490645 0.034687 0.035351
0 0.700866 0.966650 0.038127 0.036932
0 0.750392 0.987616 0.023839 0.022618
0 0.876551 0.164786 0.031890 0.032325
0 0.635758 0.720380 0.033988 0.034151
0 0.713400 0.018203 0.035467 0.033540
0 0.988531 0.465767 0.019682 0.019985
0 0.749034 0.969200 0.034921 0.034333
0 0.514626 0.531306 0.046543 0.045966
0 0.674738 0.565450 0.030367 0.030865
0 0.702599 0.690357 0.020032 0.019923
0 0.199142 0.986517 0.028238 0.025857
0 0.592568 0.754604 0.027440 0.027628
0 0.757278 0.369321 0.029635 0.029799
0 0.347433 0.687764 0.025339 0.025226
0 0.981803 0.629397 0.036315 0.043923
0 0.317730 0.992929 0.039236 0.014142
0 0.825400 0.464896 0.021812 0.021947
0 0.336118 0.405308 0.250725 0.275081
0 0.511997 0.433510 0.026325 0.026306
0 0.324461 0.076551 0.019120 0.019427
