0 0.136061 0.326527 0.174142 0.143320
0 0.572951 0.666448 0.044852 0.037709
0 0.500950 0.026722 0.075322 0.053347
0 0.022091 0.844004 0.044181 0.042455
0 0.376774 0.556786 0.069026 0.052423
0 0.744846 0.882175 0.030001 0.028622
0 0.024455 0.010725 0.038167 0.021449
0 0.433661 0.428275 0.034799 0.029153
0 0.210939 0.691852 0.042312 0.036650
0 0.861354 0.355426 0.033410 0.028411
0 0.740452 0.850391 0.030884 0.029334
0 0.611729 0.954003 0.030385 0.026509
0 0.180267 0.596790 0.081273 0.062368
0 0.973650 0.279429 0.052286 0.091717
0 0.352560 0.059471 0.069075 0.056797
0 0.717660 0.367098 0.030629 0.026832
0 0.744985 0.787344 0.027446 0.025524
0 0.668896 0.295743 0.029923 0.025457
0 0.067115 0.645427 0.133971 0.117571
0 0.216105 0.145333 0.045344 0.038294
0 0.403632 0.158395 0.033476 0.029270
