0 0.597987 0.456887 0.311816 0.314068
0 0.278794 0.733616 0.034957 0.034446
0 0.321276 0.377606 0.024873 0.025332
0 0.027164 0.604750 0.021891 0.021693
0 0.071370 0.616275 0.025065 0.025129
0 0.586567 0.655884 0.021163 0.021338
0 0.689544 0.143948 0.029591 0.029394
0 0.192507 0.763931 0.023350 0.023673
0 0.763089 0.473370 0.023449 0.023811
0 0.439136 0.885446 0.022153 0.021816
0 0.414388 0.975405 0.026644 0.026431
0 0.882266 0.626852 0.022501 0.022865
0 0.553135 0.912829 0.030672 0.030458
0 0.958750 0.675254 0.027013 0.027644
0 0.984778 0.733834 0.022039 0.021763
0 0.533972 0.664659 0.022032 0.022112
0 0.951622 0.819694 0.022365 0.022504
0 0.182265 0.895563 0.040640 0.040506
0 0.355375 0.665234 0.024652 0.024755
0 0.176163 0.653750 0.022400 0.022353
0 0.105234 0.347578 0.036198 0.036158
0 0.489509 0.902463 0.024799 0.024867
0 0.376407 0.779743 0.022252 0.022382
0 0.929895 0.133805 0.023271 0.023312
0 0.443956 0.985746 0.024202 0.024194
0 0.825149 0.082717 0.019499 0.019618
0 0.008147 0.840010 0.016293 0.022106
0 0.867697 0.512919 0.022862 0.022850
0 0.215624 0.919390 0.030655 0.030585
0 0.974719 0.225338 0.019394 0.019270
0 0.186625 0.674004 0.020027 0.020324
0 0.069989 0.420062 0.139710 0.276070
0 0.143402 0.283139 0.035820 0.035723
0 0.826769 0.973847 0.022369 0.022372
0 0.411271 0.887683 0.020478 0.020299
0 0.487730 0.803633 0.020239 0.020307
0 0.591107 0.849864 0.020094 0.020042
0 0.928532 0.876047 0.038246 0.037946
0 0.822162 0.955149 0.018117 0.018225
0 0.931322 0.123110 0.019856 0.019957
0 0.122610 0.313213 0.036765 0.036560
0 0.186026 0.974225 0.297475 0.051550
0 0.993022 0.380664 0.013613 0.016757
0 0.762327 0.025423 0.217630 0.050846
0 0.093420 0.297476 0.033470 0.034066
0 0.377838 0.800184 0.018771 0.018858
0 0.495809 0.090599 0.026586 0.026402
0 0.626744 0.086699 0.017751 0.017814
0 0.915285 0.849768 0.025146 0.025403
