0 0.360549 0.829236 0.261704 0.216703
0 0.394364 0.310575 0.097513 0.073798
0 0.580523 0.403477 0.171122 0.146751
0 0.464821 0.889217 0.055525 0.046321
0 0.312538 0.136941 0.123780 0.113401
0 0.516060 0.282147 0.049822 0.039489
0 0.389097 0.372649 0.044556 0.035070
0 0.181635 0.753534 0.052276 0.040543
0 0.303197 0.576387 0.052582 0.039461
0 0.701774 0.632481 0.043878 0.037236
0 0.615883 0.029184 0.036013 0.033249
0 0.623393 0.300271 0.036419 0.033146
0 0.413345 0.144157 0.036822 0.032867
0 0.149670 0.296624 0.046960 0.044963
0 0.498227 0.782064 0.034233 0.033080
0 0.238022 0.489751 0.409078 0.298261
0 0.490482 0.955746 0.044221 0.035652
0 0.171699 0.960822 0.216598 0.078212
0 0.391599 0.691904 0.045770 0.039943
0 0.317396 0.217506 0.059218 0.052372
0 0.298264 0.295288 0.075518 0.060747
0 0.151673 0.693572 0.093561 0.077887
0 0.960579 0.035333 0.039165 0.033546
0 0.664531 0.665531 0.042882 0.036139
0 0.674521 0.114964 0.032354 0.029019
0 0.055860 0.910789 0.041121 0.032489
0 0.623448 0.986177 0.040912 0.026890
0 0.792735 0.729762 0.035747 0.030279
0 0.569245 0.127853 0.033780 0.030546
0 0.397685 0.091295 0.029665 0.027449
0 0.607792 0.098261 0.030191 0.027726
0 0.902186 0.311118 0.049139 0.044744
0 0.390097 0.180908 0.027492 0.025498
0 0.791626 0.409912 0.053097 0.047350
0 0.553293 0.666855 0.120851 0.103384
0 0.011874 0.433436 0.023413 0.026519
