0 0.866099 0.081137 0.082019 0.082120
0 0.553213 0.382294 0.028088 0.028640
0 0.918222 0.144571 0.026601 0.026946
0 0.177170 0.431315 0.031735 0.032737
0 0.801148 0.923505 0.047957 0.048548
0 0.526373 0.597766 0.036549 0.036980
0 0.957254 0.199098 0.024412 0.024803
0 0.660969 0.367435 0.033157 0.033327
0 0.768788 0.881251 0.029378 0.029002
0 0.103436 0.712669 0.033503 0.033543
0 0.783946 0.456719 0.024700 0.024464
0 0.769593 0.965542 0.031751 0.032210
0 0.577888 0.656035 0.023359 0.023552
0 0.179481 0.888808 0.030664 0.031094
0 0.154876 0.481803 0.027152 0.027058
0 0.631378 0.791976 0.023307 0.023057
0 0.738765 0.841012 0.027155 0.026879
0 0.429271 0.466314 0.029753 0.029911
0 0.697991 0.405487 0.034074 0.034044
0 0.686840 0.431994 0.052979 0.052075
0 0.207935 0.666949 0.025764 0.025667
0 0.878114 0.450182 0.021358 0.021514
0 0.442013 0.557295 0.034087 0.033806
0 0.427979 0.659920 0.023673 0.023350
0 0.416032 0.942008 0.066801 0.067936
0 0.844979 0.866101 0.039609 0.039235
0 0.578781 0.779825 0.021912 0.021986
0 0.357369 0.423887 0.023364 0.023851
0 0.735197 0.456141 0.019952 0.019801
0 0.352369 0.804403 0.021097 0.020942
0 0.699769 0.560156 0.021914 0.022482
0 0.240807 0.059530 0.022271 0.022129
0 0.483192 0.006047 0.044250 0.012095
0 0.805717 0.831607 0.024779 0.024499
0 0.228519 0.992433 0.035180 0.015133
0 0.881839 0.736221 0.028626 0.028624
0 0.251412 0.353055 0.022986 0.022600
0 0.882129 0.563131 0.019521 0.019707
0 0.434740 0.338568 0.018084 0.018019
0 0.271464 0.628519 0.024789 0.024234
