0 0.204133 0.284481 0.096851 0.069228
0 0.035615 0.054554 0.070484 0.055190
0 0.869450 0.152245 0.135934 0.098372
0 0.283276 0.710312 0.056120 0.041217
0 0.915286 0.025645 0.084365 0.051289
0 0.448311 0.769974 0.065701 0.047986
0 0.679192 0.775804 0.041865 0.033994
0 0.872868 0.098575 0.100919 0.071449
0 0.691101 0.846199 0.042945 0.033213
0 0.973927 0.294223 0.052147 0.072909
0 0.637239 0.700464 0.047557 0.035258
0 0.291930 0.865836 0.051063 0.036756
0 0.700827 0.638582 0.041161 0.030413
0 0.681391 0.536579 0.041382 0.032533
0 0.175502 0.030191 0.037791 0.028815
0 0.055606 0.106664 0.056875 0.043315
0 0.372669 0.891232 0.050177 0.036464
0 0.692675 0.120500 0.052673 0.038399
0 0.588031 0.710940 0.047410 0.037609
0 0.177906 0.171817 0.040919 0.031783
0 0.115391 0.411071 0.045373 0.038358
0 0.474471 0.619093 0.057613 0.042983
0 0.458255 0.226188 0.082469 0.060105
0 0.580469 0.822772 0.067208 0.052980
0 0.872324 0.476428 0.050247 0.040027
0 0.171536 0.969840 0.101451 0.059666
0 0.561370 0.691989 0.052404 0.041034
0 0.450039 0.693393 0.055065 0.040439
