0 0.447512 0.026324 0.046834 0.046896
0 0.259811 0.076519 0.033629 0.033252
0 0.758063 0.011777 0.029415 0.023458
0 0.332728 0.531947 0.031108 0.031458
0 0.217645 0.690233 0.034130 0.034251
0 0.418615 0.670671 0.043495 0.043354
0 0.178464 0.439379 0.030963 0.031223
0 0.122451 0.540500 0.038943 0.039606
0 0.281389 0.721336 0.027157 0.027010
0 0.974997 0.107833 0.027549 0.027809
0 0.544684 0.962700 0.054122 0.053110
0 0.259904 0.635263 0.026817 0.027274
0 0.642316 0.569443 0.049330 0.048045
0 0.284329 0.621848 0.025449 0.025079
0 0.539159 0.010629 0.049279 0.021187
0 0.501607 0.783526 0.031062 0.031123
0 0.440521 0.567517 0.031369 0.031307
0 0.308791 0.421253 0.034391 0.034362
0 0.244440 0.355575 0.024298 0.024093
0 0.538635 0.315487 0.029760 0.030153
0 0.200841 0.889763 0.029955 0.030010
0 0.540664 0.708769 0.038208 0.038704
0 0.851520 0.131531 0.066811 0.066756
0 0.022220 0.943639 0.025224 0.024418
0 0.786362 0.165645 0.050835 0.049510
0 0.992190 0.429757 0.015319 0.043675
0 0.014540 0.505970 0.029051 0.034597
0 0.514867 0.226087 0.031224 0.031463
0 0.302355 0.300216 0.028714 0.028947
0 0.627516 0.618783 0.037862 0.040139
0 0.612288 0.012080 0.027488 0.023907
0 0.860174 0.769373 0.021201 0.021185
0 0.027807 0.594149 0.021721 0.021527
0 0.613587 0.254111 0.037075 0.037293
0 0.882998 0.111643 0.047246 0.046711
0 0.647452 0.136639 0.045180 0.046009
0 0.037273 0.421653 0.032278 0.031833
0 0.029448 0.984076 0.022736 0.022510
0 0.705304 0.608924 0.044520 0.045666
0 0.599959 0.276034 0.023519 0.023790
0 0.035012 0.651991 0.021503 0.021449
0 0.183621 0.936444 0.050765 0.050066
0 0.081291 0.686044 0.021206 0.021042
0 0.104316 0.097984 0.023202 0.023129
0 0.958541 0.387323 0.024906 0.024738
0 0.693773 0.385248 0.036309 0.036417
0 0.169282 0.942426 0.042567 0.046972
0 0.730363 0.719537 0.046544 0.044707
0 0.719005 0.409174 0.437518 0.410181
0 0.509195 0.979797 0.022435 0.022465
0 0.764646 0.759550 0.043026 0.044265
0 0.986248 0.657902 0.027503 0.047922
0 0.105449 0.426448 0.027900 0.028020
0 0.863341 0.695908 0.024444 0.024532
0 0.803603 0.915900 0.023607 0.023677
0 0.392910 0.711377 0.029709 0.030289
0 0.357627 0.779669 0.021035 0.021054
0 0.643505 0.611980 0.053181 0.050382
0 0.381085 0.242062 0.026497 0.026343
0 0.579696 0.953022 0.019583 0.019631
0 0.110069 0.602209 0.021261 0.020917
