0 0.352850 0.881296 0.029077 0.029046
0 0.527009 0.843175 0.027305 0.027118
0 0.553351 0.983221 0.030643 0.029903
0 0.395154 0.647919 0.030681 0.029692
0 0.233694 0.576365 0.024138 0.023912
0 0.510643 0.981689 0.026241 0.026620
0 0.563911 0.127032 0.026617 0.026414
0 0.990497 0.417550 0.018652 0.022690
0 0.026830 0.662697 0.026489 0.026134
0 0.590280 0.881496 0.028280 0.028203
0 0.994054 0.338041 0.011839 0.047205
0 0.958427 0.767167 0.032762 0.033143
0 0.458676 0.740700 0.027734 0.027617
0 0.551683 0.869784 0.025546 0.025317
0 0.152535 0.695832 0.023312 0.022898
0 0.918269 0.224416 0.027342 0.027226
