0 0.157700 0.502562 0.230287 0.198835
0 0.162987 0.374143 0.044110 0.038964
0 0.669056 0.576023 0.217756 0.191420
0 0.153005 0.689322 0.039678 0.035390
0 0.610250 0.823373 0.074910 0.063296
0 0.269809 0.317342 0.049993 0.039338
0 0.814840 0.956214 0.062207 0.047214
0 0.460616 0.040701 0.216689 0.080357
0 0.875782 0.460948 0.247457 0.382206
0 0.358606 0.964918 0.035773 0.030095
0 0.477136 0.113553 0.067803 0.054220
0 0.088376 0.912957 0.176751 0.169289
0 0.100713 0.864743 0.099549 0.087553
0 0.679429 0.422103 0.026520 0.023978
0 0.361511 0.874878 0.031872 0.028757
0 0.424995 0.091015 0.054860 0.046746
0 0.764554 0.839186 0.166203 0.131385
0 0.409842 0.220148 0.057062 0.045766
0 0.802738 0.223103 0.035649 0.030287
0 0.637711 0.991717 0.040825 0.016157
0 0.223255 0.007353 0.033974 0.014256
0 0.398044 0.654021 0.387814 0.330537
0 0.109764 0.613861 0.092071 0.081512
0 0.407208 0.670539 0.023456 0.021825
0 0.234669 0.725082 0.033478 0.027455
0 0.914404 0.915012 0.171193 0.149242
0 0.589612 0.188729 0.030666 0.028242
0 0.453627 0.880718 0.158510 0.133818
0 0.622211 0.220424 0.034551 0.029060
0 0.531644 0.606426 0.030672 0.028985
0 0.529224 0.406342 0.024228 0.022486
