0 0.143241 0.505211 0.066402 0.065929
0 0.133079 0.390788 0.069192 0.068579
0 0.735609 0.581924 0.043798 0.042477
0 0.968789 0.771625 0.032778 0.031941
0 0.578366 0.183315 0.030682 0.030574
0 0.033177 0.477320 0.065581 0.087827
0 0.158323 0.157206 0.029578 0.028938
0 0.413704 0.148031 0.027093 0.027032
0 0.226683 0.521401 0.029015 0.028123
0 0.475597 0.192850 0.025689 0.025333
0 0.019779 0.599804 0.039471 0.074196
0 0.231230 0.563317 0.027405 0.027226
0 0.689079 0.621913 0.023397 0.023192
0 0.358453 0.455681 0.025167 0.025343
0 0.919825 0.411102 0.026426 0.026618
0 0.440284 0.402907 0.026721 0.026811
0 0.923024 0.385373 0.024258 0.023960
0 0.082803 0.632782 0.023453 0.023320
0 0.209610 0.609940 0.030843 0.032483
0 0.204400 0.433495 0.024998 0.025330
0 0.045604 0.725158 0.022566 0.022333
0 0.033235 0.303528 0.034954 0.034627
0 0.519021 0.225194 0.031685 0.031709
0 0.273133 0.417226 0.022723 0.022265
