0 0.880451 0.379980 0.077281 0.076819
0 0.466630 0.747982 0.073197 0.073623
0 0.832585 0.740495 0.038607 0.038669
0 0.910845 0.735425 0.045738 0.045646
0 0.755965 0.070510 0.066483 0.066759
0 0.874226 0.689224 0.024812 0.024951
0 0.837649 0.093390 0.031642 0.031490
0 0.932809 0.111327 0.037817 0.037453
0 0.793873 0.631837 0.026212 0.026138
0 0.265803 0.472309 0.086989 0.087731
0 0.485822 0.837303 0.026664 0.026631
0 0.896783 0.203798 0.045993 0.045760
0 0.716752 0.885998 0.040332 0.040448
0 0.934229 0.671214 0.020971 0.021036
0 0.784846 0.975084 0.031106 0.031428
0 0.297007 0.730483 0.040142 0.040753
0 0.604820 0.555922 0.080423 0.080089
0 0.839024 0.520995 0.047921 0.049261
0 0.492591 0.874610 0.071012 0.071188
0 0.350849 0.984112 0.025094 0.025426
0 0.578681 0.830356 0.084142 0.086567
0 0.682841 0.385636 0.075569 0.075577
0 0.586737 0.357140 0.047890 0.047705
0 0.974184 0.073367 0.048859 0.047744
0 0.723992 0.665678 0.022299 0.022496
0 0.664619 0.324769 0.060096 0.059296
0 0.988656 0.933926 0.022687 0.029678
0 0.643102 0.423703 0.029812 0.030048
0 0.592480 0.270489 0.045787 0.045041
0 0.621169 0.803301 0.030607 0.031752
0 0.799198 0.479334 0.027930 0.027915
0 0.272312 0.553195 0.025772 0.026017
0 0.913816 0.597790 0.021664 0.022290
0 0.456158 0.633813 0.098760 0.098381
0 0.975117 0.112334 0.031707 0.031662
0 0.107476 0.473416 0.022644 0.022634
0 0.953889 0.149866 0.036397 0.035441
0 0.749360 0.717795 0.024839 0.024502
0 0.785956 0.177867 0.053876 0.052764
0 0.338538 0.725874 0.045307 0.046314
0 0.985464 0.388014 0.028155 0.030463
0 0.883510 0.050807 0.029711 0.029785
0 0.788852 0.517370 0.053757 0.052798
0 0.904237 0.416176 0.044949 0.044670
0 0.074081 0.939927 0.046389 0.046598
0 0.686927 0.611976 0.022033 0.022615
0 0.042221 0.160880 0.025014 0.025349
0 0.561297 0.006819 0.032952 0.013569
0 0.505476 0.566224 0.112905 0.109924
0 0.743276 0.697578 0.021488 0.021441
0 0.833687 0.196100 0.038544 0.038736
0 0.328238 0.924418 0.024176 0.023258
0 0.794900 0.143255 0.024719 0.024317
0 0.008651 0.934379 0.017076 0.028216
0 0.674564 0.795628 0.071273 0.069757
0 0.114869 0.830332 0.023120 0.023143
0 0.365481 0.878778 0.032619 0.032268
0 0.504975 0.821017 0.020999 0.020865
0 0.773180 0.180465 0.031256 0.039065
0 0.433355 0.949323 0.028129 0.028106
0 0.982308 0.485302 0.034537 0.042004
0 0.335213 0.856746 0.041564 0.041744
0 0.992547 0.306145 0.014651 0.044688
0 0.024202 0.311521 0.020236 0.019902
0 0.899769 0.858525 0.200462 0.280525
0 0.872171 0.228531 0.032124 0.032329
