0 0.609803 0.351997 0.029118 0.028642
0 0.344806 0.783860 0.029752 0.028948
0 0.674370 0.603772 0.027461 0.026634
0 0.079017 0.234102 0.031379 0.030187
0 0.121484 0.147358 0.035949 0.035866
0 0.360949 0.495814 0.028900 0.028813
0 0.444875 0.656732 0.025720 0.023836
0 0.284598 0.982885 0.031187 0.029726
0 0.639939 0.837846 0.026196 0.025336
0 0.191135 0.955343 0.036431 0.035741
0 0.471471 0.484979 0.024948 0.023899
0 0.047246 0.276541 0.023164 0.022602
0 0.387885 0.797687 0.022192 0.021788
0 0.554405 0.753098 0.026174 0.025670
0 0.282964 0.799112 0.021889 0.021204
0 0.120820 0.627301 0.020598 0.020486
0 0.743263 0.855046 0.022195 0.021675
0 0.036086 0.749531 0.020473 0.019924
0 0.171766 0.992688 0.025307 0.014624
0 0.007044 0.677751 0.013919 0.019653
0 0.401708 0.702095 0.020137 0.019456
