0 0.529936 0.096057 0.121663 0.121840
0 0.622427 0.957759 0.037033 0.036469
0 0.516209 0.672948 0.026362 0.026603
0 0.365161 0.815328 0.026101 0.025997
0 0.141473 0.955667 0.029164 0.028835
0 0.795220 0.891262 0.031161 0.031276
0 0.761052 0.691322 0.027457 0.027392
0 0.219042 0.575396 0.022729 0.022596
0 0.779800 0.463358 0.029157 0.030375
0 0.672006 0.845393 0.025453 0.025626
0 0.630462 0.017126 0.024234 0.024775
0 0.883574 0.250462 0.022985 0.023010
0 0.411868 0.823858 0.023450 0.023491
0 0.567445 0.236797 0.021157 0.021097
0 0.077272 0.419224 0.022753 0.023330
