0 0.257598 0.731620 0.039511 0.038384
0 0.433501 0.235189 0.080795 0.075038
0 0.390553 0.320251 0.104437 0.098238
0 0.808659 0.721950 0.045845 0.043065
0 0.748180 0.954528 0.037406 0.034750
0 0.989031 0.740806 0.021938 0.039969
0 0.718592 0.384186 0.029892 0.028869
0 0.192374 0.374961 0.032350 0.031421
0 0.090488 0.352334 0.040530 0.038714
0 0.024812 0.357538 0.045529 0.044662
0 0.754491 0.522594 0.034089 0.032607
0 0.686520 0.787866 0.025952 0.025302
0 0.099886 0.506442 0.046341 0.044281
0 0.856517 0.360928 0.033394 0.030004
0 0.157665 0.475221 0.032987 0.030952
0 0.720108 0.138181 0.026157 0.025688
0 0.030073 0.463688 0.049144 0.048089
0 0.704999 0.047803 0.022445 0.022336
0 0.370002 0.691220 0.028166 0.027191
0 0.044797 0.292715 0.063355 0.063357
0 0.210322 0.679241 0.023106 0.022957
0 0.153124 0.577249 0.029967 0.029485
0 0.259233 0.363654 0.047257 0.044819
0 0.016892 0.015991 0.030182 0.029808
0 0.852541 0.454975 0.036334 0.034881
0 0.962925 0.049437 0.029506 0.028947
0 0.156630 0.192403 0.024418 0.024480
0 0.897792 0.948640 0.031168 0.026710
0 0.770180 0.488361 0.038576 0.039899
0 0.969244 0.270293 0.040034 0.038625
0 0.644853 0.524621 0.022355 0.022095
0 0.099002 0.976190 0.024546 0.024289
0 0.985151 0.845438 0.029632 0.068160
0 0.007891 0.493686 0.015781 0.066416
0 0.674903 0.614813 0.085475 0.078123
0 0.055457 0.555085 0.109653 0.105767
0 0.804516 0.650762 0.022692 0.021642
