0 0.308136 0.711503 0.214594 0.189367
0 0.138799 0.541000 0.070375 0.059014
0 0.859859 0.823571 0.173835 0.135381
0 0.240673 0.949469 0.064455 0.053458
0 0.829185 0.496673 0.048073 0.039919
0 0.311836 0.339286 0.485222 0.377781
0 0.420888 0.949050 0.070542 0.056703
0 0.972071 0.316220 0.050953 0.046501
0 0.010417 0.152309 0.020834 0.027405
0 0.944334 0.331122 0.037240 0.031012
0 0.027066 0.889528 0.054131 0.096414
0 0.279084 0.979107 0.033758 0.030017
0 0.859709 0.018090 0.053331 0.035639
0 0.795661 0.898459 0.095738 0.080617
0 0.058318 0.023908 0.059149 0.047170
0 0.193115 0.502650 0.046608 0.041495
0 0.809893 0.969845 0.092463 0.059880
0 0.012784 0.228838 0.025568 0.029598
0 0.030030 0.989601 0.032465 0.020478
0 0.408578 0.150630 0.023167 0.021156
0 0.547458 0.107403 0.024889 0.023202
