0 0.332001 0.285716 0.068270 0.055325
0 0.706915 0.183780 0.048531 0.039277
0 0.698716 0.526729 0.070813 0.052354
0 0.074720 0.538887 0.147698 0.137723
0 0.121213 0.407542 0.089984 0.073283
0 0.089074 0.679671 0.063345 0.052507
0 0.552404 0.458664 0.164678 0.135718
0 0.173221 0.453108 0.077533 0.066558
0 0.900117 0.655797 0.115434 0.096324
0 0.611924 0.807020 0.200765 0.158849
0 0.026314 0.156169 0.043096 0.037712
0 0.901200 0.189259 0.197599 0.369067
0 0.619888 0.839840 0.037048 0.034103
0 0.446140 0.983380 0.035798 0.030381
0 0.013296 0.665754 0.026592 0.033421
0 0.139716 0.603248 0.033436 0.030175
0 0.646857 0.237698 0.032641 0.029955
0 0.339607 0.475804 0.147515 0.121750
0 0.364112 0.980508 0.084498 0.038970
0 0.757993 0.974524 0.192742 0.050953
0 0.595248 0.934591 0.166702 0.128181
0 0.176161 0.758762 0.096516 0.086655
0 0.260879 0.983792 0.037982 0.030908
0 0.510938 0.524249 0.049937 0.043138
0 0.306343 0.979299 0.046368 0.038579
0 0.084164 0.620656 0.059477 0.051188
0 0.790830 0.466966 0.127792 0.097412
0 0.167457 0.692261 0.078639 0.068002
0 0.202571 0.151938 0.336486 0.296297
0 0.947349 0.385145 0.037097 0.033409
0 0.892768 0.508702 0.031677 0.028896
