0 0.159744 0.518600 0.174846 0.171978
0 0.240075 0.704541 0.043033 0.043024
0 0.910433 0.555281 0.038055 0.037875
0 0.179930 0.853343 0.054387 0.054764
0 0.302440 0.392569 0.053606 0.053894
0 0.941536 0.925668 0.038933 0.039271
0 0.569253 0.101173 0.247584 0.201181
0 0.027048 0.923276 0.037832 0.037647
0 0.980643 0.091774 0.038715 0.041795
0 0.967671 0.395471 0.063078 0.064879
0 0.895905 0.679124 0.023055 0.023075
0 0.708194 0.195623 0.067977 0.066324
0 0.975782 0.509455 0.023927 0.023932
0 0.831457 0.017122 0.054118 0.034244
0 0.737383 0.981653 0.033116 0.033640
0 0.224989 0.797214 0.043252 0.043571
0 0.288532 0.282310 0.070555 0.071725
0 0.315152 0.790216 0.040199 0.039832
0 0.221781 0.765805 0.030045 0.029873
0 0.197119 0.826982 0.031449 0.031121
0 0.590277 0.768368 0.028837 0.028753
0 0.612960 0.732377 0.038599 0.038987
0 0.341410 0.815229 0.033125 0.032776
0 0.022393 0.649182 0.044569 0.056614
0 0.099405 0.074090 0.057418 0.056839
0 0.191043 0.770398 0.036225 0.036607
0 0.889671 0.204968 0.024971 0.025146
0 0.173372 0.687154 0.030811 0.030188
0 0.963361 0.324911 0.023501 0.024501
0 0.961563 0.642567 0.025244 0.025078
0 0.495066 0.905012 0.147319 0.147379
0 0.057454 0.540879 0.030343 0.030434
0 0.406284 0.812979 0.035503 0.035915
0 0.739842 0.812929 0.249073 0.243888
0 0.818842 0.170732 0.029759 0.030047
0 0.039738 0.495160 0.067402 0.065298
0 0.988381 0.530857 0.023238 0.026064
0 0.477942 0.677364 0.025516 0.025623
0 0.070097 0.803645 0.049828 0.049087
0 0.557940 0.991881 0.023747 0.016238
0 0.240705 0.942707 0.023579 0.023387
0 0.947321 0.587865 0.021500 0.021828
0 0.266809 0.164562 0.029619 0.029730
0 0.287472 0.805582 0.022544 0.022848
0 0.114085 0.984068 0.029275 0.028927
0 0.686166 0.492273 0.171456 0.171759
0 0.037473 0.141929 0.074788 0.111113
0 0.792090 0.181710 0.030518 0.030790
0 0.435473 0.585936 0.024469 0.024453
0 0.350940 0.786535 0.032908 0.034467
0 0.030533 0.983350 0.018620 0.019051
0 0.150069 0.881784 0.020920 0.021008
0 0.754133 0.401166 0.045007 0.045896
0 0.958947 0.363658 0.036790 0.037500
0 0.742579 0.596596 0.021406 0.021928
0 0.275305 0.123449 0.025859 0.026001
0 0.772443 0.434203 0.024662 0.024414
0 0.782525 0.923541 0.023375 0.023066
0 0.024849 0.795447 0.044798 0.044974
0 0.777727 0.323729 0.027608 0.027263
0 0.228318 0.829542 0.021580 0.022639
0 0.554900 0.305706 0.022733 0.023204
0 0.563168 0.852707 0.025107 0.025317
0 0.291348 0.574699 0.021672 0.021860
0 0.769165 0.468886 0.033831 0.033734
0 0.137934 0.855973 0.024715 0.024669
0 0.896131 0.314593 0.020327 0.020809
0 0.850797 0.133573 0.023056 0.023394
0 0.154057 0.906475 0.028371 0.030178
0 0.993366 0.434457 0.013269 0.058476
