0 0.329341 0.903043 0.235599 0.193913
0 0.644332 0.086029 0.034913 0.034603
0 0.561524 0.552634 0.026590 0.025498
0 0.934543 0.292227 0.024367 0.022938
0 0.237207 0.966331 0.030009 0.027403
0 0.565731 0.616176 0.026038 0.025681
0 0.104548 0.984201 0.038629 0.030506
0 0.060307 0.302370 0.023590 0.022633
0 0.369079 0.717340 0.047846 0.046052
0 0.819699 0.689700 0.031082 0.027054
0 0.477087 0.367011 0.024038 0.023441
0 0.262730 0.591679 0.025427 0.024286
0 0.729208 0.415108 0.050278 0.047386
0 0.068968 0.968904 0.031276 0.032374
0 0.478073 0.417511 0.027906 0.026633
0 0.195410 0.339589 0.390512 0.487732
0 0.647631 0.722694 0.022932 0.022630
0 0.127378 0.118840 0.119674 0.101770
0 0.781593 0.104804 0.028033 0.026663
0 0.060433 0.527058 0.019980 0.019675
