0 0.828297 0.262248 0.028588 0.028506
0 0.113939 0.450143 0.050966 0.051458
0 0.783195 0.093859 0.026178 0.024716
0 0.892270 0.437218 0.025306 0.025139
0 0.958091 0.091267 0.022659 0.022861
0 0.335732 0.670422 0.045490 0.045496
0 0.838332 0.220993 0.023420 0.023570
0 0.756690 0.661330 0.022505 0.022388
0 0.374417 0.654055 0.037875 0.038527
0 0.886482 0.013361 0.030089 0.026565
0 0.159638 0.370010 0.029151 0.029022
0 0.336153 0.471788 0.029775 0.029520
0 0.728011 0.496583 0.025602 0.026218
0 0.774482 0.306501 0.023156 0.023030
0 0.030131 0.693216 0.024505 0.024272
0 0.735039 0.314758 0.021313 0.021038
0 0.013682 0.886601 0.027114 0.036599
0 0.040200 0.559886 0.022554 0.022501
0 0.472871 0.308888 0.022588 0.022796
0 0.555319 0.578463 0.021017 0.020973
0 0.245507 0.376088 0.021952 0.022071
0 0.252055 0.866721 0.021681 0.021904
0 0.220048 0.483047 0.129296 0.129546
0 0.739289 0.339354 0.020528 0.020536
0 0.438643 0.448276 0.022381 0.022321
0 0.260882 0.088284 0.026954 0.026380
0 0.229457 0.136679 0.026903 0.026552
0 0.544273 0.248754 0.023555 0.023354
0 0.152212 0.569386 0.025339 0.025133
0 0.288479 0.501936 0.026308 0.025474
0 0.683389 0.481176 0.032338 0.031960
0 0.876013 0.774315 0.019813 0.019796
0 0.859587 0.262731 0.020061 0.020348
0 0.242117 0.866509 0.287747 0.258534
0 0.392050 0.453170 0.027637 0.027863
0 0.726183 0.378497 0.019882 0.019288
0 0.786496 0.010823 0.047025 0.021455
0 0.900970 0.071106 0.188952 0.142072
0 0.753588 0.292594 0.020633 0.020215
0 0.137772 0.335888 0.024637 0.024698
