0 0.816137 0.392989 0.026499 0.026553
0 0.586893 0.643098 0.040011 0.039720
0 0.569125 0.421525 0.023404 0.023519
0 0.181187 0.624926 0.030854 0.031246
0 0.610899 0.489587 0.022151 0.021788
0 0.387593 0.243391 0.036153 0.036520
0 0.776888 0.774534 0.029837 0.029763
0 0.409181 0.145349 0.023627 0.023433
0 0.960267 0.125546 0.034835 0.034527
0 0.878600 0.312664 0.024611 0.024280
0 0.536769 0.201958 0.057891 0.057836
0 0.775669 0.073128 0.031220 0.030911
0 0.647178 0.430547 0.072542 0.072914
0 0.799130 0.448739 0.024107 0.024336
0 0.032108 0.540406 0.022164 0.022081
0 0.656929 0.949623 0.024686 0.024815
0 0.128390 0.947294 0.028682 0.028362
0 0.366965 0.068851 0.024227 0.024224
0 0.541076 0.684569 0.026848 0.027138
0 0.946881 0.073945 0.051622 0.052415
0 0.951713 0.795391 0.031075 0.030953
0 0.894228 0.776708 0.033045 0.033407
0 0.792931 0.506059 0.020915 0.021141
0 0.483644 0.785232 0.041684 0.041888
0 0.856234 0.556088 0.061643 0.061082
0 0.259348 0.255849 0.048253 0.048960
0 0.943729 0.552954 0.032952 0.032727
0 0.046610 0.055471 0.021889 0.022518
0 0.904346 0.680440 0.028312 0.027814
0 0.675570 0.850490 0.020458 0.020670
0 0.405821 0.900332 0.020722 0.020979
0 0.866873 0.946599 0.044104 0.043843
0 0.102773 0.392988 0.032843 0.034044
0 0.391261 0.750294 0.049561 0.049303
0 0.305958 0.345093 0.054504 0.055092
0 0.898927 0.920872 0.020519 0.020596
0 0.539941 0.784253 0.028585 0.029060
0 0.221359 0.593506 0.038858 0.038359
0 0.904244 0.589312 0.023890 0.023482
0 0.777125 0.536211 0.022017 0.022484
0 0.674563 0.713134 0.027364 0.027495
0 0.115442 0.437262 0.028749 0.027495
0 0.705329 0.236369 0.019580 0.019550
0 0.241531 0.190808 0.074507 0.072621
0 0.922434 0.700733 0.022800 0.022903
0 0.131386 0.408362 0.159658 0.155744
0 0.662650 0.817281 0.028864 0.028824
0 0.017887 0.595444 0.029071 0.028996
0 0.357788 0.919337 0.027675 0.028043
0 0.284191 0.153713 0.023750 0.023893
0 0.101838 0.685795 0.025082 0.024593
0 0.739856 0.492203 0.020655 0.020805
0 0.957471 0.298369 0.019814 0.019598
0 0.841309 0.351808 0.020330 0.020281
0 0.536183 0.737827 0.029962 0.029983
0 0.791605 0.684031 0.019992 0.019893
0 0.371656 0.708839 0.026526 0.027911
0 0.680933 0.620947 0.024044 0.024101
0 0.263928 0.485207 0.131284 0.134360
0 0.822616 0.426035 0.019698 0.019864
0 0.887434 0.530087 0.018752 0.018681
0 0.414872 0.106531 0.019070 0.019026
0 0.437786 0.730271 0.020789 0.020314
0 0.873638 0.012184 0.033107 0.024368
0 0.611819 0.715177 0.032651 0.032234
0 0.408377 0.612360 0.035020 0.035023
0 0.497193 0.865097 0.022791 0.021852
0 0.976444 0.165212 0.019238 0.018881
0 0.829637 0.764577 0.019563 0.019406
0 0.870645 0.670539 0.018782 0.018641
0 0.346889 0.723069 0.037394 0.036785
0 0.982985 0.944120 0.033770 0.052134
0 0.805663 0.769962 0.022638 0.021958
0 0.603685 0.449498 0.023704 0.023808
0 0.685582 0.190897 0.024786 0.024273
0 0.116696 0.317368 0.023925 0.024032
0 0.351289 0.890285 0.033836 0.034496
0 0.008126 0.931236 0.016175 0.021520
0 0.107663 0.860600 0.018974 0.019128
0 0.244189 0.699348 0.019532 0.019669
0 0.518904 0.450292 0.023415 0.023722
0 0.573168 0.344607 0.022711 0.020804
0 0.600947 0.768282 0.041414 0.041598
0 0.045181 0.896959 0.049876 0.050066
0 0.781722 0.581928 0.018849 0.019079
0 0.876411 0.128531 0.021301 0.021203
0 0.965292 0.993738 0.025809 0.012082
0 0.558541 0.851092 0.022586 0.022048
0 0.212256 0.665590 0.020025 0.020128
0 0.177975 0.073211 0.020645 0.020834
0 0.945547 0.487135 0.036610 0.038092
0 0.905348 0.635721 0.058075 0.058131
0 0.774778 0.515078 0.020211 0.020216
0 0.687993 0.466667 0.032849 0.032501
0 0.127632 0.829044 0.019903 0.019663
0 0.452498 0.253761 0.057441 0.055398
0 0.123612 0.609606 0.083331 0.083109
0 0.984010 0.783343 0.031701 0.069345
0 0.871931 0.972591 0.031155 0.030748
0 0.371411 0.687836 0.018298 0.018083
0 0.131882 0.855083 0.029495 0.029089
0 0.232084 0.150465 0.031088 0.030452
0 0.708484 0.354099 0.018341 0.018350
0 0.807703 0.569163 0.034178 0.033696
0 0.481214 0.284875 0.334743 0.348972
0 0.350751 0.960138 0.218119 0.079430
0 0.274318 0.510762 0.023640 0.023835
0 0.199988 0.036337 0.059958 0.059591
0 0.395883 0.496264 0.024722 0.024292
0 0.753765 0.807127 0.035665 0.035611
0 0.483924 0.025500 0.018784 0.018799
0 0.584485 0.309618 0.132250 0.135831
0 0.206015 0.962742 0.025676 0.024392
0 0.640429 0.485931 0.021188 0.020863
0 0.988482 0.894187 0.022831 0.033618
0 0.520986 0.401060 0.031259 0.031165
0 0.385050 0.054153 0.021027 0.022055
0 0.366773 0.019461 0.019208 0.018651
0 0.849763 0.007979 0.017976 0.015624
0 0.055226 0.139943 0.019220 0.018651
0 0.911143 0.958024 0.016899 0.016788
0 0.943846 0.502303 0.022208 0.021490
0 0.232613 0.747235 0.020825 0.021228
0 0.137873 0.062700 0.033370 0.033277
0 0.715707 0.854577 0.017733 0.017560
0 0.662736 0.570903 0.018644 0.018684
0 0.405897 0.525655 0.016727 0.016754
0 0.945206 0.980335 0.038492 0.034902
