0 0.896030 0.560233 0.023719 0.023225
0 0.520553 0.062316 0.024639 0.024548
0 0.320785 0.040644 0.068415 0.068285
0 0.664409 0.522094 0.027361 0.027349
0 0.662995 0.073127 0.025102 0.024929
0 0.059862 0.420780 0.055591 0.055708
0 0.254946 0.069610 0.031681 0.031862
0 0.762822 0.191366 0.167460 0.170870
0 0.427665 0.612623 0.040968 0.040860
0 0.122603 0.181994 0.076049 0.075835
0 0.554771 0.219283 0.037839 0.037448
0 0.058818 0.593951 0.041307 0.041258
0 0.062569 0.733698 0.023058 0.023182
0 0.570936 0.101396 0.029040 0.030226
0 0.034430 0.359219 0.024562 0.024982
0 0.477510 0.037063 0.034514 0.034419
0 0.475967 0.696072 0.021933 0.021861
0 0.606729 0.786571 0.021421 0.021789
0 0.703220 0.540284 0.024712 0.025068
0 0.643952 0.090682 0.031830 0.031785
0 0.618656 0.950250 0.020751 0.020623
0 0.734236 0.919774 0.026978 0.026407
0 0.939377 0.726415 0.070085 0.070297
0 0.942797 0.875352 0.050527 0.050157
0 0.280979 0.386529 0.389411 0.398245
0 0.086530 0.993169 0.028002 0.013434
0 0.776621 0.453594 0.153907 0.157666
0 0.435298 0.170917 0.020243 0.020335
0 0.844958 0.694231 0.180363 0.179552
0 0.359913 0.437812 0.019986 0.020305
0 0.644961 0.256258 0.024851 0.025316
0 0.407062 0.826951 0.204144 0.208670
0 0.248192 0.814412 0.093566 0.094647
0 0.410978 0.209651 0.022553 0.022999
0 0.810338 0.082941 0.043614 0.043645
0 0.694443 0.363013 0.147041 0.149367
0 0.679362 0.557662 0.024626 0.024594
0 0.416410 0.991383 0.029243 0.017235
0 0.540177 0.167784 0.019790 0.019905
0 0.249118 0.342253 0.020760 0.020772
0 0.509431 0.660869 0.030135 0.030674
0 0.860763 0.111277 0.022033 0.022165
0 0.389483 0.686584 0.019900 0.020002
0 0.488731 0.989538 0.031635 0.020923
0 0.599831 0.247790 0.078059 0.076787
0 0.351170 0.910059 0.151795 0.154795
0 0.763650 0.985967 0.050753 0.028067
0 0.604580 0.738273 0.026389 0.026516
0 0.746131 0.835719 0.028844 0.027184
0 0.847130 0.367222 0.020699 0.021154
0 0.030623 0.496505 0.041868 0.040657
0 0.615405 0.097674 0.024178 0.025256
0 0.564398 0.448505 0.017997 0.018015
0 0.045629 0.147894 0.090640 0.127170
0 0.956302 0.775679 0.025406 0.025515
0 0.974391 0.952872 0.050622 0.094256
0 0.935612 0.071591 0.028858 0.028929
0 0.833821 0.832130 0.027660 0.028437
0 0.921679 0.087675 0.028380 0.028005
0 0.376102 0.205706 0.019322 0.019408
0 0.005787 0.965862 0.011575 0.024552
0 0.593418 0.277032 0.127330 0.132136
0 0.908819 0.585237 0.017440 0.017279
0 0.804227 0.834348 0.029762 0.029260
0 0.688655 0.682302 0.079259 0.079350
0 0.952959 0.900707 0.028953 0.028450
0 0.291555 0.166835 0.020265 0.020354
0 0.272558 0.879403 0.098188 0.101925
0 0.085739 0.748588 0.020122 0.020482
0 0.943337 0.052803 0.023399 0.022138
0 0.006869 0.021281 0.013738 0.018472
0 0.726700 0.106705 0.019615 0.019743
0 0.794584 0.056987 0.020880 0.021064
0 0.985781 0.901298 0.019943 0.018970
0 0.078013 0.857250 0.074742 0.075036
0 0.838990 0.093411 0.023559 0.025001
0 0.692254 0.258833 0.024225 0.024450
0 0.869027 0.933722 0.017267 0.017065
0 0.098873 0.096220 0.196950 0.192439
0 0.884283 0.808567 0.019516 0.019480
0 0.749064 0.813281 0.040184 0.041788
0 0.800508 0.800927 0.059547 0.058897
0 0.908207 0.545096 0.017076 0.017098
0 0.732919 0.806021 0.030559 0.028645
