0 0.635306 0.369443 0.182800 0.177647
0 0.954543 0.584001 0.026378 0.026870
0 0.809827 0.239202 0.033677 0.033823
0 0.760818 0.645640 0.157154 0.152578
0 0.979448 0.131533 0.030679 0.030826
0 0.943731 0.610974 0.030966 0.031147
0 0.904354 0.084910 0.043690 0.043301
0 0.764303 0.242770 0.027471 0.028229
0 0.791931 0.376553 0.062419 0.062136
0 0.505602 0.709238 0.034347 0.034587
0 0.912598 0.110257 0.021381 0.021861
0 0.546806 0.226398 0.045551 0.046299
0 0.493243 0.300932 0.031990 0.031791
0 0.834560 0.628272 0.036539 0.036293
0 0.963531 0.481224 0.035080 0.035490
0 0.908082 0.145942 0.034782 0.034716
0 0.373062 0.599588 0.391645 0.370997
0 0.932411 0.923095 0.135179 0.151769
0 0.668918 0.039371 0.024172 0.023426
0 0.936675 0.100416 0.028212 0.028787
0 0.947346 0.539095 0.039984 0.039742
0 0.992097 0.411743 0.015805 0.025315
0 0.460261 0.431040 0.058993 0.057863
0 0.455717 0.736181 0.048390 0.048941
0 0.972540 0.552772 0.022071 0.021374
0 0.877619 0.008210 0.042646 0.016235
0 0.944861 0.238348 0.024534 0.024209
