0 0.099644 0.492290 0.031398 0.030412
0 0.253485 0.796962 0.043546 0.042285
0 0.241020 0.835859 0.046405 0.045191
0 0.031284 0.106146 0.038480 0.037105
0 0.081643 0.738230 0.026743 0.026265
0 0.856254 0.127473 0.069662 0.069974
0 0.840137 0.841233 0.024724 0.024784
0 0.316390 0.900320 0.022545 0.022557
0 0.628191 0.205132 0.024732 0.025573
0 0.679633 0.646949 0.048755 0.048035
0 0.116670 0.209914 0.028303 0.026392
0 0.690283 0.620180 0.039326 0.039568
0 0.780226 0.768675 0.022182 0.021894
0 0.676416 0.423846 0.021529 0.021740
0 0.774856 0.437425 0.022365 0.022266
0 0.796500 0.061040 0.024394 0.024507
0 0.551859 0.284857 0.022654 0.021975
0 0.474174 0.206017 0.022673 0.022499
0 0.835471 0.898174 0.024510 0.024858
0 0.412660 0.614074 0.020649 0.020258
0 0.080512 0.026661 0.024815 0.024037
0 0.970179 0.402296 0.020646 0.019544
0 0.303817 0.277339 0.020779 0.020727
