0 0.591104 0.155426 0.223175 0.185445
0 0.286269 0.545878 0.156894 0.121394
0 0.878420 0.325128 0.148493 0.120676
0 0.183687 0.042539 0.129302 0.083784
0 0.466335 0.227149 0.079476 0.065082
0 0.302139 0.296883 0.079173 0.062649
0 0.727696 0.348033 0.096343 0.080287
0 0.291494 0.385936 0.140515 0.121814
0 0.737073 0.440299 0.299074 0.231116
0 0.634745 0.607361 0.063372 0.048968
0 0.063727 0.902494 0.051850 0.040194
0 0.406142 0.166217 0.068221 0.059625
0 0.789006 0.790969 0.042506 0.032574
0 0.478612 0.512421 0.059127 0.048026
0 0.537391 0.454467 0.035869 0.031092
0 0.688925 0.696307 0.120108 0.105006
0 0.118029 0.619053 0.208699 0.159916
0 0.442199 0.304560 0.041659 0.032716
0 0.361110 0.235692 0.155344 0.121232
0 0.086744 0.825046 0.075232 0.057009
0 0.132499 0.406933 0.044166 0.034778
0 0.499083 0.318836 0.043655 0.035378
0 0.483610 0.372735 0.106822 0.079959
0 0.412015 0.535655 0.091196 0.069660
0 0.710946 0.238522 0.044500 0.033658
0 0.117031 0.893947 0.049756 0.038197
0 0.968835 0.627743 0.058181 0.049521
0 0.021716 0.446196 0.041308 0.031982
0 0.122354 0.978282 0.053419 0.040723
0 0.648539 0.349730 0.041334 0.033555
0 0.448112 0.430834 0.036828 0.029249
0 0.551190 0.411555 0.069336 0.055567
0 0.583369 0.082606 0.036301 0.031659
0 0.114323 0.795887 0.046089 0.037719
0 0.262456 0.180126 0.043605 0.035004
0 0.090167 0.292498 0.114034 0.096004
0 0.673271 0.171705 0.046594 0.038186
0 0.908650 0.247542 0.091804 0.079003
0 0.382532 0.294203 0.072612 0.053700
0 0.247670 0.011464 0.039613 0.022927
0 0.652221 0.520423 0.248620 0.186884
0 0.033000 0.967771 0.063863 0.056434
0 0.282806 0.149645 0.037661 0.031604
0 0.428640 0.338414 0.040111 0.030661
0 0.212937 0.443172 0.066699 0.046830
0 0.053471 0.739196 0.074714 0.059092
0 0.784963 0.297106 0.043772 0.035640
0 0.323714 0.116657 0.059575 0.047663
0 0.154948 0.480669 0.081253 0.063327
0 0.454173 0.164240 0.055581 0.047439
0 0.451048 0.950051 0.027192 0.024034
0 0.684229 0.222874 0.032147 0.026813
0 0.295574 0.322410 0.038247 0.022811
