0 0.261725 0.466173 0.034649 0.034679
0 0.531385 0.489636 0.179850 0.180442
0 0.179346 0.735917 0.024350 0.024156
0 0.085391 0.303013 0.027386 0.027232
0 0.950091 0.615898 0.035004 0.035089
0 0.438634 0.807924 0.027124 0.026780
0 0.724813 0.564333 0.039383 0.039425
0 0.728672 0.382708 0.024733 0.024203
0 0.777825 0.319430 0.093349 0.092543
0 0.205308 0.424729 0.029928 0.030260
0 0.473695 0.127104 0.028236 0.029101
0 0.624799 0.533270 0.025178 0.025296
0 0.922845 0.499691 0.037948 0.038079
0 0.913025 0.316908 0.030000 0.030381
0 0.301533 0.155980 0.062215 0.062413
0 0.112469 0.919224 0.053288 0.053270
0 0.216717 0.902415 0.041982 0.042059
0 0.228479 0.059076 0.022238 0.022089
0 0.286440 0.765625 0.039383 0.039761
0 0.307956 0.678444 0.031325 0.030762
0 0.208484 0.614454 0.026804 0.026499
0 0.034667 0.962408 0.037663 0.037579
0 0.836362 0.550035 0.049041 0.048149
0 0.176193 0.798663 0.025986 0.026158
0 0.468753 0.914198 0.198756 0.171604
0 0.649826 0.041060 0.021988 0.021907
0 0.082876 0.537140 0.022756 0.023237
0 0.484518 0.731327 0.045167 0.045050
0 0.228082 0.821574 0.024154 0.024188
0 0.155607 0.380818 0.037610 0.037813
0 0.278359 0.793101 0.024060 0.023927
0 0.504586 0.658500 0.023462 0.023593
0 0.820821 0.477343 0.037566 0.037974
0 0.025280 0.827065 0.036432 0.036412
0 0.273793 0.845264 0.022628 0.022694
0 0.711145 0.910540 0.031718 0.031988
0 0.352525 0.895196 0.033170 0.033157
0 0.851384 0.352612 0.039535 0.040228
0 0.965429 0.438993 0.020251 0.020562
0 0.985569 0.526994 0.021730 0.021399
0 0.933590 0.431120 0.021517 0.021445
0 0.103187 0.357620 0.063278 0.063640
0 0.184333 0.464272 0.030865 0.030365
0 0.150953 0.904501 0.036898 0.037435
0 0.357611 0.956403 0.028821 0.028288
0 0.246471 0.986207 0.025586 0.025481
0 0.193567 0.871760 0.053803 0.054341
0 0.629325 0.405012 0.034122 0.034706
0 0.219176 0.563003 0.024441 0.024074
0 0.019709 0.657661 0.020214 0.020354
0 0.616449 0.299006 0.048211 0.048626
0 0.501417 0.794653 0.047877 0.048187
0 0.979051 0.185869 0.040775 0.057971
0 0.414926 0.348137 0.020147 0.020095
0 0.325352 0.982953 0.037348 0.033681
0 0.738134 0.521066 0.038629 0.038530
0 0.017988 0.549532 0.035874 0.051191
0 0.129480 0.525054 0.020614 0.020800
0 0.202725 0.791440 0.033970 0.034115
0 0.438085 0.738468 0.043065 0.042867
0 0.657259 0.948431 0.018966 0.018974
0 0.073813 0.217252 0.021148 0.021195
0 0.367922 0.378749 0.021913 0.021235
0 0.193669 0.121775 0.041809 0.042784
0 0.248200 0.863798 0.036610 0.036810
0 0.404105 0.097265 0.036134 0.036580
0 0.396971 0.841720 0.031937 0.031734
0 0.191365 0.984592 0.037918 0.030694
0 0.831066 0.967638 0.019106 0.018909
0 0.467547 0.879604 0.019369 0.019740
0 0.928314 0.701277 0.096383 0.096489
0 0.650761 0.200491 0.019664 0.019739
0 0.154350 0.776950 0.022545 0.022237
0 0.820412 0.381620 0.038447 0.038958
0 0.490571 0.682029 0.024832 0.024628
0 0.038961 0.750181 0.045797 0.045310
0 0.028945 0.861120 0.040341 0.039953
0 0.524764 0.606238 0.040233 0.040194
0 0.779713 0.464539 0.020742 0.020149
0 0.214918 0.353929 0.065888 0.065465
0 0.797909 0.361701 0.024861 0.024457
0 0.365569 0.052768 0.373091 0.105536
0 0.204358 0.097386 0.027130 0.027338
0 0.778094 0.616062 0.021001 0.021263
0 0.550265 0.868623 0.022090 0.022489
0 0.378869 0.991350 0.043536 0.017300
0 0.191865 0.585840 0.034001 0.032873
0 0.128539 0.985489 0.020212 0.020391
0 0.896485 0.427335 0.017987 0.018265
0 0.880861 0.395970 0.022679 0.022426
0 0.879850 0.557056 0.027146 0.025666
0 0.185442 0.929054 0.038622 0.038693
0 0.483445 0.860485 0.029438 0.028853
0 0.426320 0.986228 0.032509 0.027346
0 0.295567 0.867232 0.156796 0.161968
0 0.651275 0.991287 0.036419 0.017426
0 0.832659 0.644416 0.028381 0.028243
0 0.023193 0.262428 0.020494 0.020359
0 0.047919 0.671826 0.017989 0.017801
0 0.829022 0.160959 0.341956 0.321336
0 0.847123 0.007648 0.033761 0.015296
0 0.973952 0.454457 0.018878 0.019011
0 0.451820 0.371778 0.441921 0.451584
0 0.268863 0.214479 0.020643 0.021447
0 0.535347 0.138201 0.016878 0.017175
0 0.362122 0.796675 0.016926 0.016944
0 0.919625 0.389502 0.104961 0.106620
0 0.584051 0.330178 0.050109 0.049899
0 0.260972 0.955280 0.018776 0.018986
0 0.346440 0.992984 0.022850 0.014033
