0 0.145762 0.466515 0.037948 0.037681
0 0.495679 0.574713 0.038935 0.038640
0 0.706504 0.148219 0.039855 0.037564
0 0.692946 0.187022 0.058943 0.057355
0 0.811484 0.093762 0.071680 0.070254
0 0.733808 0.195908 0.039447 0.039519
0 0.867783 0.089774 0.045769 0.045965
0 0.642220 0.082221 0.051445 0.051197
0 0.333941 0.183817 0.023916 0.024409
0 0.846103 0.450009 0.028164 0.027462
0 0.240059 0.437944 0.041477 0.041662
0 0.031926 0.709734 0.023369 0.022748
0 0.649265 0.141240 0.028561 0.028987
0 0.649540 0.933972 0.163002 0.130821
0 0.426273 0.566075 0.026148 0.026407
0 0.833782 0.046319 0.034494 0.033895
0 0.204675 0.419521 0.021233 0.021260
0 0.417312 0.959133 0.023284 0.023426
0 0.987735 0.146426 0.024077 0.025231
0 0.237119 0.417706 0.035982 0.032044
0 0.973212 0.265729 0.028614 0.028050
0 0.321299 0.403605 0.025824 0.025421
0 0.559866 0.364820 0.024451 0.024196
0 0.786315 0.538432 0.024000 0.023896
