0 0.359841 0.621137 0.029583 0.029933
0 0.142025 0.432685 0.025347 0.025030
0 0.219423 0.894913 0.259758 0.210174
0 0.492962 0.824151 0.028652 0.028872
0 0.805346 0.444537 0.079724 0.079073
0 0.363207 0.755998 0.036190 0.035584
0 0.479198 0.213649 0.093844 0.092819
0 0.085775 0.781379 0.024500 0.024364
0 0.255561 0.243939 0.031418 0.031180
0 0.385178 0.909388 0.041319 0.041625
0 0.022131 0.616253 0.022812 0.022332
0 0.076331 0.329036 0.024454 0.024475
0 0.611337 0.603496 0.030916 0.031022
0 0.264572 0.569158 0.061867 0.061585
0 0.109008 0.303480 0.026496 0.026547
0 0.437631 0.298570 0.038479 0.038109
0 0.543538 0.283216 0.101273 0.098469
0 0.210606 0.414445 0.031424 0.032184
0 0.764302 0.519776 0.042353 0.042653
0 0.151501 0.510069 0.030172 0.030891
0 0.689150 0.945084 0.054924 0.054435
0 0.233472 0.361027 0.025823 0.026215
0 0.800334 0.900608 0.074297 0.074384
0 0.104892 0.839164 0.036804 0.036758
0 0.695704 0.520572 0.041264 0.040210
0 0.179668 0.548480 0.059402 0.059545
0 0.550625 0.929461 0.042714 0.042492
0 0.253971 0.448651 0.036998 0.037322
0 0.264727 0.278557 0.026460 0.026595
0 0.929723 0.141080 0.025721 0.025681
0 0.312289 0.669062 0.028498 0.027850
0 0.785221 0.685256 0.038008 0.037579
0 0.255702 0.388762 0.038348 0.038248
0 0.073313 0.827626 0.035008 0.034772
0 0.699761 0.907130 0.034858 0.034671
0 0.408679 0.645381 0.055598 0.055854
0 0.774153 0.604817 0.025091 0.024898
0 0.130242 0.489720 0.020971 0.021098
0 0.320671 0.617362 0.028941 0.028879
0 0.314979 0.464518 0.034406 0.034272
0 0.741275 0.232444 0.029913 0.029772
0 0.753683 0.043539 0.022203 0.022081
0 0.187679 0.197519 0.026586 0.026340
0 0.006379 0.828398 0.012672 0.024876
0 0.445568 0.712469 0.037976 0.037979
0 0.153220 0.088685 0.031101 0.031181
0 0.738042 0.506870 0.022735 0.022459
0 0.805953 0.233557 0.100451 0.100768
0 0.839284 0.809014 0.061001 0.060856
0 0.073369 0.174526 0.052654 0.052008
0 0.472986 0.738442 0.039391 0.040340
0 0.085571 0.513583 0.027446 0.028507
0 0.352219 0.102618 0.022124 0.022098
0 0.527300 0.126170 0.038332 0.038255
0 0.235772 0.327876 0.026166 0.026158
0 0.148701 0.716542 0.026052 0.026039
0 0.879685 0.899394 0.042809 0.042735
0 0.711212 0.787049 0.043822 0.043740
0 0.744548 0.680822 0.034132 0.034361
0 0.954336 0.762301 0.053371 0.053458
0 0.546818 0.074213 0.087538 0.087406
0 0.282115 0.524886 0.034539 0.034584
0 0.853425 0.457871 0.034396 0.035663
0 0.294165 0.494071 0.034529 0.033463
0 0.867026 0.081661 0.022520 0.022274
0 0.071157 0.545087 0.033076 0.034333
0 0.837928 0.972166 0.031699 0.031008
0 0.191734 0.591526 0.035705 0.036038
0 0.867746 0.948164 0.037727 0.037713
0 0.887897 0.439562 0.037872 0.038020
0 0.539056 0.609233 0.023840 0.023364
0 0.233717 0.123379 0.031346 0.031607
0 0.831425 0.647083 0.029545 0.028971
0 0.457870 0.138527 0.031092 0.030276
0 0.586865 0.344597 0.031754 0.031754
0 0.268565 0.730689 0.032797 0.033579
0 0.084574 0.705920 0.029772 0.029782
0 0.816783 0.837672 0.031758 0.032174
0 0.929602 0.440688 0.027299 0.028006
0 0.499677 0.052167 0.060648 0.059633
0 0.517067 0.941661 0.025513 0.026531
0 0.390759 0.569579 0.036125 0.035669
0 0.374406 0.282801 0.034577 0.035642
0 0.031706 0.415396 0.021501 0.021782
0 0.441330 0.617948 0.045341 0.044981
0 0.792331 0.030651 0.038588 0.039970
0 0.217416 0.500804 0.020019 0.019683
0 0.724192 0.053351 0.021839 0.021357
0 0.085078 0.593532 0.033623 0.033091
0 0.763397 0.847356 0.026744 0.027664
0 0.436902 0.118666 0.025235 0.024821
0 0.989945 0.471346 0.020110 0.030992
0 0.982662 0.559312 0.027718 0.026896
0 0.028657 0.532308 0.057315 0.083787
0 0.242062 0.141933 0.030389 0.029958
0 0.214211 0.902304 0.021886 0.022103
0 0.842202 0.687881 0.031137 0.031327
0 0.798939 0.747713 0.059856 0.059279
0 0.471000 0.261531 0.020842 0.020615
0 0.112850 0.554791 0.019883 0.020092
0 0.965774 0.851826 0.022706 0.022486
0 0.989061 0.962916 0.021774 0.032685
0 0.688934 0.471576 0.051753 0.050999
0 0.420601 0.689680 0.036643 0.036711
0 0.696788 0.702706 0.074272 0.070256
0 0.371491 0.184578 0.028003 0.027284
0 0.464173 0.116708 0.026748 0.027628
0 0.221597 0.869413 0.038687 0.040800
0 0.588739 0.987175 0.037714 0.025650
0 0.475246 0.026959 0.022420 0.022822
0 0.310794 0.271347 0.020664 0.020892
0 0.825270 0.624158 0.020511 0.020802
0 0.465517 0.658866 0.056489 0.057416
0 0.546788 0.973444 0.060234 0.053111
0 0.422473 0.516019 0.100985 0.101513
0 0.131164 0.102957 0.026061 0.026341
0 0.979293 0.587185 0.024637 0.025136
0 0.553653 0.672752 0.060523 0.057703
0 0.604028 0.658837 0.042524 0.043085
0 0.092300 0.454416 0.032178 0.032635
0 0.089918 0.987426 0.021448 0.021528
0 0.711301 0.628595 0.022082 0.021855
0 0.253703 0.293110 0.028068 0.026745
0 0.648302 0.443521 0.058815 0.059281
0 0.083922 0.397462 0.021314 0.020938
0 0.429926 0.101139 0.020896 0.020698
0 0.371493 0.021748 0.042393 0.041174
0 0.496296 0.761847 0.024608 0.025597
0 0.930142 0.469084 0.034391 0.035637
0 0.216446 0.090227 0.038677 0.039523
0 0.671356 0.780866 0.021747 0.021644
0 0.965064 0.448138 0.047622 0.049474
0 0.364692 0.156063 0.024205 0.024005
0 0.815370 0.774138 0.054745 0.056508
0 0.122911 0.323803 0.023396 0.024381
0 0.550115 0.148577 0.029817 0.029155
0 0.244713 0.920068 0.019977 0.019521
0 0.825139 0.955502 0.019815 0.019882
0 0.796234 0.854469 0.029171 0.029333
0 0.777271 0.711080 0.029022 0.030060
0 0.959217 0.804753 0.029094 0.029304
0 0.481168 0.969529 0.019871 0.020137
0 0.723574 0.600990 0.021817 0.021797
0 0.033903 0.781567 0.027541 0.028022
0 0.878462 0.843069 0.033824 0.032589
0 0.594415 0.965006 0.033547 0.033199
0 0.479197 0.614806 0.096236 0.097222
0 0.330559 0.420270 0.019553 0.019226
0 0.504058 0.561113 0.031792 0.030404
0 0.513559 0.239197 0.046401 0.045236
0 0.232116 0.677477 0.019317 0.019308
0 0.791117 0.294525 0.052768 0.052639
0 0.401094 0.516537 0.022737 0.021016
0 0.131137 0.581568 0.019547 0.019545
0 0.225008 0.543637 0.028215 0.029167
0 0.793384 0.993355 0.025507 0.012923
0 0.809081 0.975118 0.025910 0.025941
0 0.860449 0.297289 0.090164 0.090982
0 0.337849 0.151336 0.027591 0.027176
0 0.731159 0.006977 0.020553 0.013954
0 0.441224 0.428412 0.030822 0.030424
0 0.949334 0.292270 0.101333 0.298369
0 0.462321 0.128442 0.031504 0.031985
0 0.089950 0.751907 0.017987 0.018230
0 0.960304 0.571687 0.021499 0.021356
0 0.203441 0.808308 0.069504 0.069567
0 0.539531 0.575348 0.040457 0.041300
0 0.166764 0.041605 0.026609 0.026980
0 0.178223 0.228570 0.019177 0.018900
0 0.522322 0.365548 0.033939 0.033936
0 0.754120 0.702778 0.019004 0.019360
0 0.730663 0.539510 0.025868 0.025781
0 0.750444 0.567735 0.019368 0.019677
