0 0.323102 0.749338 0.112861 0.112793
0 0.144660 0.555255 0.034434 0.034382
0 0.821169 0.125184 0.027128 0.026909
0 0.405176 0.831066 0.026389 0.027105
0 0.472525 0.823948 0.023320 0.022950
0 0.983930 0.793987 0.029032 0.029555
0 0.571779 0.870154 0.036136 0.035497
0 0.932569 0.096807 0.022806 0.022857
0 0.346978 0.943962 0.024980 0.025315
0 0.153916 0.450735 0.036333 0.035977
0 0.572952 0.837751 0.021907 0.021871
0 0.107731 0.411806 0.025059 0.025047
0 0.978723 0.007381 0.028375 0.014763
0 0.803279 0.021355 0.023329 0.023587
0 0.185612 0.233882 0.020675 0.020833
0 0.274292 0.545114 0.023195 0.023150
0 0.120070 0.087872 0.021428 0.021848
0 0.624949 0.010483 0.068277 0.020760
0 0.292491 0.569802 0.032204 0.033235
0 0.493168 0.278315 0.019772 0.019680
0 0.014948 0.143749 0.021040 0.020347
0 0.446220 0.989678 0.020255 0.019552
0 0.877085 0.006543 0.032597 0.013085
0 0.735183 0.773486 0.018945 0.019168
0 0.566066 0.702360 0.031587 0.032050
0 0.360816 0.850097 0.021497 0.021343
0 0.713152 0.789869 0.022186 0.022136
0 0.046420 0.325692 0.020910 0.020447
0 0.557467 0.677847 0.040658 0.039833
0 0.017872 0.093075 0.018099 0.018280
