0 0.242179 0.117348 0.131067 0.100476
0 0.153984 0.237936 0.057816 0.045912
0 0.239838 0.207569 0.117516 0.092975
0 0.585404 0.641878 0.048392 0.039621
0 0.120624 0.829903 0.060022 0.051074
0 0.482744 0.980889 0.059878 0.037015
0 0.140704 0.185924 0.104797 0.081443
0 0.501033 0.479262 0.065035 0.050672
0 0.390890 0.796774 0.116129 0.093939
0 0.233127 0.017126 0.068561 0.034011
0 0.298510 0.743464 0.113384 0.086093
0 0.515885 0.658825 0.081576 0.066149
0 0.313617 0.895710 0.078841 0.064894
0 0.611255 0.911367 0.059340 0.050165
0 0.546061 0.981009 0.058780 0.036625
0 0.948181 0.416301 0.030742 0.025879
0 0.497776 0.258601 0.135220 0.109207
0 0.625730 0.011298 0.030925 0.022592
0 0.339069 0.850770 0.057807 0.047802
0 0.229158 0.474811 0.042161 0.033962
0 0.368680 0.724174 0.072385 0.057665
0 0.832128 0.256363 0.093602 0.071282
0 0.909198 0.254489 0.042530 0.033634
0 0.706408 0.327364 0.039797 0.030018
0 0.814715 0.080605 0.370571 0.161210
0 0.565482 0.416997 0.063322 0.050405
0 0.518518 0.867283 0.038028 0.028938
0 0.877732 0.779516 0.038302 0.033526
0 0.935913 0.934921 0.028474 0.024111
0 0.940600 0.453508 0.117633 0.096067
0 0.157421 0.372978 0.314841 0.302549
0 0.770482 0.295447 0.107848 0.086801
