0 0.187531 0.630848 0.069147 0.064154
0 0.842010 0.234332 0.206347 0.194795
0 0.946866 0.334962 0.042747 0.041350
0 0.834319 0.474279 0.040092 0.038519
0 0.912622 0.200422 0.050346 0.049091
0 0.020562 0.191434 0.041124 0.047331
0 0.046136 0.227615 0.046987 0.045433
0 0.613704 0.101947 0.029945 0.029154
0 0.962838 0.428055 0.052292 0.048928
0 0.718061 0.397977 0.077765 0.076897
0 0.045177 0.933430 0.035975 0.034642
0 0.750894 0.098764 0.042554 0.041355
0 0.986083 0.268184 0.027790 0.029187
0 0.769083 0.027198 0.047085 0.043567
0 0.068191 0.855626 0.027649 0.026184
0 0.050423 0.081128 0.041227 0.040455
0 0.087460 0.093061 0.032081 0.031411
0 0.057729 0.169721 0.041062 0.040806
0 0.901347 0.905999 0.197307 0.188002
0 0.565539 0.540881 0.061103 0.055411
0 0.364807 0.635006 0.163374 0.148447
0 0.424891 0.007993 0.033624 0.015761
0 0.395216 0.937454 0.086712 0.077320
0 0.015930 0.566434 0.030951 0.029904
0 0.984517 0.080974 0.030965 0.032989
0 0.927955 0.028981 0.037055 0.035348
0 0.822276 0.534914 0.075438 0.069455
0 0.017719 0.858974 0.024430 0.023062
0 0.988757 0.465184 0.022210 0.056158
0 0.588383 0.672253 0.025529 0.023905
0 0.637521 0.666468 0.091282 0.086298
0 0.208128 0.027146 0.024396 0.024220
0 0.638948 0.164055 0.025145 0.025011
0 0.316557 0.781595 0.121551 0.109014
0 0.227855 0.958719 0.026611 0.025499
0 0.399162 0.991857 0.030288 0.016034
0 0.019652 0.423207 0.039259 0.043521
0 0.610746 0.352935 0.025873 0.024644
0 0.333361 0.078065 0.022262 0.021972
0 0.911484 0.412656 0.039146 0.037052
0 0.545562 0.183436 0.024231 0.023944
0 0.467515 0.576209 0.088509 0.079694
0 0.897982 0.010380 0.038048 0.020602
0 0.558678 0.578110 0.024037 0.022569
0 0.326417 0.527494 0.047328 0.045610
0 0.170901 0.204147 0.047996 0.046307
0 0.311461 0.881929 0.025495 0.023910
0 0.091610 0.934256 0.023422 0.022779
0 0.429886 0.644809 0.122043 0.105204
0 0.869952 0.432961 0.044761 0.044143
0 0.774419 0.435060 0.022857 0.021873
0 0.239238 0.980424 0.023688 0.022591
0 0.910859 0.353876 0.049907 0.046689
0 0.884867 0.082346 0.086034 0.079247
0 0.576657 0.752196 0.025856 0.025157
