0 0.850607 0.414535 0.043015 0.042868
0 0.648964 0.905264 0.058380 0.059504
0 0.933384 0.738076 0.063605 0.063776
0 0.985444 0.554018 0.029111 0.033783
0 0.049807 0.685872 0.031316 0.031887
0 0.916881 0.911011 0.033520 0.033240
0 0.151971 0.559979 0.050798 0.049565
0 0.757388 0.513140 0.027659 0.027404
0 0.089691 0.889719 0.032399 0.032419
0 0.180740 0.764682 0.030863 0.030771
0 0.840461 0.606566 0.027569 0.026951
0 0.871694 0.296281 0.059615 0.059810
0 0.512759 0.496773 0.039880 0.039660
0 0.101878 0.500994 0.029656 0.029176
0 0.761474 0.326985 0.030195 0.029271
0 0.282789 0.600552 0.027031 0.026981
0 0.178003 0.958015 0.026969 0.027083
0 0.238932 0.714076 0.061154 0.059554
0 0.458019 0.818618 0.025858 0.025832
0 0.135479 0.733137 0.033344 0.033713
0 0.394889 0.887233 0.029836 0.029399
0 0.863890 0.621172 0.027319 0.027638
0 0.220426 0.814667 0.032731 0.033076
0 0.975546 0.856961 0.022215 0.022474
0 0.734249 0.358108 0.023956 0.023770
0 0.962201 0.213808 0.043719 0.044968
0 0.369358 0.868982 0.033052 0.032693
0 0.582763 0.805516 0.026325 0.026800
0 0.292514 0.146919 0.039139 0.038645
0 0.401205 0.853793 0.031629 0.031196
0 0.969608 0.660955 0.060620 0.128894
0 0.122429 0.786448 0.024391 0.024939
0 0.111674 0.806254 0.026141 0.027073
0 0.402741 0.380817 0.024222 0.024446
0 0.770487 0.482475 0.020752 0.020904
0 0.105562 0.738442 0.033933 0.037222
0 0.050114 0.757476 0.037669 0.037633
0 0.035511 0.019040 0.022814 0.022058
