0 0.702822 0.369043 0.057271 0.057031
0 0.686535 0.139464 0.033222 0.032505
0 0.629451 0.340029 0.027021 0.027168
0 0.839306 0.256339 0.028968 0.029146
0 0.810078 0.244090 0.026377 0.026538
0 0.719794 0.163091 0.030430 0.029799
0 0.210857 0.557488 0.034163 0.034529
0 0.129850 0.492872 0.019912 0.020165
0 0.477347 0.406293 0.023169 0.023527
0 0.623628 0.228987 0.020189 0.019921
0 0.007399 0.733321 0.014797 0.024898
0 0.919860 0.112022 0.018613 0.018622
0 0.921437 0.537898 0.157127 0.170901
0 0.879177 0.974659 0.020612 0.020718
