0 0.655215 0.897488 0.180906 0.165214
0 0.527092 0.550960 0.047145 0.043610
0 0.218693 0.958511 0.047753 0.039911
0 0.241401 0.122497 0.026417 0.024638
0 0.505746 0.041215 0.034556 0.031223
0 0.434737 0.956989 0.051525 0.044346
0 0.243362 0.353142 0.041121 0.037947
0 0.940592 0.708437 0.117586 0.112457
0 0.230692 0.438432 0.308686 0.264964
0 0.209019 0.370002 0.034913 0.032981
0 0.291518 0.749820 0.373033 0.280293
0 0.476611 0.780698 0.033088 0.030476
0 0.269787 0.625468 0.047373 0.038350
0 0.590866 0.981351 0.037680 0.032643
0 0.367215 0.435764 0.039793 0.038180
0 0.273796 0.655955 0.030579 0.027715
0 0.822020 0.673392 0.042798 0.038233
0 0.215560 0.592641 0.044246 0.038993
0 0.770591 0.656622 0.028729 0.026713
0 0.415965 0.716431 0.027102 0.024352
0 0.064021 0.477748 0.039507 0.031972
0 0.659717 0.852190 0.029769 0.027880
0 0.553878 0.932323 0.031953 0.030177
0 0.321114 0.861626 0.043070 0.036486
0 0.904522 0.643330 0.026876 0.025254
0 0.065493 0.069824 0.052880 0.045808
0 0.250091 0.920197 0.034657 0.028488
0 0.674432 0.289597 0.651137 0.547616
0 0.050297 0.284793 0.100594 0.116384
0 0.436125 0.829335 0.031688 0.025578
0 0.310505 0.609787 0.040392 0.034311
0 0.174781 0.524349 0.055440 0.048298
0 0.548757 0.958385 0.038016 0.034228
0 0.474581 0.921647 0.030234 0.027513
0 0.150866 0.905477 0.031023 0.025423
0 0.195340 0.170097 0.377830 0.338727
0 0.529185 0.992791 0.031681 0.014322
0 0.243849 0.876074 0.030173 0.027885
0 0.526067 0.966934 0.038916 0.036479
0 0.875705 0.636923 0.024075 0.022942
0 0.634416 0.968147 0.035829 0.033920
0 0.334283 0.435882 0.028407 0.027011
0 0.556714 0.703344 0.021093 0.019846
0 0.039857 0.174202 0.079713 0.115475
