0 0.062977 0.302370 0.039791 0.039088
0 0.556649 0.453079 0.033493 0.031942
0 0.012075 0.638470 0.024149 0.033590
0 0.483845 0.660877 0.035862 0.032630
0 0.395522 0.699415 0.029741 0.028224
0 0.116172 0.789851 0.091834 0.080157
0 0.007126 0.283540 0.014147 0.029001
0 0.028413 0.981762 0.033376 0.029895
0 0.934758 0.603957 0.030430 0.028313
0 0.116971 0.145301 0.027776 0.027396
0 0.144040 0.883749 0.031782 0.029826
0 0.772864 0.077080 0.028685 0.027223
0 0.296321 0.351396 0.156991 0.146168
0 0.196730 0.769016 0.083239 0.075393
0 0.654925 0.961342 0.031312 0.026421
0 0.102142 0.457482 0.026000 0.026073
0 0.249337 0.612773 0.101346 0.084817
0 0.327700 0.052933 0.325910 0.104039
