0 0.450630 0.654204 0.124493 0.124155
0 0.384694 0.355079 0.138631 0.133448
0 0.065877 0.665474 0.104481 0.097854
0 0.758697 0.483118 0.080676 0.077679
0 0.235269 0.689411 0.053282 0.052507
0 0.330936 0.974552 0.033331 0.033082
0 0.244991 0.360467 0.221226 0.213830
0 0.287272 0.514008 0.079259 0.073627
0 0.077331 0.400798 0.100398 0.094304
0 0.842320 0.469349 0.047267 0.046712
0 0.948194 0.720554 0.101857 0.100398
0 0.133106 0.300334 0.062792 0.058024
0 0.949530 0.876014 0.033699 0.032560
0 0.701673 0.334743 0.305548 0.276873
0 0.698925 0.339588 0.040868 0.039130
0 0.556028 0.430255 0.030935 0.029837
0 0.048002 0.953982 0.031527 0.031046
0 0.550451 0.398048 0.048155 0.044754
0 0.145413 0.602612 0.030444 0.029332
0 0.112315 0.042956 0.057654 0.055981
0 0.626194 0.514801 0.033404 0.033149
0 0.835901 0.157649 0.027468 0.026991
0 0.725181 0.527491 0.029460 0.028474
0 0.627826 0.314934 0.055955 0.053708
0 0.587386 0.448252 0.052209 0.051054
0 0.972497 0.388936 0.054608 0.062573
0 0.205257 0.218369 0.143790 0.131799
0 0.118766 0.919221 0.029338 0.028428
0 0.699505 0.594755 0.073456 0.069852
0 0.859930 0.208585 0.025631 0.025066
0 0.932562 0.449796 0.051653 0.049546
0 0.044035 0.592653 0.033342 0.031331
