0 0.370060 0.371129 0.030236 0.030466
0 0.656262 0.409921 0.030722 0.030537
0 0.588869 0.505875 0.033958 0.033525
0 0.781510 0.083077 0.056692 0.057004
0 0.925322 0.239300 0.031738 0.031952
0 0.314066 0.627189 0.033784 0.034038
0 0.537910 0.366665 0.032608 0.032611
0 0.270478 0.321888 0.028183 0.027672
0 0.643384 0.908150 0.032008 0.031511
0 0.371093 0.418979 0.025645 0.025636
0 0.045300 0.522461 0.022039 0.021983
0 0.230752 0.295969 0.033493 0.033380
0 0.572001 0.533987 0.028562 0.028447
0 0.616706 0.255705 0.023026 0.022837
0 0.330240 0.463213 0.024445 0.024117
0 0.647579 0.308840 0.035828 0.034902
0 0.014673 0.583281 0.029064 0.031238
0 0.029847 0.608122 0.021216 0.021740
0 0.516392 0.975005 0.022702 0.022537
0 0.045628 0.152990 0.024063 0.023599
0 0.272785 0.598440 0.035049 0.034448
0 0.370723 0.743626 0.024839 0.024775
0 0.475162 0.309575 0.018636 0.018432
0 0.509635 0.825173 0.020514 0.020410
0 0.257737 0.564616 0.020816 0.020993
0 0.794699 0.524171 0.021437 0.021535
0 0.625706 0.539123 0.020010 0.019777
0 0.967463 0.026822 0.023154 0.023044
0 0.721709 0.743226 0.020292 0.020442
