0 0.505264 0.171832 0.039144 0.038574
0 0.185242 0.579388 0.043422 0.042998
0 0.391364 0.200365 0.036275 0.035942
0 0.414921 0.417854 0.038122 0.037782
0 0.105693 0.331220 0.030217 0.030228
0 0.154173 0.431514 0.029045 0.029039
0 0.338177 0.167819 0.030509 0.030836
0 0.159257 0.985904 0.033724 0.028192
0 0.486757 0.800922 0.029691 0.029123
0 0.368364 0.768317 0.025325 0.025995
0 0.121582 0.200168 0.037664 0.037480
0 0.444680 0.926708 0.023877 0.024583
0 0.129150 0.018469 0.027707 0.027219
0 0.458414 0.125874 0.033351 0.033578
0 0.548423 0.789926 0.025083 0.025290
0 0.031012 0.306601 0.027478 0.026612
0 0.375258 0.484145 0.038683 0.038520
0 0.252256 0.047143 0.058865 0.060050
0 0.175189 0.537549 0.037679 0.037853
0 0.078612 0.921075 0.028983 0.029403
0 0.040789 0.983455 0.036474 0.033090
0 0.422975 0.607462 0.028267 0.028461
0 0.290154 0.340686 0.023623 0.023129
0 0.520349 0.227502 0.021736 0.021937
0 0.416396 0.981969 0.023511 0.024540
0 0.298064 0.657742 0.023662 0.023530
0 0.433115 0.816979 0.027080 0.027217
0 0.204690 0.795992 0.021209 0.021373
0 0.025466 0.552293 0.034128 0.034216
0 0.065489 0.614118 0.032149 0.032228
0 0.575949 0.318831 0.033345 0.032153
0 0.317784 0.181560 0.022690 0.022134
0 0.045432 0.571625 0.022045 0.021985
0 0.033444 0.389911 0.019660 0.019790
0 0.540639 0.296602 0.024425 0.024614
0 0.395086 0.954187 0.019854 0.019835
0 0.321239 0.101182 0.022072 0.021835
0 0.353256 0.239761 0.017730 0.017864
0 0.017448 0.581390 0.034896 0.044638
0 0.399872 0.008169 0.024029 0.016338
0 0.221226 0.838643 0.021956 0.021985
0 0.258616 0.389703 0.019096 0.019417
0 0.551004 0.646068 0.060933 0.061277
0 0.575844 0.492806 0.023256 0.023522
0 0.530334 0.153441 0.021019 0.020911
0 0.044564 0.417770 0.020620 0.020455
0 0.415850 0.235171 0.020728 0.020642
0 0.377790 0.844651 0.022570 0.023034
0 0.025407 0.072590 0.025814 0.026232
0 0.094444 0.508005 0.018574 0.018558
0 0.134076 0.482451 0.030544 0.030592
0 0.555026 0.109780 0.027822 0.026644
0 0.107930 0.177630 0.030240 0.028605
0 0.162195 0.313404 0.026529 0.026341
0 0.388436 0.039716 0.019996 0.020353
0 0.074705 0.316194 0.023417 0.023413
0 0.327584 0.072075 0.020665 0.021165
0 0.098993 0.613798 0.027457 0.027394
0 0.531831 0.103873 0.024924 0.024075
0 0.241683 0.938733 0.020880 0.021226
