0 0.726700 0.301576 0.042746 0.040324
0 0.777184 0.008306 0.028000 0.016613
0 0.031135 0.383892 0.052454 0.043971
0 0.112692 0.497674 0.064293 0.056588
0 0.667490 0.437025 0.080930 0.070875
0 0.614342 0.888263 0.085309 0.072127
0 0.778161 0.575789 0.066838 0.060726
0 0.262877 0.085424 0.054033 0.047616
0 0.165022 0.023042 0.068816 0.045986
0 0.191302 0.845955 0.044011 0.035555
0 0.682906 0.046272 0.023984 0.023468
0 0.654856 0.364550 0.044674 0.040521
0 0.262033 0.662085 0.046921 0.038293
0 0.535601 0.110694 0.033068 0.032455
0 0.297944 0.849274 0.042090 0.036696
0 0.570930 0.612167 0.062529 0.054000
0 0.142440 0.195077 0.078668 0.065605
0 0.102657 0.064168 0.075698 0.068403
0 0.541685 0.973274 0.075305 0.051535
0 0.650737 0.127911 0.037214 0.036385
0 0.650749 0.091352 0.039044 0.038188
0 0.477734 0.981113 0.055147 0.037462
0 0.200838 0.225618 0.046221 0.040990
0 0.377878 0.582489 0.038222 0.033194
0 0.121996 0.158668 0.043039 0.037737
0 0.262518 0.737665 0.028679 0.026383
0 0.211870 0.169716 0.039044 0.036140
0 0.317604 0.605403 0.058275 0.049836
0 0.167940 0.749945 0.026058 0.021262
0 0.111797 0.918019 0.037424 0.030490
0 0.640747 0.061440 0.037957 0.037698
0 0.123806 0.950452 0.078486 0.067350
