0 0.307936 0.361817 0.176831 0.177151
0 0.601224 0.217373 0.028161 0.028125
0 0.198750 0.415670 0.031642 0.031403
0 0.285756 0.598227 0.024439 0.024163
0 0.388908 0.917289 0.025859 0.025460
0 0.696583 0.346657 0.099061 0.098555
0 0.626939 0.534443 0.040087 0.040371
0 0.145941 0.773105 0.028043 0.028046
0 0.302377 0.483281 0.164678 0.167200
0 0.261426 0.707064 0.023654 0.023660
0 0.420257 0.641981 0.027099 0.027380
0 0.167797 0.705246 0.108852 0.108864
0 0.390970 0.687818 0.025228 0.025642
0 0.737203 0.860474 0.147052 0.146795
0 0.757517 0.775588 0.030548 0.031027
0 0.248750 0.198424 0.025468 0.025331
0 0.558701 0.308208 0.034100 0.034001
0 0.780010 0.506749 0.024411 0.024465
0 0.057399 0.219289 0.060766 0.062276
0 0.923083 0.308661 0.055752 0.054965
0 0.441151 0.952679 0.025022 0.024945
0 0.979455 0.084912 0.022661 0.022977
0 0.049103 0.572532 0.021688 0.021852
0 0.425702 0.247583 0.021017 0.021423
0 0.939210 0.143562 0.021609 0.021477
0 0.080569 0.312160 0.035934 0.036266
0 0.615357 0.330050 0.060982 0.061369
0 0.572612 0.808493 0.058677 0.058430
0 0.073324 0.499966 0.029320 0.029989
0 0.034123 0.176938 0.068247 0.077628
0 0.944396 0.802969 0.021548 0.021921
0 0.425851 0.977841 0.022740 0.022979
0 0.525142 0.634313 0.022128 0.021938
0 0.623093 0.746472 0.029822 0.029463
0 0.125219 0.107759 0.057626 0.058308
0 0.754900 0.218060 0.020517 0.020530
0 0.582009 0.275048 0.018796 0.018732
0 0.638192 0.599716 0.058865 0.058737
0 0.316975 0.361559 0.020271 0.020113
0 0.058151 0.770678 0.021424 0.021652
0 0.140743 0.567069 0.054200 0.054462
0 0.602566 0.173645 0.019968 0.019794
0 0.661433 0.159215 0.387540 0.317929
0 0.931822 0.430501 0.136356 0.271843
0 0.682267 0.674927 0.056883 0.057290
0 0.079091 0.190338 0.023822 0.024050
0 0.715494 0.112620 0.018048 0.017871
0 0.533827 0.404018 0.026538 0.025478
0 0.529010 0.554870 0.044506 0.044391
0 0.909852 0.748137 0.035666 0.036002
0 0.356449 0.656793 0.033131 0.032783
0 0.858060 0.069680 0.035535 0.035572
0 0.101641 0.818374 0.067243 0.066953
0 0.974280 0.243953 0.051098 0.092031
0 0.102826 0.884862 0.203312 0.226660
0 0.081785 0.092477 0.017577 0.017600
0 0.774750 0.429400 0.016676 0.016661
0 0.119622 0.756288 0.041446 0.041282
0 0.372865 0.720802 0.046556 0.047536
0 0.210858 0.240506 0.156130 0.156201
0 0.828229 0.448160 0.019267 0.019078
0 0.443530 0.434294 0.061050 0.061439
0 0.306148 0.100391 0.017266 0.017219
0 0.470615 0.200799 0.044613 0.044449
0 0.965109 0.913673 0.045169 0.045814
