0 0.265415 0.530222 0.041784 0.040354
0 0.041668 0.485505 0.043960 0.042890
0 0.823104 0.487251 0.069366 0.067566
0 0.313258 0.307117 0.032161 0.031819
0 0.018565 0.040900 0.037131 0.041748
0 0.633619 0.264994 0.033175 0.032737
0 0.738212 0.525366 0.029154 0.028810
0 0.831051 0.239508 0.033049 0.032770
0 0.704025 0.571253 0.053369 0.052147
0 0.328063 0.480310 0.024528 0.024532
0 0.350475 0.432490 0.024267 0.024317
0 0.052350 0.386480 0.025253 0.024469
0 0.074760 0.891674 0.026193 0.026306
0 0.671901 0.471217 0.028584 0.028591
0 0.338118 0.404355 0.023326 0.023288
0 0.966164 0.032494 0.042905 0.041997
0 0.581201 0.719962 0.056996 0.055892
0 0.262863 0.310686 0.031867 0.031534
0 0.476451 0.009307 0.047107 0.018361
0 0.067801 0.369068 0.022506 0.022310
0 0.165400 0.870217 0.025394 0.024532
0 0.398951 0.501574 0.025909 0.026675
0 0.101906 0.099458 0.026966 0.026496
0 0.367935 0.988889 0.023177 0.021797
0 0.298923 0.059477 0.020440 0.019960
0 0.951395 0.608074 0.025292 0.024817
0 0.405979 0.479479 0.124329 0.123493
0 0.038930 0.211882 0.026599 0.026403
0 0.708848 0.182127 0.025199 0.024508
