0 0.184486 0.741019 0.119060 0.091764
0 0.810344 0.529572 0.063983 0.052175
0 0.118630 0.683562 0.042442 0.029372
0 0.771125 0.443080 0.066111 0.052149
0 0.812703 0.681805 0.122875 0.092805
0 0.147174 0.116808 0.057263 0.045482
0 0.159298 0.928996 0.261559 0.141097
0 0.329213 0.847570 0.066178 0.051898
0 0.234899 0.261424 0.227701 0.164893
0 0.439411 0.517713 0.087687 0.068528
0 0.920183 0.115540 0.051336 0.038941
0 0.103816 0.765683 0.111117 0.078515
0 0.121559 0.496621 0.048796 0.036204
0 0.547210 0.647584 0.164576 0.138943
0 0.892352 0.273560 0.034358 0.028035
0 0.430219 0.646199 0.036886 0.027898
0 0.166918 0.648514 0.047941 0.035667
0 0.207966 0.030380 0.126330 0.060502
0 0.010755 0.441582 0.021511 0.050867
0 0.567402 0.186479 0.557629 0.372959
0 0.678972 0.921275 0.252794 0.157450
0 0.822017 0.933591 0.142046 0.117437
0 0.855058 0.199512 0.058265 0.050454
0 0.398947 0.832419 0.061046 0.042848
0 0.559755 0.775521 0.094031 0.076489
0 0.292913 0.372579 0.357345 0.251250
0 0.678028 0.741744 0.190153 0.148054
0 0.182402 0.072753 0.067262 0.056680
0 0.626441 0.236073 0.027648 0.025147
0 0.302719 0.886074 0.080180 0.061624
0 0.345689 0.761789 0.071158 0.056518
0 0.076684 0.080406 0.153368 0.158836
0 0.096212 0.227106 0.082435 0.070708
0 0.936556 0.968433 0.082452 0.060945
0 0.298275 0.056130 0.089473 0.073997
0 0.019033 0.326328 0.038066 0.034349
0 0.443714 0.795168 0.075834 0.059612
0 0.932782 0.782679 0.082298 0.069253
0 0.083458 0.307476 0.083322 0.068656
0 0.044053 0.868064 0.075152 0.055822
0 0.463354 0.888799 0.144645 0.115967
0 0.815948 0.637831 0.047026 0.039350
0 0.944776 0.876013 0.109022 0.123347
0 0.414279 0.713228 0.145091 0.115607
0 0.502030 0.717409 0.031692 0.028575
0 0.655413 0.811635 0.034125 0.027368
0 0.489024 0.488084 0.042500 0.033487
0 0.339348 0.630368 0.102249 0.080484
0 0.281483 0.776357 0.051530 0.036593
