0 0.338565 0.396525 0.037110 0.036433
0 0.371796 0.575419 0.026098 0.025978
0 0.448515 0.443739 0.038932 0.039193
0 0.560579 0.380221 0.027308 0.027556
0 0.646229 0.371225 0.026533 0.026773
0 0.661132 0.264689 0.027997 0.027883
0 0.529055 0.468187 0.024571 0.024123
0 0.270667 0.486566 0.030863 0.030522
0 0.090884 0.197112 0.056951 0.057379
0 0.190791 0.620686 0.029127 0.029647
0 0.893745 0.484570 0.026173 0.025023
0 0.395972 0.361938 0.026970 0.026438
0 0.628520 0.487819 0.026064 0.025912
0 0.198619 0.645812 0.032463 0.032047
0 0.414999 0.167694 0.045484 0.046488
0 0.686999 0.522413 0.047042 0.045791
0 0.194280 0.677644 0.029582 0.029568
0 0.618524 0.249837 0.028025 0.028516
0 0.042404 0.339135 0.023461 0.023495
0 0.420446 0.123692 0.038105 0.037314
0 0.111742 0.264726 0.026271 0.026733
0 0.443846 0.059869 0.023333 0.023354
0 0.785415 0.077334 0.027567 0.027045
0 0.852474 0.880964 0.024563 0.024257
0 0.114223 0.554798 0.022764 0.023607
0 0.851594 0.042790 0.026794 0.026105
0 0.152762 0.698829 0.038846 0.040888
0 0.547700 0.554065 0.028622 0.029478
0 0.575462 0.296389 0.029422 0.030222
0 0.427551 0.208146 0.047883 0.047741
0 0.653590 0.405004 0.022048 0.022320
0 0.993994 0.941495 0.011876 0.056868
0 0.593189 0.063297 0.025059 0.025619
0 0.613099 0.650483 0.021821 0.021919
0 0.643309 0.244720 0.022766 0.022325
0 0.125399 0.706211 0.031224 0.031091
0 0.951934 0.881438 0.022757 0.022632
0 0.160950 0.283529 0.022433 0.022596
0 0.271204 0.540167 0.029101 0.029712
0 0.538000 0.182289 0.020930 0.020859
