0 0.345345 0.642507 0.329337 0.292328
0 0.952683 0.026102 0.067884 0.048770
0 0.582775 0.460891 0.043383 0.034498
0 0.959341 0.703229 0.051612 0.040627
0 0.431491 0.521401 0.040398 0.032284
0 0.226715 0.500648 0.038396 0.031191
0 0.118705 0.740397 0.237409 0.226203
0 0.569060 0.229021 0.688099 0.458041
0 0.863459 0.470668 0.053607 0.045488
0 0.061908 0.399535 0.024983 0.024113
0 0.665100 0.270878 0.032539 0.027142
0 0.865045 0.393846 0.033232 0.027072
0 0.891543 0.845737 0.216914 0.247996
0 0.148940 0.876731 0.089132 0.068386
