0 0.042801 0.463927 0.047677 0.047354
0 0.236388 0.119934 0.031497 0.031230
0 0.326254 0.211123 0.047765 0.047325
0 0.040253 0.075687 0.029030 0.029462
0 0.132696 0.268309 0.029308 0.029674
0 0.036183 0.116236 0.031389 0.031621
0 0.106591 0.374901 0.077719 0.077759
0 0.069139 0.079929 0.023763 0.023688
0 0.495304 0.468362 0.037082 0.036379
0 0.585106 0.747292 0.021939 0.021988
0 0.317030 0.110638 0.026297 0.025887
0 0.158473 0.816333 0.021125 0.021507
0 0.084461 0.271353 0.020522 0.021130
0 0.007122 0.022866 0.014245 0.038030
0 0.261710 0.605910 0.019828 0.019874
0 0.532065 0.526502 0.021684 0.021679
0 0.559881 0.471514 0.020120 0.020178
