0 0.169741 0.684967 0.073682 0.074746
0 0.658429 0.428548 0.037124 0.037085
0 0.733376 0.425119 0.036241 0.036079
0 0.581814 0.834666 0.035973 0.036258
0 0.899963 0.170303 0.034060 0.034239
0 0.972125 0.119781 0.022807 0.022639
0 0.900809 0.636459 0.023739 0.023731
0 0.107827 0.893511 0.023136 0.023115
0 0.581554 0.050789 0.020538 0.020796
0 0.553548 0.963354 0.019684 0.020110
0 0.652810 0.659291 0.023727 0.024023
0 0.292306 0.605701 0.020599 0.020674
0 0.334634 0.096705 0.403504 0.193410
0 0.286254 0.481597 0.021002 0.020842
0 0.229054 0.862512 0.054382 0.053719
0 0.486296 0.965633 0.020158 0.020100
0 0.043239 0.190630 0.080812 0.081632
0 0.128552 0.869631 0.023469 0.023262
0 0.007460 0.404601 0.014877 0.023554
0 0.101654 0.583841 0.046410 0.045918
0 0.449630 0.783260 0.022797 0.022415
0 0.130743 0.602012 0.027173 0.026968
0 0.094455 0.846647 0.188910 0.303825
