0 0.058471 0.678330 0.102368 0.104686
0 0.969363 0.548090 0.025541 0.025073
0 0.848400 0.621452 0.028175 0.027710
0 0.314381 0.192097 0.039149 0.038814
0 0.618661 0.776893 0.049475 0.050060
0 0.671684 0.617579 0.044940 0.044669
0 0.268815 0.812472 0.022541 0.022516
0 0.490025 0.583459 0.021102 0.021071
0 0.524790 0.729329 0.022351 0.021890
0 0.219306 0.625537 0.090609 0.089799
0 0.914542 0.301550 0.023713 0.023473
0 0.390705 0.663788 0.072623 0.073102
0 0.208557 0.051766 0.033824 0.033253
0 0.280010 0.669417 0.065335 0.064192
0 0.707107 0.384066 0.021092 0.020753
0 0.654143 0.784967 0.024317 0.025121
0 0.755996 0.859900 0.058307 0.057637
0 0.402930 0.837432 0.020602 0.020569
0 0.538773 0.837100 0.024233 0.024133
0 0.712992 0.338253 0.022140 0.022707
0 0.618740 0.855062 0.126323 0.125072
0 0.696115 0.232232 0.020537 0.020398
0 0.130748 0.892876 0.184469 0.180043
0 0.021313 0.915969 0.042386 0.058654
0 0.742434 0.272143 0.019996 0.020131
0 0.962909 0.756015 0.055696 0.055038
0 0.408338 0.630524 0.038351 0.039425
0 0.527076 0.095547 0.079091 0.080095
0 0.545587 0.674647 0.060328 0.060797
0 0.916174 0.973738 0.115220 0.052524
0 0.474646 0.315526 0.357467 0.352360
0 0.761482 0.146792 0.020131 0.020576
0 0.693882 0.017321 0.019077 0.018727
0 0.034327 0.785769 0.067498 0.101715
0 0.005437 0.646633 0.010874 0.025554
0 0.939841 0.661699 0.059979 0.060649
0 0.193423 0.683524 0.063907 0.066032
0 0.627045 0.930040 0.066770 0.067244
0 0.247891 0.147431 0.070971 0.070815
0 0.018228 0.861597 0.036231 0.057532
0 0.294033 0.496084 0.110162 0.107912
0 0.359228 0.698625 0.103743 0.105049
0 0.606150 0.007553 0.035414 0.014978
0 0.480327 0.024814 0.075185 0.049238
0 0.918814 0.175111 0.162371 0.263461
0 0.314093 0.767591 0.038372 0.037510
0 0.234190 0.085276 0.071114 0.069996
