0 0.853784 0.424280 0.072468 0.071536
0 0.329074 0.830057 0.141904 0.139328
0 0.532989 0.512741 0.268556 0.267100
0 0.382265 0.311505 0.035581 0.035381
0 0.818439 0.142117 0.028239 0.028208
0 0.225986 0.295523 0.063853 0.064100
0 0.945623 0.087042 0.055842 0.055464
0 0.068364 0.181983 0.044876 0.044248
0 0.471601 0.105112 0.023290 0.023191
0 0.691503 0.063579 0.043652 0.044446
0 0.449438 0.726206 0.080569 0.081551
0 0.037613 0.207496 0.030357 0.030439
0 0.649862 0.646522 0.026496 0.026646
0 0.220441 0.630206 0.026311 0.026470
0 0.661037 0.013158 0.028953 0.026316
0 0.678193 0.328663 0.026424 0.026375
0 0.908269 0.827478 0.183463 0.217968
0 0.951159 0.263344 0.059926 0.060148
0 0.587770 0.323984 0.041569 0.041487
0 0.171387 0.150306 0.049627 0.049145
0 0.553633 0.854490 0.022558 0.022048
0 0.322917 0.477678 0.035183 0.034566
0 0.665967 0.095258 0.057505 0.057480
0 0.787720 0.404471 0.033395 0.033158
0 0.383019 0.124585 0.073034 0.072903
0 0.825489 0.632138 0.050841 0.050526
0 0.633212 0.849965 0.024022 0.023365
0 0.444409 0.297267 0.021351 0.021038
0 0.366027 0.285160 0.027292 0.026431
0 0.380430 0.418814 0.024049 0.025094
0 0.132665 0.394886 0.023575 0.023893
0 0.339980 0.122260 0.025006 0.024589
0 0.144103 0.723240 0.027964 0.027937
0 0.577549 0.659093 0.050671 0.051515
0 0.391605 0.438759 0.021299 0.022268
0 0.417672 0.169601 0.022488 0.022320
0 0.250142 0.440022 0.065217 0.064428
0 0.084998 0.292000 0.026643 0.025963
0 0.387555 0.530496 0.022597 0.022367
0 0.858738 0.370048 0.020038 0.019843
0 0.657597 0.959966 0.029237 0.029247
0 0.106950 0.121979 0.021169 0.021275
0 0.290294 0.448114 0.025489 0.025974
0 0.720038 0.175797 0.024111 0.023139
0 0.140944 0.125357 0.024207 0.024807
0 0.976442 0.412769 0.019194 0.018946
0 0.061500 0.059899 0.122946 0.118068
0 0.283264 0.336923 0.019978 0.019829
0 0.289589 0.171751 0.020001 0.019983
0 0.550747 0.897039 0.019738 0.019806
0 0.015072 0.307792 0.028806 0.028826
0 0.484134 0.916213 0.039875 0.040141
0 0.479387 0.988502 0.023416 0.021477
0 0.689583 0.963402 0.022537 0.022550
0 0.181491 0.677805 0.019425 0.019501
0 0.946061 0.988535 0.036469 0.022535
0 0.128496 0.141289 0.023131 0.023326
0 0.055519 0.941111 0.024579 0.024759
0 0.833414 0.661784 0.019343 0.019327
0 0.150219 0.530344 0.019497 0.019358
0 0.395265 0.007552 0.028724 0.015028
0 0.882134 0.284066 0.027219 0.028250
0 0.358170 0.526054 0.019694 0.019707
0 0.273548 0.497623 0.020798 0.020373
0 0.052351 0.828337 0.025150 0.025268
0 0.154972 0.956270 0.025542 0.025506
0 0.437196 0.211553 0.020535 0.020978
0 0.737657 0.171095 0.020513 0.020566
0 0.282627 0.027375 0.026256 0.025859
0 0.840001 0.390640 0.019175 0.018707
0 0.640343 0.765479 0.019387 0.019278
0 0.921650 0.748810 0.018535 0.018651
0 0.011080 0.746227 0.020443 0.021370
0 0.130455 0.909025 0.021471 0.021059
0 0.142449 0.834662 0.020696 0.020739
0 0.230607 0.672299 0.461214 0.454202
0 0.020097 0.931234 0.040194 0.047991
0 0.243753 0.258966 0.018263 0.018064
0 0.325178 0.168776 0.019571 0.019550
0 0.730264 0.728169 0.027639 0.027915
0 0.394376 0.458110 0.018681 0.017135
0 0.878793 0.125954 0.242414 0.251908
0 0.491084 0.008771 0.031938 0.017065
0 0.130803 0.007848 0.026457 0.015515
0 0.351241 0.462564 0.018848 0.018349
0 0.597423 0.881276 0.018955 0.019051
0 0.051243 0.848476 0.025054 0.024060
