0 0.701267 0.298441 0.067918 0.059337
0 0.254967 0.896633 0.061666 0.054736
0 0.916582 0.548877 0.051747 0.045475
0 0.718671 0.723586 0.039445 0.036097
0 0.281563 0.840722 0.045265 0.039541
0 0.730048 0.669540 0.039295 0.034958
0 0.724860 0.123540 0.035011 0.033012
0 0.653121 0.641616 0.035789 0.034638
0 0.630885 0.436751 0.051699 0.045993
0 0.724695 0.467431 0.038252 0.033935
0 0.634879 0.495980 0.036148 0.032973
0 0.772772 0.195919 0.025617 0.024814
0 0.551371 0.518299 0.049633 0.045668
0 0.188120 0.834273 0.031572 0.030476
0 0.692226 0.753627 0.029006 0.027440
0 0.322969 0.987073 0.029522 0.025115
0 0.579541 0.553069 0.023302 0.021992
