0 0.310507 0.773159 0.026733 0.026491
0 0.185813 0.495872 0.026835 0.026473
0 0.351704 0.643765 0.038895 0.038192
0 0.437894 0.816296 0.030343 0.029678
0 0.488250 0.007904 0.037069 0.015710
0 0.620597 0.584712 0.023258 0.023654
0 0.660051 0.558389 0.022941 0.023119
0 0.617177 0.017007 0.068282 0.033834
0 0.336353 0.716181 0.027185 0.026207
0 0.720226 0.934276 0.028580 0.028806
0 0.841720 0.918091 0.027424 0.027501
0 0.577368 0.100109 0.022841 0.022313
0 0.463276 0.111424 0.021660 0.021307
0 0.677040 0.219234 0.019885 0.019772
0 0.699753 0.930542 0.018836 0.019096
0 0.255303 0.855210 0.022361 0.022116
0 0.841380 0.550236 0.022135 0.021765
0 0.676423 0.503493 0.019482 0.019277
0 0.390490 0.043182 0.021113 0.020883
0 0.706462 0.947397 0.150634 0.105206
0 0.547812 0.668759 0.019444 0.019418
0 0.620453 0.954846 0.018821 0.018543
