0 0.550102 0.302285 0.040671 0.040153
0 0.507379 0.644506 0.036367 0.036236
0 0.433119 0.557631 0.032314 0.033020
0 0.316411 0.944982 0.037567 0.037731
0 0.846846 0.485576 0.033706 0.033644
0 0.521146 0.033730 0.032432 0.032318
0 0.803428 0.624967 0.030233 0.030083
0 0.238212 0.155300 0.023591 0.023571
0 0.460816 0.481618 0.040512 0.040477
0 0.138051 0.639039 0.022691 0.022032
0 0.780108 0.603281 0.029402 0.029089
0 0.338012 0.108225 0.025701 0.026122
0 0.114328 0.087123 0.026158 0.026762
0 0.851508 0.396839 0.054704 0.054136
0 0.161947 0.016883 0.046007 0.033591
0 0.380871 0.142408 0.030308 0.029490
0 0.108995 0.756161 0.023565 0.023653
0 0.203569 0.154358 0.025142 0.024616
0 0.400337 0.881108 0.022776 0.022883
0 0.590765 0.953304 0.025678 0.025700
0 0.106594 0.178656 0.023765 0.024114
0 0.262818 0.706499 0.020666 0.020946
0 0.980254 0.683392 0.022246 0.022352
0 0.767911 0.567552 0.021838 0.021611
0 0.310670 0.280232 0.081173 0.079698
0 0.947946 0.369885 0.024226 0.023795
0 0.487251 0.377139 0.032147 0.031743
0 0.594482 0.033989 0.019488 0.019981
0 0.694533 0.384629 0.023555 0.022921
0 0.705459 0.548139 0.019484 0.019436
0 0.841004 0.631119 0.020575 0.020955
0 0.713598 0.436627 0.023862 0.023662
0 0.276807 0.935298 0.020076 0.020081
0 0.551092 0.005360 0.025434 0.010719
0 0.686578 0.828204 0.038713 0.039247
0 0.875235 0.717768 0.021064 0.021128
0 0.569816 0.623362 0.026850 0.026644
0 0.986188 0.936378 0.020766 0.020002
0 0.919522 0.128218 0.022387 0.021808
0 0.622726 0.123196 0.019637 0.019429
0 0.989863 0.798274 0.020275 0.035531
0 0.208837 0.691677 0.022989 0.022000
0 0.812845 0.094105 0.054961 0.054855
0 0.426511 0.841125 0.027430 0.026468
0 0.877252 0.821489 0.020046 0.019871
0 0.198541 0.277460 0.022953 0.023028
0 0.577208 0.088456 0.019568 0.020040
0 0.975217 0.735181 0.019966 0.019999
