0 0.037832 0.870378 0.054247 0.042024
0 0.633586 0.778657 0.048503 0.038057
0 0.919164 0.312818 0.048999 0.037303
0 0.563884 0.501090 0.061301 0.047628
0 0.644773 0.058315 0.190054 0.115150
0 0.298879 0.317614 0.044353 0.035015
0 0.984029 0.911618 0.031942 0.037627
0 0.916246 0.732592 0.148414 0.117218
0 0.371363 0.729118 0.057861 0.044723
0 0.528680 0.971034 0.123417 0.057932
0 0.582417 0.435842 0.039279 0.029514
0 0.589756 0.211543 0.040773 0.033759
0 0.279203 0.894582 0.036615 0.028310
0 0.166333 0.721952 0.168315 0.139564
0 0.235302 0.063756 0.167782 0.122811
0 0.568158 0.204889 0.037843 0.032237
0 0.466440 0.820649 0.034068 0.028041
0 0.498241 0.281995 0.152238 0.121400
0 0.117403 0.897004 0.032371 0.027458
0 0.716166 0.787885 0.038740 0.029333
0 0.079656 0.497526 0.033203 0.026968
0 0.039936 0.033601 0.039544 0.033154
0 0.365763 0.075850 0.034158 0.025842
0 0.234203 0.622811 0.036518 0.028485
0 0.987597 0.757953 0.023890 0.025420
