0 0.188166 0.157416 0.074272 0.070174
0 0.791329 0.695395 0.402044 0.349479
0 0.061015 0.241325 0.033613 0.032692
0 0.834904 0.094201 0.040413 0.038367
0 0.154184 0.355979 0.033793 0.032736
0 0.231331 0.639585 0.043698 0.040875
0 0.160046 0.432458 0.037675 0.034231
0 0.255541 0.929758 0.036079 0.033368
0 0.541529 0.471629 0.032042 0.030654
0 0.320476 0.695799 0.035702 0.034013
0 0.025274 0.708793 0.036251 0.033903
0 0.308268 0.105446 0.025710 0.024819
0 0.739517 0.199555 0.044480 0.042400
0 0.813577 0.684046 0.030136 0.028745
0 0.042661 0.152481 0.021984 0.021712
0 0.085321 0.783402 0.038826 0.033132
0 0.478242 0.196038 0.210082 0.185869
0 0.428847 0.764570 0.025711 0.023907
0 0.095152 0.899383 0.033678 0.030650
0 0.687433 0.427434 0.033472 0.031736
0 0.200595 0.074712 0.042366 0.041319
0 0.261188 0.261644 0.029225 0.028623
0 0.307462 0.837268 0.026507 0.025742
0 0.428291 0.652755 0.024003 0.023555
0 0.444329 0.891024 0.026358 0.025110
0 0.233352 0.083983 0.022007 0.022152
0 0.349657 0.106054 0.024922 0.024773
0 0.206995 0.918466 0.031111 0.029059
0 0.041262 0.525092 0.025419 0.024384
0 0.621472 0.247846 0.030516 0.030257
0 0.312261 0.444490 0.061543 0.059594
0 0.546747 0.179786 0.030529 0.029389
0 0.604554 0.223461 0.021799 0.021217
0 0.401705 0.694867 0.024405 0.023735
0 0.442841 0.211556 0.030977 0.030525
0 0.458778 0.616974 0.027726 0.027306
0 0.147528 0.549218 0.025960 0.024938
0 0.194649 0.812564 0.026488 0.024852
0 0.300743 0.516688 0.096779 0.085072
0 0.180336 0.493840 0.039921 0.038509
0 0.021198 0.010379 0.033554 0.020103
0 0.228517 0.477224 0.046374 0.043771
0 0.275862 0.627203 0.021952 0.021134
0 0.936752 0.156532 0.025040 0.024937
0 0.836705 0.471167 0.024691 0.024316
0 0.011388 0.755306 0.022777 0.023588
