0 0.239344 0.404815 0.179218 0.176748
0 0.622341 0.123419 0.216054 0.206987
0 0.578720 0.590518 0.051583 0.050886
0 0.749255 0.572667 0.134799 0.136059
0 0.491088 0.579187 0.074486 0.072058
0 0.275422 0.832209 0.115454 0.112422
0 0.184483 0.641917 0.081930 0.081649
0 0.135477 0.860990 0.079535 0.081027
0 0.338465 0.274331 0.025558 0.025242
0 0.740313 0.290516 0.038836 0.039233
0 0.488112 0.205219 0.031273 0.031789
0 0.592790 0.240554 0.038241 0.037736
0 0.099665 0.590252 0.024256 0.024218
0 0.402560 0.330556 0.055192 0.054717
0 0.836478 0.229790 0.101113 0.102346
0 0.862528 0.518697 0.033909 0.034427
0 0.113200 0.242028 0.032342 0.032624
0 0.063002 0.689776 0.120400 0.120711
0 0.065893 0.806874 0.044671 0.045057
0 0.194794 0.482001 0.024850 0.024960
0 0.752039 0.700768 0.041673 0.041852
0 0.964913 0.556302 0.070175 0.078897
0 0.277533 0.263942 0.081515 0.082392
0 0.608769 0.508340 0.049526 0.051011
0 0.886151 0.658029 0.043738 0.043907
0 0.641108 0.496049 0.025050 0.025513
0 0.475703 0.498990 0.055508 0.054856
0 0.425372 0.542360 0.034751 0.033528
0 0.912327 0.157854 0.031763 0.031182
0 0.078299 0.443172 0.022070 0.022218
0 0.960964 0.689166 0.078071 0.105969
0 0.462225 0.359272 0.025139 0.025011
0 0.905717 0.029244 0.076891 0.058489
0 0.683653 0.211629 0.051194 0.051458
0 0.818788 0.599879 0.035527 0.035637
0 0.110694 0.316848 0.038010 0.037582
0 0.850323 0.308426 0.033917 0.034135
0 0.369672 0.376548 0.027155 0.026775
0 0.020601 0.341166 0.027115 0.027079
0 0.782523 0.490299 0.043328 0.043303
0 0.463942 0.539563 0.034258 0.033831
0 0.588963 0.538097 0.026297 0.026267
0 0.987300 0.450682 0.024910 0.026342
0 0.064172 0.277542 0.085799 0.085259
0 0.060960 0.550741 0.036070 0.036725
0 0.611805 0.659577 0.095876 0.096829
0 0.625991 0.243470 0.023458 0.023054
0 0.348971 0.474627 0.024179 0.023788
0 0.529099 0.934941 0.022573 0.022853
0 0.093605 0.540588 0.024691 0.024405
0 0.353302 0.599631 0.039183 0.039143
0 0.143580 0.679821 0.030308 0.030478
0 0.013070 0.208117 0.021773 0.021472
0 0.774793 0.045398 0.037576 0.035960
0 0.253201 0.713690 0.090017 0.091619
0 0.127423 0.400856 0.023806 0.023757
0 0.957526 0.504076 0.027516 0.028137
0 0.747005 0.020412 0.091983 0.040823
0 0.627240 0.410722 0.056787 0.056459
0 0.708872 0.048458 0.055881 0.054350
0 0.506241 0.008908 0.034417 0.017815
0 0.386442 0.362410 0.028114 0.028038
0 0.132157 0.602873 0.023317 0.023644
0 0.706270 0.387937 0.022922 0.022558
0 0.772845 0.425111 0.126523 0.128614
0 0.909414 0.064911 0.039364 0.038211
0 0.019990 0.940946 0.035744 0.037462
0 0.129975 0.757869 0.125426 0.121694
0 0.797488 0.117536 0.037190 0.037468
0 0.037687 0.766160 0.045236 0.044730
0 0.018468 0.478898 0.036936 0.089282
0 0.381961 0.621084 0.036862 0.037399
0 0.282288 0.931234 0.085086 0.084340
0 0.009375 0.611405 0.018643 0.022813
0 0.856587 0.051815 0.042770 0.043181
0 0.387820 0.552474 0.039169 0.039645
0 0.602725 0.564505 0.022906 0.022456
0 0.308910 0.025930 0.039227 0.038805
0 0.838215 0.481158 0.059874 0.060115
0 0.296421 0.577290 0.021312 0.021185
0 0.200219 0.889272 0.055589 0.056822
0 0.312162 0.844871 0.027761 0.027582
0 0.250471 0.447809 0.023664 0.023208
0 0.917262 0.620875 0.034573 0.033999
0 0.842906 0.387526 0.022114 0.021981
0 0.960314 0.042007 0.036847 0.037932
0 0.025916 0.850402 0.035479 0.034421
0 0.556497 0.957485 0.025151 0.024108
0 0.253656 0.187140 0.024625 0.023977
0 0.210952 0.187355 0.020738 0.021082
0 0.707342 0.290801 0.024387 0.024485
0 0.556992 0.972507 0.022457 0.021840
0 0.724188 0.438521 0.026716 0.026504
0 0.377892 0.437743 0.063371 0.061975
0 0.043661 0.871553 0.023953 0.023872
0 0.147901 0.156412 0.019003 0.018882
0 0.940635 0.064803 0.020349 0.020283
0 0.872716 0.196496 0.035608 0.035514
0 0.964231 0.007963 0.048170 0.015917
0 0.388169 0.152217 0.022999 0.022870
0 0.349820 0.173101 0.024646 0.023237
0 0.904059 0.502406 0.191882 0.248090
0 0.433516 0.388208 0.025267 0.024213
0 0.137517 0.359163 0.023095 0.023047
0 0.358964 0.340287 0.019981 0.019723
0 0.086008 0.988596 0.050357 0.022808
0 0.101925 0.626210 0.041158 0.040549
0 0.182745 0.304903 0.043941 0.043690
0 0.350969 0.182059 0.020889 0.020667
0 0.639030 0.188121 0.053451 0.053522
0 0.013441 0.538315 0.026596 0.034866
