0 0.793839 0.532688 0.082843 0.082764
0 0.858328 0.607815 0.026069 0.025958
0 0.825504 0.072049 0.046516 0.045998
0 0.544984 0.957275 0.046269 0.045690
0 0.488801 0.962117 0.077480 0.074566
0 0.344130 0.935899 0.027427 0.028393
0 0.276073 0.774254 0.090056 0.090686
0 0.573550 0.508253 0.065480 0.065799
0 0.754653 0.944680 0.101117 0.100561
0 0.972456 0.508953 0.027318 0.027419
0 0.790039 0.805153 0.039728 0.039729
0 0.704320 0.144284 0.024578 0.024667
0 0.797370 0.380593 0.043305 0.043445
0 0.979303 0.827616 0.034547 0.034913
0 0.858148 0.761138 0.057619 0.058632
0 0.704315 0.765364 0.042686 0.042686
0 0.480486 0.503252 0.106865 0.107963
0 0.224652 0.569580 0.279266 0.288468
0 0.649027 0.544444 0.075964 0.074144
0 0.896551 0.814205 0.028762 0.028593
0 0.982196 0.601519 0.035542 0.056325
0 0.585587 0.556735 0.045318 0.044789
0 0.696841 0.697385 0.103930 0.106741
0 0.621654 0.734867 0.079767 0.081459
0 0.810035 0.733823 0.061408 0.060821
0 0.740201 0.577275 0.022699 0.022989
0 0.469046 0.415443 0.064579 0.065923
0 0.927229 0.375665 0.023294 0.023598
0 0.613824 0.323904 0.060191 0.059992
0 0.522121 0.557201 0.025391 0.025362
0 0.944949 0.620483 0.038703 0.037722
0 0.593873 0.462138 0.028419 0.028960
0 0.869998 0.355624 0.053764 0.054399
0 0.597632 0.810360 0.042354 0.041701
0 0.886339 0.311983 0.032940 0.033128
0 0.663912 0.350517 0.035826 0.036060
0 0.611317 0.674591 0.042180 0.042012
0 0.847976 0.047678 0.032407 0.031854
0 0.985107 0.656113 0.023032 0.022897
0 0.844626 0.951387 0.089046 0.089049
0 0.355481 0.679035 0.053621 0.053641
0 0.908229 0.621138 0.030246 0.030889
0 0.843231 0.695661 0.039763 0.040456
0 0.504817 0.620943 0.057865 0.057929
0 0.525505 0.026339 0.036472 0.039372
0 0.881765 0.714884 0.035884 0.035166
0 0.508674 0.798453 0.063217 0.062477
0 0.912305 0.932801 0.053037 0.053749
0 0.943232 0.408654 0.113437 0.183452
0 0.770100 0.022765 0.024429 0.025312
0 0.973651 0.910562 0.027166 0.026674
0 0.953811 0.734227 0.071554 0.072388
0 0.425587 0.712569 0.021654 0.021357
0 0.749851 0.438327 0.021679 0.021625
0 0.910478 0.034911 0.024108 0.024612
0 0.463566 0.604641 0.020954 0.020601
0 0.496503 0.360199 0.105305 0.099301
0 0.768287 0.630316 0.024555 0.025713
0 0.398495 0.768757 0.167127 0.166543
0 0.495413 0.708390 0.020928 0.020852
0 0.381044 0.667513 0.037651 0.036593
0 0.645785 0.640501 0.057414 0.056720
0 0.679522 0.018410 0.068743 0.036820
0 0.053834 0.738052 0.023933 0.024148
0 0.444241 0.284306 0.020978 0.021014
0 0.990439 0.282787 0.019121 0.027632
0 0.596261 0.148658 0.049663 0.049985
0 0.495057 0.155003 0.054526 0.055386
0 0.317641 0.735991 0.025932 0.026046
0 0.223372 0.986226 0.044246 0.027548
0 0.388017 0.472989 0.074469 0.074257
0 0.830874 0.891824 0.033606 0.033538
0 0.386628 0.866877 0.020439 0.019691
0 0.549290 0.826429 0.044258 0.044038
0 0.408187 0.852414 0.135428 0.133036
0 0.526368 0.851697 0.024419 0.024144
0 0.960587 0.921665 0.056520 0.052760
0 0.902530 0.672604 0.088408 0.084029
