0 0.466066 0.918302 0.024804 0.024401
0 0.746224 0.526258 0.024939 0.025034
0 0.129139 0.661530 0.026742 0.026528
0 0.244219 0.378184 0.031224 0.031554
0 0.635194 0.315647 0.104790 0.105192
0 0.625772 0.234195 0.034339 0.034171
0 0.360336 0.826422 0.032856 0.033213
0 0.597206 0.557294 0.026162 0.026552
0 0.516566 0.475158 0.051534 0.050726
0 0.189414 0.299199 0.081949 0.082139
0 0.918958 0.592698 0.033304 0.033608
0 0.135153 0.441963 0.067622 0.067240
0 0.476530 0.570882 0.032591 0.032469
0 0.293791 0.446791 0.035789 0.036070
0 0.045708 0.643032 0.043739 0.043164
0 0.532902 0.422166 0.052401 0.052518
0 0.946641 0.795052 0.045844 0.046156
0 0.061355 0.833495 0.057134 0.057024
0 0.513676 0.833717 0.058456 0.058295
0 0.171076 0.166247 0.025508 0.025740
0 0.857397 0.245347 0.062353 0.061786
0 0.061172 0.424931 0.069913 0.070387
0 0.213979 0.511115 0.026148 0.026051
0 0.807394 0.683100 0.031263 0.031396
0 0.719134 0.622913 0.023877 0.023902
0 0.906582 0.946192 0.035212 0.035124
0 0.957253 0.347029 0.024570 0.024210
0 0.842210 0.534645 0.020927 0.020932
0 0.127734 0.351738 0.133980 0.132512
0 0.945912 0.549962 0.023774 0.023945
0 0.037203 0.076788 0.022775 0.022030
0 0.486139 0.286232 0.022153 0.022103
0 0.963459 0.155683 0.055708 0.055813
0 0.974293 0.270055 0.050905 0.065843
0 0.688859 0.458866 0.037927 0.038268
0 0.246482 0.291977 0.029566 0.029230
0 0.016810 0.700793 0.033619 0.036147
0 0.982956 0.045317 0.034087 0.037939
0 0.287616 0.364080 0.024907 0.024599
0 0.351351 0.499494 0.042089 0.041547
0 0.940811 0.964182 0.053244 0.055310
0 0.497674 0.338613 0.021658 0.021386
0 0.891926 0.789863 0.022835 0.022373
0 0.734242 0.502039 0.021678 0.021911
0 0.873853 0.434252 0.019566 0.019205
0 0.094868 0.130400 0.020654 0.021508
0 0.519384 0.546517 0.067085 0.068070
0 0.021987 0.668559 0.026469 0.026034
0 0.467954 0.257471 0.021737 0.021822
0 0.925133 0.085892 0.059964 0.060037
0 0.438218 0.169654 0.198729 0.201550
0 0.908612 0.990921 0.048522 0.018157
0 0.520942 0.129022 0.040117 0.040674
0 0.782389 0.376976 0.020363 0.020398
0 0.649231 0.509879 0.021902 0.022288
0 0.424162 0.471039 0.052848 0.053044
0 0.402513 0.577294 0.020243 0.020276
0 0.855836 0.011544 0.060048 0.022818
0 0.319958 0.609713 0.020063 0.020257
0 0.418161 0.541439 0.026840 0.027165
0 0.309053 0.187429 0.019844 0.019964
0 0.989864 0.214966 0.020272 0.031838
0 0.441180 0.673630 0.050975 0.048999
0 0.368812 0.496984 0.019448 0.021109
0 0.954305 0.620299 0.021486 0.021511
0 0.819006 0.364439 0.019306 0.019307
0 0.726217 0.408898 0.082863 0.086174
0 0.660503 0.665002 0.168341 0.167495
0 0.515373 0.872153 0.025720 0.025641
0 0.030847 0.867702 0.036684 0.037303
0 0.039081 0.385596 0.044681 0.042938
0 0.240479 0.863927 0.026942 0.027059
0 0.473483 0.472938 0.031048 0.030195
0 0.011168 0.624508 0.019058 0.019172
0 0.947984 0.769999 0.021382 0.021760
0 0.297154 0.041180 0.135342 0.082004
0 0.992267 0.639354 0.015467 0.027530
0 0.178853 0.026525 0.102733 0.052906
0 0.305544 0.069842 0.019142 0.019516
0 0.085217 0.110593 0.090850 0.097950
0 0.321037 0.505787 0.020674 0.020923
0 0.137780 0.519568 0.052837 0.053126
0 0.834745 0.730058 0.020322 0.019907
0 0.600935 0.913623 0.025623 0.024913
0 0.353667 0.072482 0.081167 0.083849
0 0.740742 0.130564 0.445779 0.260809
0 0.462233 0.974031 0.019701 0.019596
0 0.021001 0.750548 0.019936 0.019912
0 0.296547 0.340328 0.018982 0.018691
