0 0.495849 0.430780 0.183976 0.181723
0 0.178997 0.187807 0.068130 0.066894
0 0.365955 0.789126 0.099217 0.095559
0 0.575946 0.047675 0.045150 0.044933
0 0.404789 0.656154 0.023679 0.023552
0 0.207702 0.121714 0.043543 0.044246
0 0.168137 0.058526 0.025692 0.025767
0 0.519943 0.535106 0.030627 0.030053
0 0.280782 0.313784 0.038176 0.037540
0 0.279551 0.596633 0.027470 0.027253
0 0.293634 0.660457 0.024158 0.024015
0 0.962538 0.617969 0.035820 0.033652
0 0.304279 0.205493 0.109246 0.108931
0 0.766576 0.257398 0.038485 0.038725
0 0.811813 0.303896 0.041593 0.039464
0 0.084375 0.230958 0.022215 0.021608
0 0.902337 0.782055 0.061233 0.057610
0 0.648870 0.853881 0.090182 0.084145
0 0.030373 0.288978 0.024899 0.024268
0 0.795225 0.232782 0.041276 0.041330
0 0.242745 0.268774 0.070044 0.069953
0 0.630501 0.486819 0.020599 0.020610
0 0.358057 0.650217 0.020467 0.020489
0 0.541468 0.891030 0.175904 0.153886
0 0.171982 0.005601 0.034044 0.011201
0 0.799818 0.261434 0.022741 0.022809
0 0.284380 0.015920 0.082580 0.031840
0 0.828795 0.289501 0.031569 0.032218
0 0.085951 0.384045 0.076367 0.075397
0 0.401773 0.165227 0.028905 0.028986
0 0.318377 0.531473 0.020308 0.020081
0 0.358176 0.935033 0.307262 0.129649
0 0.495070 0.525229 0.023661 0.023156
0 0.364172 0.184614 0.059160 0.058643
0 0.535928 0.920617 0.039003 0.038885
0 0.268082 0.521834 0.031047 0.031044
0 0.612054 0.735104 0.045557 0.045233
0 0.263453 0.158477 0.020081 0.019824
0 0.271042 0.283604 0.034827 0.038037
0 0.069958 0.008581 0.023739 0.017162
0 0.070984 0.484895 0.101490 0.099844
0 0.932038 0.762598 0.029569 0.029663
0 0.981578 0.082467 0.019698 0.019671
0 0.798111 0.537436 0.022112 0.021953
0 0.142938 0.100866 0.073099 0.071354
0 0.804844 0.631467 0.019550 0.019060
0 0.028092 0.506391 0.023484 0.023590
0 0.751080 0.761431 0.057972 0.054723
0 0.248752 0.124159 0.038009 0.038815
0 0.554018 0.617655 0.020429 0.019728
0 0.727550 0.068961 0.023424 0.023038
0 0.715193 0.236412 0.042396 0.043030
0 0.657686 0.708474 0.019798 0.019319
0 0.617348 0.006445 0.037856 0.012639
0 0.123533 0.596209 0.246853 0.312476
0 0.218989 0.733203 0.027958 0.027234
0 0.071797 0.942393 0.024883 0.024336
0 0.453196 0.240691 0.021434 0.021331
0 0.008238 0.177481 0.016477 0.037067
