0 0.806897 0.544783 0.215374 0.215900
0 0.320132 0.314461 0.313796 0.291148
0 0.628148 0.730032 0.035638 0.034943
0 0.666385 0.850435 0.057141 0.057236
0 0.678439 0.952005 0.044520 0.044396
0 0.030411 0.922336 0.060823 0.087158
0 0.963545 0.271518 0.022892 0.022498
0 0.491337 0.666772 0.023577 0.023495
0 0.159987 0.760955 0.023538 0.023492
0 0.643494 0.696225 0.031864 0.032064
0 0.638562 0.598197 0.036357 0.035292
0 0.633767 0.627982 0.042812 0.042899
0 0.732417 0.985603 0.054759 0.028795
0 0.563309 0.878965 0.022830 0.022435
0 0.919019 0.807929 0.161962 0.280269
0 0.752063 0.950839 0.021932 0.021829
