0 0.629179 0.620269 0.030890 0.031157
0 0.334100 0.969136 0.039257 0.039461
0 0.757172 0.145315 0.029965 0.030584
0 0.754493 0.882602 0.038989 0.038918
0 0.750515 0.793542 0.051039 0.050114
0 0.695092 0.490732 0.043088 0.043126
0 0.727637 0.869410 0.024814 0.024979
0 0.033563 0.578245 0.020855 0.020504
0 0.581740 0.311995 0.068403 0.067882
0 0.215601 0.179993 0.022485 0.022855
0 0.698919 0.561749 0.020554 0.020357
0 0.348638 0.870221 0.021692 0.021791
0 0.985502 0.961671 0.028279 0.046476
0 0.633941 0.330972 0.039405 0.039456
0 0.579621 0.818438 0.039612 0.040545
0 0.234051 0.662971 0.032346 0.031962
0 0.032832 0.310055 0.065043 0.124614
0 0.640638 0.828530 0.070894 0.071056
0 0.150848 0.667167 0.049676 0.049381
0 0.610520 0.362038 0.036751 0.036970
0 0.094228 0.491352 0.053214 0.052279
0 0.011768 0.540219 0.023171 0.034391
0 0.616922 0.110364 0.080890 0.080223
0 0.084876 0.518587 0.041442 0.040308
0 0.843652 0.175390 0.034113 0.033678
0 0.660463 0.102642 0.153366 0.152816
0 0.550901 0.761913 0.023578 0.023863
0 0.400233 0.559706 0.043698 0.043245
0 0.251398 0.894685 0.038321 0.038811
0 0.116446 0.233297 0.040759 0.042555
0 0.060879 0.117349 0.028791 0.028697
0 0.348804 0.567586 0.046127 0.046433
0 0.739747 0.250123 0.031431 0.032019
0 0.885772 0.165372 0.046889 0.046194
0 0.213875 0.499103 0.040957 0.040925
0 0.193535 0.672685 0.038973 0.039632
0 0.629256 0.197580 0.074624 0.075666
0 0.472034 0.386769 0.019824 0.020239
0 0.085112 0.590095 0.063867 0.065918
0 0.323589 0.530378 0.043206 0.043586
0 0.122116 0.245395 0.022678 0.021461
0 0.759562 0.748856 0.029168 0.029354
0 0.617081 0.261590 0.036181 0.036886
0 0.548591 0.456264 0.040035 0.038636
0 0.760976 0.221778 0.028079 0.028507
0 0.835564 0.355385 0.025086 0.025087
0 0.415701 0.517526 0.049396 0.049633
0 0.653554 0.839884 0.033126 0.040054
0 0.554106 0.434324 0.036060 0.034105
0 0.705647 0.896168 0.041061 0.041061
0 0.664932 0.274106 0.057008 0.056074
0 0.173609 0.181227 0.023089 0.023406
0 0.744625 0.294705 0.021195 0.021163
0 0.491395 0.420715 0.079941 0.080523
0 0.755617 0.177135 0.017605 0.017442
0 0.129199 0.899649 0.027293 0.027318
0 0.193973 0.182910 0.019958 0.021462
0 0.329604 0.600170 0.034323 0.033853
0 0.516192 0.264017 0.022040 0.021840
0 0.565076 0.941396 0.018796 0.018801
0 0.030375 0.200081 0.027372 0.027358
0 0.406982 0.437617 0.046220 0.046271
0 0.165767 0.198406 0.023888 0.023989
0 0.783598 0.247076 0.043048 0.041569
0 0.535244 0.071156 0.023489 0.023324
0 0.830414 0.375962 0.022333 0.022682
0 0.475130 0.508298 0.040102 0.041299
0 0.479734 0.036022 0.022192 0.022911
0 0.044041 0.224375 0.025082 0.024187
0 0.576215 0.352568 0.033108 0.033137
0 0.714422 0.133830 0.021668 0.024214
0 0.013770 0.251826 0.027209 0.036366
