0 0.654975 0.318441 0.161096 0.155352
0 0.469863 0.065688 0.038636 0.036845
0 0.105448 0.235411 0.059834 0.055870
0 0.596293 0.366152 0.072905 0.069809
0 0.826122 0.326400 0.050862 0.048336
0 0.925992 0.954272 0.047517 0.046987
0 0.549450 0.489966 0.035641 0.033533
0 0.431505 0.152914 0.032271 0.030719
0 0.603156 0.706301 0.059745 0.058928
0 0.131033 0.606641 0.136795 0.129273
0 0.802745 0.394110 0.042779 0.039357
0 0.284278 0.357569 0.410667 0.352342
0 0.905109 0.415409 0.071682 0.068322
0 0.901455 0.532870 0.197091 0.274726
0 0.261504 0.924663 0.168954 0.149666
0 0.303914 0.103407 0.051262 0.049997
0 0.062534 0.274429 0.028532 0.027847
0 0.030107 0.801336 0.028990 0.027856
0 0.378030 0.459417 0.107567 0.099828
0 0.786006 0.862361 0.038950 0.037401
0 0.595132 0.283232 0.029440 0.029169
0 0.045914 0.518282 0.025580 0.025719
0 0.562923 0.031983 0.189836 0.063966
0 0.712740 0.967717 0.071871 0.063932
0 0.405212 0.655324 0.027128 0.026651
0 0.357228 0.090049 0.065086 0.061676
0 0.086840 0.946341 0.024800 0.024037
0 0.800385 0.979889 0.035851 0.036102
0 0.557173 0.212617 0.022443 0.022600
0 0.460416 0.949152 0.024924 0.024226
0 0.891159 0.959431 0.023298 0.023320
0 0.573016 0.607942 0.056807 0.052474
0 0.341310 0.747842 0.025269 0.023790
0 0.536387 0.310213 0.025639 0.024922
0 0.398493 0.714193 0.025480 0.025081
0 0.708144 0.437400 0.038865 0.037053
0 0.444152 0.662294 0.024126 0.023705
0 0.707617 0.798376 0.037648 0.036119
0 0.891797 0.778979 0.031422 0.030619
0 0.801614 0.940839 0.032160 0.032711
0 0.197149 0.922466 0.022713 0.022567
0 0.241042 0.648174 0.025219 0.024271
0 0.364425 0.270938 0.044528 0.041240
0 0.870498 0.976131 0.022755 0.022334
