0 0.410335 0.798704 0.036268 0.036584
0 0.580171 0.771278 0.030686 0.030993
0 0.958672 0.383487 0.024276 0.024212
0 0.525195 0.308666 0.026933 0.027343
0 0.520807 0.929312 0.024940 0.025066
0 0.408419 0.093308 0.071311 0.072396
0 0.837908 0.319781 0.024388 0.024431
0 0.145484 0.779291 0.026726 0.026388
0 0.715840 0.754353 0.040749 0.040922
0 0.228998 0.589413 0.029065 0.029484
0 0.548763 0.077288 0.023941 0.024095
0 0.081511 0.378736 0.030913 0.031543
0 0.336236 0.538096 0.033149 0.033039
0 0.598997 0.411668 0.022723 0.022857
0 0.590471 0.521588 0.031975 0.032558
0 0.880124 0.144632 0.025132 0.025546
0 0.279997 0.487768 0.023138 0.023156
0 0.685561 0.742884 0.021958 0.022283
0 0.522164 0.195966 0.022759 0.026173
0 0.863240 0.660576 0.036448 0.036025
0 0.330748 0.332493 0.029720 0.030486
0 0.398035 0.174626 0.023632 0.023871
0 0.422356 0.372411 0.020976 0.020934
0 0.989277 0.922053 0.020696 0.024242
0 0.950388 0.147793 0.020831 0.020848
0 0.792330 0.405935 0.020676 0.021096
0 0.127830 0.206726 0.033172 0.032875
0 0.073381 0.082255 0.021436 0.021249
0 0.165572 0.523973 0.034892 0.035017
0 0.510603 0.191970 0.041831 0.037608
0 0.499734 0.884862 0.021934 0.021803
0 0.733437 0.861018 0.029640 0.029952
0 0.289481 0.894241 0.019955 0.020454
0 0.333949 0.943913 0.024166 0.024354
0 0.168576 0.321026 0.020110 0.020471
0 0.864000 0.545184 0.026700 0.025913
