0 0.030778 0.388065 0.037061 0.036625
0 0.938949 0.888250 0.097920 0.095298
0 0.237931 0.502368 0.024733 0.024456
0 0.034058 0.547506 0.067283 0.089821
0 0.533845 0.794255 0.023015 0.022884
0 0.527088 0.345650 0.021787 0.021990
0 0.039512 0.616939 0.034585 0.034683
0 0.015173 0.607626 0.030345 0.053787
0 0.025713 0.797273 0.020502 0.020425
0 0.903333 0.142650 0.019695 0.019882
0 0.241011 0.194636 0.033763 0.033596
0 0.990354 0.978901 0.019292 0.028274
0 0.712268 0.850444 0.020799 0.020344
0 0.535612 0.671340 0.018230 0.017881
0 0.762774 0.352066 0.018688 0.018945
