0 0.804944 0.214027 0.109440 0.111377
0 0.533877 0.198981 0.027649 0.027351
0 0.787019 0.274207 0.034229 0.033760
0 0.932605 0.302817 0.032776 0.032718
0 0.149543 0.374393 0.030078 0.030231
0 0.459296 0.298333 0.038735 0.038247
0 0.420318 0.138772 0.029007 0.028799
0 0.640319 0.434793 0.023896 0.023845
0 0.078616 0.563885 0.154671 0.205112
0 0.350162 0.752259 0.024856 0.024830
0 0.393489 0.285214 0.030631 0.030867
0 0.088883 0.236801 0.025724 0.025564
0 0.600065 0.809576 0.034792 0.034316
0 0.152489 0.834031 0.027904 0.028017
0 0.705807 0.768314 0.079880 0.079379
0 0.240260 0.066820 0.030749 0.029732
0 0.167441 0.029701 0.036647 0.036488
0 0.375294 0.374662 0.025795 0.025938
0 0.202471 0.678754 0.022391 0.022429
0 0.331548 0.776621 0.046001 0.046276
0 0.252149 0.091635 0.041159 0.040884
0 0.225503 0.314101 0.036025 0.035433
0 0.208725 0.291965 0.024742 0.024808
0 0.698453 0.589010 0.021693 0.021826
0 0.519472 0.330138 0.024521 0.024547
0 0.075842 0.301734 0.041882 0.041266
0 0.079639 0.034949 0.041270 0.040847
0 0.609949 0.991119 0.026320 0.016994
0 0.864961 0.107846 0.026012 0.026566
0 0.368234 0.467629 0.033405 0.032903
0 0.185154 0.856329 0.020788 0.020964
0 0.643591 0.091660 0.189439 0.178402
0 0.415966 0.359023 0.021445 0.021567
0 0.043555 0.353915 0.022775 0.022300
0 0.093481 0.163885 0.072553 0.073215
0 0.084679 0.010580 0.031490 0.021160
0 0.355880 0.793050 0.023894 0.023421
0 0.233724 0.355797 0.057345 0.055977
0 0.353930 0.568568 0.021286 0.021538
0 0.052599 0.018581 0.022577 0.023111
0 0.480954 0.371241 0.046510 0.047872
0 0.550759 0.008947 0.024765 0.017893
0 0.179234 0.296922 0.028463 0.028979
0 0.275904 0.081273 0.019843 0.019851
0 0.886791 0.073082 0.019224 0.019397
0 0.651770 0.969399 0.028457 0.026642
0 0.482677 0.899823 0.049115 0.049518
0 0.447837 0.954573 0.019528 0.019846
0 0.662176 0.826698 0.072998 0.072583
0 0.564896 0.209620 0.022050 0.022219
0 0.485202 0.754033 0.053203 0.053418
0 0.306471 0.854478 0.020253 0.020733
0 0.168478 0.812387 0.022311 0.022539
0 0.020472 0.231695 0.039819 0.085142
0 0.989368 0.108722 0.021264 0.024391
0 0.810226 0.940932 0.292176 0.118137
0 0.981790 0.366320 0.018147 0.018587
0 0.578317 0.429533 0.018701 0.018978
0 0.867912 0.570151 0.019868 0.019909
0 0.175938 0.776804 0.023914 0.023555
0 0.394816 0.673019 0.040570 0.039996
0 0.334124 0.991655 0.019430 0.016689
0 0.840785 0.388422 0.019141 0.019390
0 0.963439 0.460261 0.021284 0.021784
0 0.456399 0.695207 0.068011 0.068364
0 0.763176 0.667061 0.020469 0.020576
0 0.439942 0.932095 0.043055 0.043537
0 0.232248 0.377819 0.020345 0.020633
0 0.371801 0.809333 0.022686 0.022407
0 0.734655 0.338567 0.019101 0.018951
0 0.410355 0.969629 0.017974 0.017982
0 0.190238 0.633440 0.019173 0.018756
0 0.250703 0.977854 0.019313 0.019047
0 0.942891 0.908529 0.112783 0.181186
0 0.237911 0.013473 0.019861 0.020116
0 0.020697 0.880784 0.018192 0.018682
0 0.509721 0.924945 0.038553 0.038599
0 0.038728 0.386273 0.038195 0.037648
0 0.380093 0.129775 0.019519 0.019428
