0 0.755394 0.932664 0.025753 0.025357
0 0.351647 0.842189 0.025743 0.025467
0 0.478748 0.217115 0.057001 0.057402
0 0.251078 0.548978 0.038936 0.038484
0 0.644977 0.282842 0.032316 0.031910
0 0.961492 0.901032 0.035738 0.035741
0 0.466140 0.847169 0.037092 0.036653
0 0.512735 0.594812 0.060345 0.060450
0 0.339182 0.713505 0.027286 0.027013
0 0.465130 0.574493 0.055001 0.054710
0 0.073424 0.504166 0.058477 0.058569
0 0.585073 0.531810 0.039632 0.039659
0 0.243017 0.322110 0.029067 0.029197
0 0.323600 0.962136 0.037745 0.037647
0 0.601242 0.959145 0.037623 0.037662
0 0.647871 0.167713 0.034970 0.034117
0 0.253465 0.929194 0.041299 0.042259
0 0.313410 0.620211 0.026976 0.027038
0 0.270406 0.639575 0.043804 0.044079
0 0.614480 0.088290 0.041699 0.041530
0 0.881067 0.194513 0.087942 0.087632
0 0.431424 0.250246 0.046856 0.046262
0 0.594324 0.215127 0.038151 0.037928
0 0.826716 0.239252 0.052698 0.051763
0 0.801979 0.151535 0.038119 0.038156
0 0.907951 0.341356 0.080236 0.080808
0 0.088000 0.689548 0.023503 0.023653
0 0.400482 0.671235 0.030916 0.030179
0 0.528654 0.285552 0.021945 0.022617
0 0.136329 0.302850 0.050602 0.049792
0 0.849686 0.056540 0.054811 0.054011
0 0.318052 0.483886 0.030577 0.029343
0 0.287400 0.229137 0.041488 0.041386
0 0.493125 0.825879 0.029074 0.028258
0 0.333741 0.510841 0.027782 0.027240
0 0.592436 0.029630 0.032930 0.032582
0 0.065058 0.760004 0.025784 0.025852
0 0.022298 0.479209 0.044597 0.063169
0 0.793428 0.941639 0.021811 0.021939
0 0.825527 0.649317 0.064969 0.064956
0 0.039683 0.262808 0.047149 0.047795
0 0.558120 0.026412 0.027748 0.026834
0 0.761753 0.237328 0.032642 0.032968
0 0.699939 0.347937 0.021835 0.021937
0 0.096416 0.113679 0.052629 0.052080
0 0.785072 0.370102 0.051397 0.051853
0 0.064062 0.339978 0.043026 0.042024
0 0.454167 0.529074 0.047055 0.046288
0 0.794682 0.600309 0.061752 0.062765
0 0.054309 0.315548 0.046390 0.046325
0 0.758548 0.163308 0.021987 0.021861
0 0.956264 0.990252 0.032819 0.019464
0 0.802679 0.792690 0.028674 0.028844
0 0.751467 0.906622 0.235592 0.186757
0 0.585803 0.194879 0.022460 0.021761
0 0.116802 0.353537 0.049032 0.047023
0 0.180704 0.989233 0.031122 0.021534
0 0.542670 0.675176 0.020922 0.020849
0 0.057392 0.732874 0.024121 0.025050
0 0.919740 0.845447 0.056556 0.056897
0 0.159008 0.247368 0.019233 0.018924
0 0.670467 0.253056 0.020567 0.021182
0 0.597075 0.599472 0.059849 0.059333
0 0.736477 0.360340 0.025991 0.025203
0 0.118056 0.726895 0.233523 0.452475
0 0.058947 0.983876 0.063629 0.032248
0 0.087848 0.084851 0.029463 0.029070
0 0.773149 0.045418 0.118825 0.089954
0 0.085340 0.278869 0.045506 0.045156
0 0.879723 0.017650 0.041143 0.034686
0 0.397394 0.956122 0.031482 0.030728
0 0.024578 0.239373 0.023492 0.025074
0 0.808394 0.013820 0.040233 0.027640
0 0.777179 0.132442 0.023318 0.024005
0 0.655186 0.229519 0.022574 0.022016
0 0.253481 0.133208 0.028670 0.028291
0 0.689614 0.844361 0.029901 0.029650
0 0.859207 0.742963 0.021900 0.021980
0 0.132569 0.388209 0.031695 0.030372
0 0.562867 0.577503 0.018914 0.019071
0 0.718036 0.195699 0.019528 0.019411
0 0.263783 0.415070 0.218890 0.196069
0 0.796859 0.382931 0.032246 0.037032
0 0.447490 0.615312 0.021389 0.021214
