0 0.475714 0.051887 0.043583 0.040963
0 0.931345 0.207833 0.040872 0.039793
0 0.148333 0.082479 0.046322 0.045767
0 0.696904 0.282844 0.043514 0.041330
0 0.976121 0.758295 0.042621 0.041178
0 0.470585 0.895197 0.036333 0.035810
0 0.251881 0.180936 0.037005 0.035970
0 0.109831 0.821219 0.036354 0.036107
0 0.767056 0.013538 0.061599 0.027048
0 0.337749 0.109230 0.037197 0.035966
0 0.935590 0.565288 0.042260 0.041876
0 0.804973 0.208359 0.034987 0.034264
0 0.316009 0.666998 0.034423 0.033371
0 0.439587 0.032554 0.031316 0.031045
0 0.819698 0.082734 0.029064 0.028331
0 0.447550 0.242899 0.030469 0.029646
0 0.863680 0.233169 0.031841 0.030842
0 0.986349 0.149214 0.027301 0.051122
0 0.161185 0.803488 0.025910 0.025919
0 0.068503 0.741073 0.055455 0.055787
0 0.100956 0.901335 0.034283 0.033316
0 0.109283 0.099734 0.036468 0.035346
0 0.597729 0.618596 0.557994 0.593399
0 0.895407 0.585318 0.024953 0.024490
0 0.987520 0.390065 0.024082 0.025449
0 0.283013 0.418480 0.036966 0.035993
0 0.767197 0.209219 0.029400 0.028946
0 0.839072 0.285806 0.024712 0.024168
0 0.012259 0.481747 0.024497 0.055889
0 0.838096 0.063742 0.025270 0.024819
0 0.739188 0.202304 0.198689 0.183518
0 0.893988 0.216630 0.035064 0.035090
0 0.499168 0.108208 0.026553 0.026285
0 0.610787 0.053334 0.041131 0.039068
0 0.397453 0.173436 0.027627 0.026615
0 0.352126 0.917231 0.028246 0.027122
0 0.715265 0.714691 0.033139 0.032653
0 0.045073 0.201431 0.022766 0.022559
0 0.615746 0.728717 0.030176 0.030024
0 0.166490 0.409253 0.022555 0.022407
0 0.506993 0.246753 0.062089 0.057667
0 0.609879 0.011994 0.032215 0.023988
0 0.874833 0.798770 0.142681 0.136982
0 0.990260 0.254724 0.019481 0.029719
0 0.438972 0.864528 0.026748 0.027014
0 0.036900 0.697739 0.022227 0.021589
