0 0.625661 0.732736 0.175213 0.166040
0 0.184014 0.611508 0.210352 0.196193
0 0.073033 0.821295 0.117131 0.115902
0 0.842960 0.800117 0.193742 0.183839
0 0.980339 0.685069 0.033870 0.033606
0 0.164973 0.886075 0.119957 0.116628
0 0.127284 0.137670 0.047275 0.046629
0 0.679316 0.937099 0.087802 0.086403
0 0.104264 0.471136 0.022001 0.021892
0 0.414770 0.761756 0.039904 0.040086
0 0.571678 0.983978 0.057399 0.032044
0 0.392799 0.500008 0.025321 0.025627
0 0.831834 0.953115 0.034531 0.033735
0 0.394863 0.066773 0.029857 0.029648
0 0.022208 0.572423 0.035724 0.034717
0 0.160721 0.019837 0.029114 0.028202
0 0.745745 0.035493 0.025651 0.025069
0 0.427233 0.703422 0.023952 0.023919
0 0.444386 0.057228 0.026847 0.026448
0 0.908793 0.460164 0.025995 0.025816
0 0.324006 0.599217 0.021480 0.021504
0 0.344625 0.568185 0.019987 0.020116
0 0.413740 0.012839 0.023426 0.023526
0 0.504371 0.720912 0.025125 0.024875
0 0.373675 0.729393 0.022904 0.022786
0 0.250324 0.794135 0.019547 0.019539
0 0.423563 0.677353 0.021521 0.020956
0 0.726414 0.268545 0.021057 0.020634
0 0.963316 0.937862 0.019823 0.019836
0 0.538692 0.649297 0.144039 0.136645
0 0.321416 0.120014 0.024828 0.025445
0 0.992053 0.709830 0.015083 0.028499
0 0.012555 0.981884 0.025111 0.035771
0 0.957194 0.832516 0.020931 0.021415
0 0.522953 0.712555 0.021797 0.021851
0 0.012710 0.743798 0.021131 0.020179
