0 0.877851 0.255924 0.056475 0.055780
0 0.609677 0.901793 0.055991 0.055216
0 0.772827 0.315594 0.036169 0.035980
0 0.947626 0.206970 0.031537 0.031648
0 0.694137 0.574618 0.066075 0.064408
0 0.095397 0.373878 0.049613 0.049844
0 0.156818 0.031213 0.040646 0.040536
0 0.599263 0.345052 0.037001 0.037335
0 0.017911 0.816313 0.035821 0.042326
0 0.948448 0.152555 0.042002 0.041326
0 0.435508 0.705063 0.033791 0.033701
0 0.534246 0.050249 0.038118 0.037918
0 0.144849 0.162291 0.032380 0.031749
0 0.710528 0.508780 0.032211 0.031321
0 0.812695 0.231859 0.031974 0.030968
0 0.022973 0.717684 0.023755 0.023528
0 0.605954 0.856267 0.024668 0.024860
0 0.757047 0.968327 0.035543 0.034110
0 0.650317 0.860665 0.027765 0.027986
0 0.485044 0.033012 0.049991 0.050835
0 0.816477 0.761668 0.027393 0.027649
0 0.333420 0.149573 0.026207 0.026109
0 0.138300 0.288520 0.030447 0.030583
0 0.218431 0.344993 0.022660 0.022726
0 0.213660 0.217638 0.029888 0.030184
0 0.707467 0.914767 0.023298 0.023520
0 0.928526 0.346087 0.025394 0.025410
0 0.189481 0.233073 0.024817 0.025028
0 0.267105 0.794414 0.026070 0.025605
0 0.931849 0.257174 0.022224 0.021994
0 0.369778 0.214836 0.024379 0.024653
0 0.621856 0.389092 0.023609 0.023484
0 0.124392 0.434649 0.024388 0.024583
0 0.271792 0.436491 0.027056 0.026219
0 0.653550 0.318046 0.023895 0.024181
0 0.549728 0.916675 0.043863 0.043154
0 0.604889 0.624413 0.022802 0.022981
0 0.564841 0.672942 0.023337 0.022816
0 0.843822 0.298212 0.023535 0.023190
0 0.967416 0.745641 0.024321 0.024227
0 0.722175 0.841363 0.022941 0.023569
0 0.289642 0.744753 0.029028 0.028967
0 0.769818 0.234015 0.025194 0.025362
0 0.266686 0.407593 0.023033 0.023091
0 0.638928 0.334856 0.028089 0.028863
0 0.747171 0.654997 0.020496 0.019941
0 0.980810 0.775017 0.023983 0.024439
0 0.453340 0.346130 0.022106 0.021873
0 0.594873 0.281336 0.021824 0.021773
0 0.279025 0.926335 0.029379 0.028875
0 0.658233 0.841890 0.024200 0.024320
0 0.933495 0.502759 0.051848 0.051267
0 0.041677 0.058865 0.021435 0.021826
0 0.502676 0.828201 0.020337 0.020446
0 0.063839 0.246996 0.035122 0.034833
0 0.461347 0.372932 0.021228 0.021186
0 0.543500 0.712582 0.026934 0.026787
0 0.263001 0.329213 0.024671 0.024304
0 0.771251 0.858664 0.025262 0.024856
0 0.171620 0.984316 0.026540 0.026465
0 0.992230 0.703407 0.015540 0.023329
0 0.645987 0.639518 0.020756 0.020908
0 0.746135 0.987947 0.019459 0.019921
0 0.566456 0.755141 0.020486 0.020581
0 0.458068 0.063296 0.021980 0.021627
0 0.546761 0.469410 0.032416 0.035585
