0 0.269527 0.060524 0.034840 0.034124
0 0.673337 0.651609 0.031996 0.031057
0 0.140384 0.452515 0.025507 0.025511
0 0.023375 0.459033 0.046156 0.113337
0 0.021063 0.872524 0.028757 0.028577
0 0.470659 0.930273 0.026287 0.025793
0 0.144821 0.876111 0.025798 0.025780
0 0.181069 0.022769 0.038461 0.038834
0 0.022916 0.808034 0.045833 0.059793
0 0.935112 0.665758 0.028418 0.027122
0 0.584670 0.605496 0.022282 0.021556
0 0.415911 0.084026 0.032001 0.032229
0 0.338342 0.099548 0.030703 0.030560
0 0.077652 0.790996 0.024278 0.024725
0 0.060674 0.908274 0.024131 0.024214
0 0.329324 0.129159 0.023345 0.023378
0 0.054445 0.831088 0.022543 0.022523
