0 0.647931 0.389242 0.031954 0.031187
0 0.734100 0.196214 0.023027 0.022889
0 0.585229 0.206423 0.032951 0.032709
0 0.556851 0.393005 0.037824 0.037423
0 0.761928 0.927940 0.028875 0.028395
0 0.622025 0.247201 0.024120 0.023745
0 0.546315 0.276864 0.021509 0.021335
0 0.399381 0.239764 0.029642 0.029252
0 0.365295 0.326981 0.023011 0.023179
0 0.386395 0.288634 0.026824 0.027663
0 0.901011 0.051478 0.023130 0.023316
0 0.123179 0.146473 0.204267 0.199360
0 0.771579 0.091522 0.065972 0.065232
0 0.678700 0.414389 0.022373 0.022240
0 0.814230 0.991025 0.022303 0.017950
0 0.710868 0.286366 0.140386 0.140793
0 0.685602 0.282215 0.018686 0.018434
0 0.280491 0.116803 0.019461 0.019115
