0 0.823993 0.564853 0.032687 0.032972
0 0.904879 0.609032 0.028329 0.028672
0 0.522784 0.648065 0.028005 0.028161
0 0.110452 0.447848 0.033435 0.033393
0 0.891687 0.706182 0.026995 0.027120
0 0.353696 0.099615 0.072793 0.071728
0 0.239394 0.782721 0.024311 0.024563
0 0.669458 0.431955 0.032290 0.032805
0 0.578886 0.087881 0.023698 0.024171
0 0.548845 0.162094 0.025358 0.025744
0 0.719333 0.537629 0.051276 0.051693
0 0.103268 0.248424 0.025229 0.025691
0 0.344733 0.181210 0.036613 0.036321
0 0.699624 0.144765 0.021443 0.021306
0 0.838382 0.610652 0.023040 0.023300
0 0.381994 0.632118 0.059402 0.059157
0 0.641490 0.802632 0.020451 0.020563
0 0.190467 0.298931 0.021849 0.021882
0 0.943720 0.068415 0.084605 0.084520
0 0.186006 0.361971 0.051928 0.052091
0 0.655928 0.485255 0.054885 0.054203
0 0.475332 0.646499 0.022186 0.022326
0 0.225727 0.176884 0.020570 0.020595
0 0.490942 0.405899 0.024523 0.024197
0 0.814827 0.852454 0.037546 0.037817
0 0.825221 0.140019 0.066667 0.066607
0 0.406437 0.141182 0.021604 0.021501
0 0.932420 0.568660 0.032984 0.032837
0 0.631639 0.089941 0.062832 0.062412
0 0.586437 0.297176 0.027578 0.027693
0 0.732358 0.704743 0.043716 0.043906
0 0.057320 0.106529 0.022741 0.022844
0 0.702084 0.409319 0.051764 0.051428
0 0.736034 0.878644 0.052716 0.052473
0 0.688268 0.183466 0.057044 0.057574
0 0.575907 0.215131 0.025369 0.025569
0 0.149218 0.480261 0.027128 0.026901
0 0.307032 0.808965 0.123652 0.125483
0 0.481564 0.281260 0.021133 0.021421
0 0.773150 0.728990 0.036388 0.036217
0 0.567583 0.434988 0.021513 0.021455
0 0.800526 0.492094 0.064815 0.064672
0 0.060136 0.818605 0.040857 0.041346
0 0.954020 0.163765 0.079191 0.079291
0 0.156393 0.101253 0.036167 0.035859
0 0.517331 0.306852 0.024564 0.024112
0 0.201004 0.513987 0.054074 0.054316
0 0.841548 0.686857 0.019677 0.019287
0 0.662616 0.715014 0.069090 0.069378
0 0.613904 0.361977 0.026089 0.026355
0 0.706328 0.454244 0.044384 0.044672
0 0.594830 0.587889 0.024428 0.024626
0 0.021296 0.373147 0.027538 0.028040
0 0.371671 0.897453 0.061348 0.061864
0 0.917332 0.114993 0.047659 0.047248
0 0.806752 0.983564 0.033353 0.032588
0 0.163439 0.525446 0.025374 0.025453
0 0.041975 0.387159 0.022188 0.022526
0 0.463966 0.023881 0.042324 0.041780
0 0.892027 0.392519 0.130791 0.132758
0 0.246244 0.925838 0.032350 0.032070
0 0.551694 0.802027 0.031783 0.032152
0 0.408291 0.382970 0.027099 0.026764
0 0.383181 0.503020 0.099395 0.099181
0 0.267678 0.125620 0.024495 0.024845
0 0.243241 0.612279 0.031311 0.031542
0 0.011696 0.761056 0.023393 0.026733
0 0.575446 0.868627 0.042278 0.042319
0 0.594455 0.233684 0.037333 0.035993
0 0.514799 0.899934 0.033398 0.033140
0 0.583091 0.413932 0.024620 0.024593
0 0.636460 0.971620 0.063295 0.056758
0 0.591522 0.197427 0.021356 0.021289
0 0.674626 0.013313 0.034501 0.026626
0 0.719492 0.236595 0.051721 0.052999
0 0.400146 0.113785 0.023107 0.023363
0 0.680736 0.988361 0.025527 0.022859
0 0.483625 0.616768 0.033147 0.033880
0 0.557242 0.334671 0.023795 0.023925
0 0.541218 0.580081 0.038346 0.038493
0 0.615635 0.255737 0.026078 0.025801
0 0.446285 0.437644 0.081180 0.081946
0 0.470136 0.355687 0.019086 0.018971
0 0.584906 0.497735 0.038418 0.039599
0 0.465963 0.568053 0.062096 0.060403
0 0.600662 0.387176 0.049894 0.048739
0 0.752363 0.192549 0.065266 0.064401
0 0.914107 0.517350 0.034185 0.035037
0 0.624408 0.462464 0.020945 0.021281
0 0.493232 0.114443 0.044779 0.044373
0 0.891766 0.942682 0.031767 0.031798
0 0.927035 0.927911 0.019449 0.019280
0 0.805219 0.759645 0.028628 0.029212
0 0.124092 0.695543 0.131798 0.132020
0 0.824482 0.301533 0.025823 0.026755
0 0.651970 0.372088 0.040477 0.040204
0 0.900469 0.157626 0.047031 0.047888
0 0.799429 0.429756 0.040007 0.039766
0 0.972313 0.955628 0.020198 0.019966
0 0.691995 0.271391 0.056917 0.056026
0 0.949409 0.255101 0.017154 0.017125
0 0.350068 0.567155 0.049413 0.048093
0 0.350644 0.506767 0.032336 0.032617
0 0.025855 0.851052 0.051492 0.058770
0 0.212194 0.636314 0.020305 0.020312
0 0.609772 0.555079 0.026884 0.028222
0 0.777535 0.006168 0.027882 0.011851
0 0.278141 0.027013 0.019068 0.018856
0 0.419622 0.619069 0.019713 0.019906
0 0.964896 0.556440 0.069092 0.070023
0 0.130095 0.114111 0.038136 0.037740
0 0.865421 0.985466 0.021942 0.021853
0 0.652665 0.027603 0.019155 0.019523
0 0.625341 0.576729 0.052318 0.053210
0 0.607676 0.449974 0.019250 0.019386
0 0.145582 0.173393 0.027635 0.027585
0 0.839911 0.088223 0.032190 0.032065
0 0.862278 0.052654 0.023179 0.022929
0 0.674044 0.652646 0.035588 0.035996
0 0.430157 0.249476 0.020088 0.019782
0 0.821276 0.651529 0.037215 0.038369
0 0.909309 0.664628 0.021892 0.022027
0 0.878846 0.962546 0.041110 0.041385
0 0.177122 0.009340 0.018337 0.017892
0 0.018642 0.625160 0.021771 0.021139
0 0.266520 0.723054 0.072564 0.071247
0 0.928974 0.793826 0.020362 0.020392
0 0.830890 0.663626 0.037347 0.037599
0 0.308036 0.893300 0.046917 0.046912
0 0.062824 0.035248 0.104861 0.070495
0 0.489419 0.922131 0.024891 0.024662
0 0.442280 0.517065 0.018383 0.018114
0 0.595079 0.534588 0.027389 0.027991
0 0.990315 0.303000 0.018311 0.049264
0 0.544993 0.981867 0.122893 0.036265
0 0.682250 0.045856 0.019589 0.019417
0 0.267208 0.424863 0.037849 0.037573
0 0.558411 0.031666 0.019927 0.019861
0 0.535788 0.022138 0.017634 0.017661
0 0.619207 0.822089 0.018540 0.018368
0 0.379680 0.005070 0.025457 0.009933
0 0.663019 0.297946 0.025403 0.025804
0 0.046563 0.460497 0.093125 0.195302
0 0.283805 0.860577 0.020801 0.020193
0 0.639023 0.637910 0.021383 0.021453
0 0.128975 0.290981 0.017631 0.017529
0 0.419043 0.262401 0.019555 0.018897
0 0.824606 0.908783 0.020250 0.020512
0 0.572780 0.571670 0.022461 0.022443
0 0.084359 0.712865 0.033054 0.034561
0 0.264679 0.189623 0.016994 0.016988
0 0.537406 0.865935 0.024701 0.024935
0 0.363985 0.054279 0.067991 0.069407
0 0.959585 0.356149 0.080831 0.092150
0 0.160445 0.685872 0.019585 0.020438
0 0.975233 0.844595 0.030068 0.030141
0 0.514284 0.702000 0.020950 0.021231
0 0.683043 0.677154 0.017662 0.017487
0 0.039508 0.618118 0.020343 0.020705
0 0.107863 0.919751 0.212554 0.160312
0 0.248506 0.575311 0.020587 0.020603
0 0.799615 0.390392 0.049498 0.049578
0 0.974185 0.365699 0.051179 0.063971
0 0.354464 0.061192 0.017630 0.017807
0 0.845641 0.729978 0.045130 0.044592
0 0.436021 0.355610 0.017892 0.017922
0 0.098652 0.636375 0.017110 0.017043
0 0.418549 0.777970 0.031413 0.031091
0 0.518096 0.840403 0.019701 0.019654
0 0.375173 0.361746 0.018049 0.017935
0 0.781926 0.632012 0.042169 0.042108
0 0.507716 0.514013 0.018001 0.018207
0 0.064102 0.571965 0.018776 0.018974
0 0.326992 0.371179 0.041818 0.042169
0 0.489113 0.958883 0.029263 0.029823
0 0.700869 0.665962 0.075609 0.078115
0 0.485671 0.479710 0.016708 0.016674
0 0.393685 0.442169 0.029169 0.029060
0 0.251402 0.897146 0.019218 0.019522
