0 0.122298 0.014325 0.039595 0.028442
0 0.878150 0.124395 0.029995 0.029186
0 0.060313 0.017894 0.057961 0.035787
0 0.561026 0.230726 0.073546 0.070632
0 0.636547 0.614712 0.328114 0.288455
0 0.945934 0.087958 0.088246 0.079834
0 0.873643 0.027408 0.041933 0.040710
0 0.505665 0.492539 0.056744 0.054162
0 0.655573 0.067458 0.035463 0.036013
0 0.488200 0.005548 0.036456 0.011095
0 0.456037 0.371645 0.111259 0.109489
0 0.392370 0.150676 0.034033 0.034141
0 0.806013 0.035420 0.026016 0.026511
0 0.178841 0.167461 0.045929 0.042822
0 0.645867 0.289545 0.063457 0.061913
0 0.474995 0.690820 0.029943 0.029051
0 0.730343 0.027811 0.045341 0.044107
0 0.521999 0.705784 0.052036 0.049378
0 0.866115 0.159950 0.026431 0.026127
0 0.864188 0.068349 0.022891 0.024319
0 0.752181 0.151658 0.037878 0.036790
0 0.572356 0.451423 0.076192 0.075509
0 0.018645 0.397733 0.036774 0.048522
0 0.549733 0.157352 0.030229 0.028295
0 0.172702 0.337895 0.030493 0.030130
