0 0.351665 0.736255 0.126398 0.119682
0 0.850013 0.796106 0.142753 0.136625
0 0.216869 0.159126 0.108435 0.100872
0 0.181951 0.695423 0.037734 0.036440
0 0.250868 0.856712 0.049842 0.047091
0 0.520788 0.661137 0.048193 0.045742
0 0.828298 0.369834 0.041838 0.040979
0 0.880465 0.097820 0.024313 0.023709
0 0.115453 0.669396 0.034772 0.033417
0 0.636922 0.489867 0.051511 0.050122
0 0.648793 0.741180 0.027870 0.027524
0 0.845094 0.178997 0.032294 0.031644
0 0.854061 0.630436 0.039593 0.038717
0 0.830963 0.154831 0.031425 0.030470
0 0.217664 0.599451 0.031547 0.030772
0 0.289662 0.779294 0.029100 0.027993
0 0.296614 0.966925 0.027171 0.026057
0 0.962424 0.338760 0.024341 0.024278
0 0.017697 0.433986 0.033971 0.033291
0 0.568072 0.802614 0.051249 0.049631
0 0.991180 0.206770 0.017255 0.026628
0 0.327339 0.881343 0.042891 0.042153
0 0.179139 0.830594 0.035802 0.034507
0 0.311602 0.477401 0.029682 0.028733
0 0.733881 0.701509 0.027266 0.026863
0 0.120141 0.984345 0.028470 0.027792
0 0.958159 0.664408 0.024738 0.024356
0 0.246766 0.305993 0.036769 0.035215
0 0.378151 0.805478 0.046398 0.043454
0 0.493634 0.622980 0.024269 0.024113
0 0.473249 0.028325 0.033028 0.032567
0 0.111610 0.295384 0.036082 0.034987
0 0.398664 0.454275 0.024589 0.024564
0 0.908428 0.133173 0.020891 0.020460
0 0.362640 0.348759 0.022040 0.021709
0 0.188823 0.421796 0.022862 0.021795
0 0.492796 0.915582 0.027457 0.026638
0 0.434568 0.989586 0.033343 0.020828
0 0.096384 0.203208 0.022005 0.021552
0 0.398857 0.267247 0.097769 0.092956
0 0.366109 0.853601 0.049900 0.048059
0 0.457482 0.308509 0.068875 0.065907
0 0.597324 0.704021 0.021693 0.021757
0 0.498778 0.094787 0.022336 0.022400
0 0.548813 0.858784 0.148674 0.135370
0 0.133891 0.916582 0.026850 0.026392
0 0.805795 0.441485 0.027920 0.027557
0 0.881297 0.673912 0.076898 0.072274
0 0.700409 0.989931 0.068046 0.020138
0 0.061977 0.723244 0.123953 0.248783
0 0.666488 0.550808 0.020168 0.020066
0 0.217664 0.399636 0.196416 0.187279
0 0.100114 0.923987 0.025097 0.023612
0 0.149809 0.821634 0.024655 0.025324
0 0.147741 0.307915 0.029147 0.027320
0 0.349021 0.589522 0.023204 0.021578
0 0.165569 0.780841 0.050169 0.048883
0 0.779376 0.039107 0.018833 0.019095
