0 0.186863 0.875412 0.075822 0.070872
0 0.122654 0.118781 0.036971 0.032357
0 0.625078 0.035441 0.032528 0.029610
0 0.531306 0.601144 0.040496 0.039214
0 0.055020 0.515899 0.027775 0.027739
0 0.486629 0.713105 0.031728 0.031069
0 0.348421 0.186416 0.036035 0.033971
0 0.219884 0.567395 0.026644 0.026084
0 0.009958 0.491261 0.019869 0.024545
0 0.474654 0.274631 0.032788 0.029973
0 0.437017 0.707105 0.033933 0.032368
0 0.117424 0.283839 0.032782 0.031671
0 0.335983 0.461968 0.026509 0.026229
0 0.259397 0.205229 0.034638 0.031187
0 0.452823 0.771536 0.027222 0.026436
0 0.463803 0.691355 0.024904 0.024289
0 0.651028 0.751584 0.025558 0.024538
0 0.210700 0.223831 0.040944 0.036407
0 0.331842 0.696509 0.028554 0.028215
0 0.552900 0.764488 0.033860 0.034039
0 0.344998 0.759626 0.026820 0.026166
0 0.379547 0.692149 0.029303 0.027252
0 0.290034 0.208892 0.027060 0.024756
0 0.283620 0.790351 0.024982 0.025087
0 0.202099 0.048576 0.027498 0.024773
0 0.673460 0.710001 0.032163 0.032330
0 0.684021 0.914196 0.026317 0.025644
0 0.135294 0.444056 0.021973 0.021961
0 0.408092 0.760930 0.023151 0.022680
0 0.555903 0.722422 0.026269 0.026013
0 0.205082 0.186641 0.041195 0.037714
0 0.719562 0.614189 0.026694 0.025971
0 0.420667 0.416781 0.028564 0.026551
0 0.967538 0.986379 0.027792 0.026122
0 0.346886 0.152575 0.027994 0.025759
