0 0.428533 0.336002 0.037791 0.037329
0 0.277052 0.924773 0.030367 0.030420
0 0.837900 0.923474 0.038596 0.038076
0 0.696420 0.496964 0.026348 0.025972
0 0.549831 0.718953 0.023655 0.023508
0 0.431497 0.433989 0.025313 0.025103
0 0.332817 0.468777 0.029078 0.029551
0 0.491528 0.456789 0.022797 0.023080
0 0.702179 0.983654 0.030544 0.030072
0 0.889890 0.752343 0.024034 0.023684
0 0.508957 0.763926 0.021890 0.021788
0 0.008038 0.834959 0.016076 0.032109
0 0.228614 0.340396 0.028608 0.028681
0 0.669784 0.732468 0.026083 0.026006
0 0.518591 0.503265 0.033878 0.033832
0 0.932813 0.346217 0.034033 0.033385
0 0.623511 0.988313 0.027244 0.023375
0 0.644722 0.980738 0.025227 0.025364
0 0.573922 0.823492 0.025743 0.025380
0 0.251748 0.771987 0.029860 0.028906
0 0.017597 0.342103 0.034913 0.039847
0 0.974543 0.734240 0.022604 0.022836
0 0.848749 0.241686 0.027522 0.027425
0 0.802165 0.491326 0.029529 0.029632
0 0.443859 0.759853 0.033782 0.032954
0 0.581502 0.399979 0.027830 0.028056
0 0.564744 0.039516 0.027583 0.026807
0 0.439307 0.268428 0.040485 0.041791
0 0.115767 0.433585 0.026261 0.025952
0 0.048574 0.362498 0.031804 0.031576
0 0.547060 0.261935 0.032567 0.033683
0 0.896037 0.473190 0.024453 0.024061
0 0.344729 0.762834 0.031792 0.032029
0 0.725295 0.693373 0.021196 0.021081
0 0.744490 0.407771 0.025186 0.026238
0 0.604401 0.092015 0.036520 0.035948
0 0.958798 0.435863 0.023317 0.022824
0 0.258888 0.559673 0.031742 0.032257
0 0.298494 0.085732 0.021964 0.021880
0 0.325826 0.287147 0.021353 0.021951
0 0.542293 0.386122 0.026029 0.025604
0 0.648938 0.751076 0.021287 0.021131
0 0.956088 0.328246 0.025407 0.025278
0 0.591525 0.056639 0.028274 0.028403
0 0.713669 0.735565 0.020318 0.020113
0 0.029685 0.847195 0.022630 0.021924
0 0.612076 0.245156 0.023091 0.022527
0 0.576191 0.619552 0.019746 0.020165
0 0.538782 0.529507 0.028569 0.029322
