0 0.691172 0.865221 0.028877 0.029089
0 0.787528 0.798311 0.058269 0.059506
0 0.866669 0.479763 0.063882 0.064510
0 0.868474 0.431164 0.024543 0.024528
0 0.317186 0.800349 0.061832 0.062055
0 0.690111 0.033713 0.064916 0.064809
0 0.082698 0.986189 0.036213 0.027623
0 0.056605 0.890744 0.019644 0.019524
0 0.320350 0.406571 0.050469 0.050639
0 0.763363 0.034776 0.021567 0.021446
0 0.891094 0.083788 0.021290 0.020890
0 0.061142 0.970061 0.020819 0.020068
0 0.271883 0.829198 0.033610 0.033963
0 0.847557 0.917280 0.167500 0.159629
0 0.868824 0.090384 0.020819 0.020494
0 0.696168 0.419117 0.020576 0.020542
0 0.069356 0.951888 0.054869 0.053836
0 0.832853 0.654324 0.118613 0.121389
0 0.037284 0.712865 0.025982 0.024884
0 0.817622 0.833606 0.026834 0.027466
0 0.690774 0.777827 0.018056 0.018586
0 0.776365 0.381211 0.019676 0.019858
0 0.182422 0.148413 0.364313 0.296826
0 0.250528 0.932789 0.037709 0.037063
