0 0.690556 0.564756 0.051052 0.051971
0 0.971235 0.500904 0.038886 0.038185
0 0.427088 0.337473 0.036901 0.037950
0 0.180641 0.414977 0.037556 0.038076
0 0.960887 0.381215 0.052699 0.053449
0 0.202124 0.777693 0.028641 0.028830
0 0.800248 0.914690 0.022906 0.022782
0 0.760558 0.278078 0.102382 0.101567
0 0.598876 0.069400 0.025244 0.025373
0 0.459976 0.400099 0.030007 0.030031
0 0.675846 0.316540 0.022981 0.023261
0 0.714063 0.973655 0.023284 0.022602
0 0.978337 0.689761 0.036970 0.036407
0 0.598556 0.665721 0.025553 0.025684
0 0.745114 0.917553 0.023986 0.024175
0 0.135219 0.800282 0.020500 0.020840
0 0.869508 0.334848 0.027013 0.026648
0 0.063501 0.560649 0.028966 0.029315
0 0.641970 0.316968 0.028289 0.028365
0 0.535117 0.430999 0.031503 0.032637
0 0.039042 0.578880 0.026437 0.027062
0 0.632126 0.340684 0.022776 0.022595
0 0.973346 0.901672 0.025392 0.025022
0 0.217866 0.926645 0.067774 0.068944
0 0.906149 0.869507 0.021842 0.022134
0 0.825992 0.374089 0.030386 0.030285
0 0.321295 0.110495 0.022093 0.022117
0 0.824255 0.291868 0.026475 0.026663
0 0.867606 0.388440 0.020600 0.020597
0 0.676476 0.266461 0.024070 0.024219
0 0.987801 0.664813 0.024055 0.025988
0 0.100318 0.633721 0.022988 0.022878
0 0.916232 0.469581 0.020578 0.020331
0 0.725109 0.992180 0.022844 0.015640
0 0.941950 0.518321 0.021858 0.021887
