0 0.106680 0.495761 0.148864 0.146238
0 0.326179 0.852108 0.067312 0.065765
0 0.415540 0.940682 0.056396 0.055228
0 0.370628 0.881378 0.045822 0.046003
0 0.856865 0.263995 0.286271 0.271848
0 0.612409 0.581547 0.069265 0.064702
0 0.258388 0.772100 0.062364 0.062276
0 0.428888 0.884092 0.083592 0.084660
0 0.268832 0.472316 0.113776 0.110729
0 0.094236 0.970870 0.044493 0.043071
0 0.704056 0.877441 0.078023 0.077445
0 0.622802 0.845836 0.029432 0.028815
0 0.077949 0.333507 0.155898 0.186217
0 0.367770 0.771185 0.184771 0.181623
0 0.779884 0.637031 0.053050 0.050231
0 0.143752 0.803102 0.115607 0.109989
0 0.511945 0.525060 0.152441 0.153217
0 0.885357 0.988055 0.032794 0.023570
0 0.347160 0.773632 0.054383 0.054200
0 0.672907 0.488855 0.023475 0.023053
0 0.686186 0.829088 0.084608 0.081872
0 0.188428 0.288590 0.028235 0.028061
0 0.245280 0.803675 0.023587 0.022709
0 0.732473 0.114030 0.037882 0.035128
0 0.601286 0.096957 0.030149 0.029178
0 0.568651 0.822499 0.055316 0.054964
0 0.210565 0.872292 0.072542 0.069785
0 0.166132 0.631386 0.042732 0.041021
0 0.070118 0.738166 0.140235 0.160582
0 0.119187 0.645904 0.049602 0.047645
0 0.185457 0.080282 0.080681 0.075342
0 0.412158 0.524107 0.214470 0.207396
0 0.530066 0.411338 0.027175 0.027171
0 0.625860 0.940913 0.241384 0.117266
0 0.797203 0.971748 0.024560 0.024487
0 0.917284 0.792555 0.165431 0.306375
0 0.989708 0.572805 0.018882 0.019637
0 0.725404 0.774463 0.022633 0.022776
0 0.679221 0.923717 0.026003 0.026054
0 0.391979 0.192167 0.022811 0.022507
0 0.189000 0.709703 0.032431 0.032731
0 0.014964 0.950110 0.029859 0.044991
0 0.110814 0.839145 0.035636 0.034084
0 0.109888 0.877100 0.075924 0.075024
0 0.545045 0.850091 0.171369 0.162103
0 0.826051 0.573678 0.342944 0.317575
0 0.192564 0.672842 0.037229 0.036402
0 0.072621 0.844294 0.073090 0.071929
0 0.078396 0.007384 0.056922 0.014767
0 0.057059 0.055469 0.020190 0.020939
0 0.922386 0.951019 0.047163 0.046229
0 0.540458 0.092504 0.023919 0.023648
0 0.224771 0.380700 0.068705 0.066415
0 0.005612 0.813451 0.011224 0.039135
0 0.591285 0.448588 0.152333 0.148644
0 0.007384 0.846767 0.014625 0.030709
0 0.407457 0.791807 0.019417 0.018792
0 0.028150 0.197665 0.054719 0.078658
0 0.377754 0.140845 0.021914 0.021953
0 0.297293 0.684596 0.067809 0.065921
0 0.038721 0.899192 0.046549 0.045843
0 0.474557 0.775385 0.057234 0.053292
0 0.539909 0.778482 0.052253 0.050421
0 0.330148 0.056693 0.019626 0.019394
0 0.607625 0.316260 0.071175 0.066890
0 0.214459 0.893003 0.034486 0.032034
0 0.256429 0.106718 0.021052 0.021291
0 0.628372 0.916070 0.032868 0.033147
0 0.263153 0.283276 0.052870 0.050622
0 0.130303 0.189103 0.030891 0.030184
0 0.242779 0.320840 0.053151 0.051623
0 0.958224 0.994097 0.021253 0.011366
0 0.428760 0.983424 0.070307 0.033151
