0 0.670194 0.438236 0.081481 0.082376
0 0.391403 0.301690 0.047187 0.046812
0 0.460171 0.505244 0.042778 0.042826
0 0.379204 0.370613 0.028881 0.029131
0 0.031061 0.093021 0.039164 0.038977
0 0.435045 0.366926 0.030863 0.030659
0 0.581003 0.968999 0.024239 0.024545
0 0.045655 0.393563 0.031355 0.032010
0 0.044746 0.703750 0.031394 0.031361
0 0.433420 0.980322 0.048088 0.039355
0 0.805677 0.953070 0.025720 0.025586
0 0.369959 0.082461 0.025222 0.025523
0 0.578313 0.791492 0.022926 0.022965
0 0.941631 0.596515 0.080414 0.080657
0 0.361294 0.555327 0.048796 0.048396
0 0.452734 0.198931 0.025585 0.025342
0 0.719589 0.403681 0.075124 0.072353
0 0.422180 0.775764 0.026283 0.026100
0 0.983783 0.305791 0.032433 0.038711
0 0.832568 0.744730 0.024234 0.024288
0 0.558987 0.059810 0.026286 0.026227
0 0.317129 0.429740 0.034805 0.035020
0 0.610834 0.442030 0.022553 0.023062
0 0.394370 0.531610 0.075549 0.074583
0 0.078063 0.262754 0.021581 0.021916
0 0.830234 0.563112 0.022511 0.022213
0 0.517846 0.476248 0.033248 0.033020
0 0.407380 0.582661 0.039956 0.039821
0 0.079945 0.909668 0.159890 0.180663
0 0.320491 0.572472 0.039543 0.039999
0 0.938200 0.418433 0.023506 0.023494
0 0.715140 0.284866 0.064326 0.066275
0 0.750262 0.967156 0.025424 0.024926
0 0.303929 0.613800 0.041893 0.042721
0 0.185490 0.113110 0.023097 0.023553
0 0.638139 0.165240 0.026243 0.026150
0 0.955377 0.437914 0.024905 0.025311
0 0.474726 0.432166 0.027520 0.027467
0 0.285003 0.636450 0.035163 0.033973
0 0.311518 0.482091 0.020399 0.020548
0 0.512764 0.850076 0.021191 0.020922
0 0.538050 0.438961 0.045831 0.045803
0 0.628349 0.890500 0.020282 0.020574
0 0.706643 0.948801 0.020666 0.020710
0 0.086880 0.588285 0.091844 0.092748
0 0.191883 0.527593 0.022127 0.022796
0 0.972228 0.413925 0.026302 0.026104
0 0.645706 0.687889 0.032196 0.032056
0 0.263732 0.603788 0.036418 0.036016
0 0.061803 0.520214 0.088194 0.086745
0 0.237802 0.907808 0.034345 0.035378
0 0.747102 0.504141 0.079637 0.081123
0 0.137085 0.618105 0.020284 0.020745
0 0.231514 0.964784 0.165902 0.070432
0 0.288029 0.572468 0.059506 0.058057
0 0.374067 0.517731 0.036977 0.038220
0 0.777878 0.870817 0.020657 0.020838
0 0.873909 0.449976 0.053861 0.054911
0 0.825032 0.118510 0.020998 0.021278
