0 0.527121 0.576779 0.061426 0.057530
0 0.185789 0.226385 0.082772 0.080431
0 0.781218 0.105488 0.065434 0.062420
0 0.273033 0.783090 0.059686 0.056594
0 0.732200 0.277980 0.048551 0.045577
0 0.746358 0.047516 0.045009 0.042649
0 0.709524 0.091441 0.042579 0.041048
0 0.759468 0.247930 0.034965 0.033685
0 0.715506 0.588511 0.032034 0.031894
0 0.132431 0.249194 0.048993 0.049241
0 0.108684 0.336102 0.040443 0.039447
0 0.625582 0.823707 0.030180 0.029047
0 0.626949 0.908696 0.195852 0.174350
0 0.533724 0.778649 0.031649 0.030499
0 0.288518 0.504910 0.030437 0.029507
0 0.116878 0.294850 0.039759 0.038189
0 0.804574 0.993328 0.043494 0.012825
