0 0.135203 0.619449 0.133339 0.128035
0 0.021832 0.909603 0.042874 0.046476
0 0.401551 0.296248 0.032181 0.031002
0 0.722610 0.078392 0.060962 0.059752
0 0.049569 0.649587 0.036753 0.035340
0 0.461763 0.697106 0.036441 0.036047
0 0.533191 0.983829 0.042074 0.032187
0 0.425676 0.442733 0.034855 0.034068
0 0.391865 0.182098 0.028276 0.027769
0 0.789284 0.130257 0.060102 0.057861
0 0.263808 0.579436 0.134950 0.125746
0 0.165604 0.891199 0.029457 0.029605
0 0.790673 0.607282 0.025765 0.025590
0 0.482855 0.102294 0.054624 0.051395
0 0.621918 0.129802 0.026527 0.026681
0 0.603713 0.823266 0.028981 0.028961
0 0.040918 0.307446 0.028879 0.029019
0 0.010843 0.174583 0.021588 0.028129
0 0.383351 0.484384 0.027839 0.027871
0 0.790198 0.076657 0.023731 0.022982
0 0.405130 0.647336 0.027379 0.027213
0 0.067478 0.486755 0.025060 0.024902
0 0.431950 0.725627 0.033985 0.034144
0 0.292748 0.949440 0.034865 0.035079
0 0.928630 0.404893 0.022271 0.021950
0 0.537069 0.289333 0.023169 0.022863
0 0.032672 0.226867 0.021606 0.020978
0 0.578726 0.327965 0.037737 0.038117
0 0.861434 0.522391 0.023396 0.023231
0 0.298077 0.307271 0.035872 0.035435
0 0.734181 0.746835 0.021125 0.021166
0 0.511856 0.303178 0.085149 0.085954
0 0.068430 0.312576 0.023768 0.024241
0 0.749250 0.593991 0.021716 0.022490
0 0.446186 0.877523 0.037616 0.035065
0 0.556633 0.799380 0.029311 0.029137
0 0.304749 0.387494 0.140445 0.134835
0 0.672536 0.791049 0.128130 0.126407
0 0.140665 0.727643 0.063844 0.059739
0 0.407229 0.621189 0.026829 0.026281
0 0.462648 0.633925 0.035183 0.034709
0 0.582563 0.176702 0.034367 0.032560
