0 0.760140 0.213227 0.161654 0.160860
0 0.529570 0.055543 0.036854 0.036183
0 0.602574 0.067487 0.024621 0.024378
0 0.416368 0.573703 0.188230 0.180390
0 0.312213 0.073406 0.094210 0.094236
0 0.892628 0.470408 0.024697 0.024532
0 0.737042 0.441105 0.036198 0.036342
0 0.199719 0.417869 0.049585 0.049182
0 0.326375 0.975256 0.049820 0.047530
0 0.212659 0.741451 0.113900 0.114599
0 0.373917 0.061870 0.026948 0.026463
0 0.588194 0.291982 0.136889 0.136247
0 0.251691 0.494699 0.044856 0.043652
0 0.384424 0.220451 0.116996 0.115652
0 0.377828 0.310194 0.037924 0.037961
0 0.712578 0.899668 0.108218 0.105338
0 0.403398 0.972324 0.051036 0.048627
0 0.090577 0.551898 0.054243 0.053468
0 0.934332 0.268540 0.058530 0.058813
0 0.778933 0.981649 0.038779 0.036702
0 0.976478 0.185503 0.039964 0.039762
0 0.062229 0.339707 0.093112 0.091635
0 0.076785 0.158369 0.040154 0.040628
0 0.233704 0.579029 0.055177 0.055016
0 0.620687 0.449925 0.030972 0.031776
0 0.619188 0.420758 0.021906 0.021945
0 0.720792 0.644664 0.034051 0.033835
0 0.709183 0.015897 0.025644 0.026671
0 0.890663 0.343987 0.023044 0.022926
0 0.198517 0.009630 0.047624 0.019259
0 0.021258 0.874002 0.030620 0.030856
0 0.212930 0.273279 0.023229 0.022221
0 0.134864 0.346044 0.037664 0.037545
0 0.626184 0.186079 0.080658 0.081142
0 0.163777 0.662245 0.060372 0.060858
0 0.953735 0.835766 0.023115 0.023126
0 0.104006 0.202652 0.047399 0.047259
0 0.144124 0.111076 0.029256 0.029129
0 0.920563 0.033041 0.072196 0.066082
0 0.958954 0.786353 0.081683 0.086246
0 0.974452 0.635366 0.024841 0.025042
0 0.874225 0.322018 0.037330 0.036950
0 0.942759 0.742373 0.037948 0.037974
0 0.089360 0.518787 0.038024 0.039480
0 0.243134 0.982452 0.022169 0.021913
0 0.277406 0.207069 0.084750 0.084402
0 0.204554 0.700047 0.056651 0.055953
0 0.893531 0.884388 0.023443 0.023660
0 0.828408 0.932297 0.025214 0.025937
0 0.839610 0.299849 0.025311 0.024863
0 0.495322 0.265726 0.111753 0.111737
0 0.054134 0.093313 0.031928 0.032535
0 0.776197 0.470352 0.022734 0.022724
0 0.217882 0.506762 0.035699 0.034967
0 0.644193 0.957772 0.148089 0.084456
0 0.474370 0.761899 0.484807 0.452221
0 0.118120 0.441759 0.034052 0.033410
0 0.822718 0.826779 0.033527 0.033304
0 0.059981 0.492512 0.038658 0.038775
0 0.328691 0.137393 0.046428 0.044942
0 0.681501 0.339464 0.020243 0.020397
0 0.250230 0.289675 0.260657 0.250892
0 0.545969 0.401973 0.033184 0.034283
0 0.090839 0.835089 0.040141 0.039585
0 0.889341 0.803238 0.039639 0.039422
0 0.522729 0.418126 0.027089 0.027196
0 0.593902 0.592387 0.042565 0.041745
0 0.704411 0.136327 0.023356 0.023759
0 0.548230 0.209449 0.095026 0.093382
0 0.266477 0.337333 0.040906 0.040779
0 0.364647 0.973072 0.025021 0.024976
0 0.687278 0.654119 0.037924 0.037977
0 0.675065 0.150447 0.034795 0.034571
0 0.991994 0.832213 0.016012 0.032453
0 0.867667 0.722326 0.041520 0.041680
0 0.312163 0.358746 0.058680 0.059234
0 0.739405 0.970687 0.035373 0.037066
0 0.229620 0.451566 0.056067 0.055454
0 0.983998 0.961362 0.029455 0.029887
0 0.850460 0.069577 0.094817 0.095083
0 0.792803 0.492317 0.028927 0.028844
0 0.200306 0.303416 0.018466 0.018414
0 0.739425 0.286439 0.023872 0.024563
0 0.096883 0.388564 0.044596 0.043904
0 0.054694 0.962988 0.031519 0.032134
0 0.694190 0.367555 0.025877 0.026103
