0 0.856944 0.750668 0.181590 0.163802
0 0.299076 0.413272 0.220974 0.190188
0 0.660272 0.693607 0.051830 0.045192
0 0.746773 0.363021 0.053381 0.046959
0 0.888072 0.155702 0.046704 0.045626
0 0.894278 0.606151 0.040296 0.033627
0 0.824698 0.146458 0.045491 0.042698
0 0.317619 0.378853 0.040502 0.034278
0 0.642573 0.061780 0.229659 0.123560
0 0.947674 0.421930 0.048551 0.042391
0 0.328199 0.521609 0.038680 0.033399
0 0.769961 0.600571 0.034618 0.030754
0 0.632862 0.543935 0.034997 0.032107
0 0.925125 0.126607 0.042551 0.042351
0 0.735934 0.836534 0.033553 0.030829
0 0.845959 0.399253 0.042686 0.037962
0 0.887815 0.473085 0.035913 0.031638
0 0.855193 0.018614 0.058206 0.036599
0 0.805322 0.548874 0.036348 0.031700
0 0.717088 0.464959 0.035155 0.032505
0 0.693977 0.989451 0.058787 0.020514
0 0.777756 0.075171 0.035989 0.033637
0 0.436823 0.858214 0.501315 0.283571
0 0.829783 0.530556 0.033058 0.029693
0 0.164771 0.871124 0.066871 0.054932
0 0.860170 0.365730 0.030980 0.029486
0 0.985331 0.189250 0.028412 0.028091
0 0.860637 0.545265 0.032304 0.027006
0 0.835051 0.767683 0.025407 0.024691
0 0.745561 0.406953 0.053194 0.046673
0 0.916637 0.895315 0.030016 0.025561
0 0.785903 0.400685 0.029310 0.028053
0 0.890059 0.360989 0.030968 0.027284
