0 0.116512 0.935873 0.022162 0.022402
0 0.259111 0.494866 0.047218 0.047423
0 0.039248 0.722189 0.054388 0.054242
0 0.208166 0.485778 0.026925 0.026610
0 0.931644 0.459015 0.023093 0.023483
0 0.822934 0.306276 0.025564 0.025740
0 0.729014 0.842597 0.040439 0.040524
0 0.954544 0.533221 0.038836 0.039023
0 0.075953 0.206902 0.052530 0.051698
0 0.823968 0.778802 0.021772 0.022143
0 0.042631 0.541235 0.033191 0.033795
0 0.085476 0.649198 0.024258 0.024875
0 0.180337 0.522979 0.039535 0.039337
0 0.171557 0.424697 0.023978 0.024002
0 0.443417 0.966842 0.035277 0.035302
0 0.484717 0.222031 0.025455 0.025659
0 0.828712 0.351024 0.031764 0.032322
0 0.354535 0.729325 0.022915 0.022949
0 0.944551 0.195960 0.023565 0.023246
0 0.969401 0.848887 0.028502 0.028459
0 0.074292 0.627689 0.026820 0.025999
0 0.010555 0.889601 0.021109 0.029333
0 0.479489 0.596967 0.037966 0.037658
0 0.688127 0.078906 0.025392 0.025225
0 0.128566 0.358275 0.028047 0.027694
0 0.856586 0.015395 0.028754 0.028971
0 0.672766 0.684440 0.027272 0.027478
0 0.102995 0.399361 0.020005 0.020354
0 0.010196 0.401287 0.020392 0.023466
0 0.061342 0.157860 0.022359 0.022513
0 0.131240 0.155496 0.023743 0.023632
0 0.891674 0.191202 0.025306 0.025229
0 0.325811 0.840361 0.020741 0.020978
0 0.102619 0.175115 0.029495 0.029571
0 0.097266 0.971320 0.039000 0.039538
0 0.576910 0.751500 0.023262 0.024145
0 0.018458 0.504981 0.021152 0.021424
0 0.009051 0.951870 0.018042 0.027984
0 0.629546 0.650599 0.025539 0.025349
0 0.021056 0.823875 0.038436 0.038793
0 0.790317 0.910292 0.021492 0.021335
0 0.052434 0.807268 0.021603 0.021181
0 0.075606 0.962385 0.026492 0.027023
0 0.409855 0.957632 0.019878 0.019761
0 0.503988 0.274397 0.021394 0.021379
0 0.686845 0.150250 0.030508 0.030074
0 0.960851 0.327972 0.028909 0.028494
0 0.674718 0.432528 0.036259 0.034720
0 0.674682 0.011305 0.031528 0.022558
0 0.815825 0.329093 0.019311 0.020155
0 0.892719 0.319949 0.160113 0.163780
0 0.048749 0.383713 0.023972 0.023660
0 0.616496 0.895032 0.029329 0.029136
0 0.406560 0.831741 0.019352 0.019205
0 0.476778 0.544106 0.042202 0.042097
0 0.750596 0.808462 0.028952 0.028378
0 0.652206 0.955974 0.024878 0.025085
0 0.251302 0.081109 0.342491 0.162217
0 0.700143 0.761565 0.020617 0.020465
0 0.520765 0.920028 0.022416 0.022959
0 0.489437 0.927771 0.029631 0.030382
0 0.849601 0.082968 0.020553 0.020478
0 0.991191 0.620023 0.017619 0.023192
0 0.986160 0.279039 0.020066 0.019847
0 0.455147 0.186613 0.340344 0.368219
0 0.677560 0.450409 0.031647 0.029963
0 0.418200 0.569573 0.023642 0.023768
0 0.822710 0.143220 0.022220 0.022598
0 0.970899 0.940409 0.022316 0.022606
0 0.575444 0.964901 0.019955 0.020192
0 0.710917 0.380643 0.026056 0.026490
0 0.118406 0.852240 0.018283 0.018281
0 0.694053 0.109328 0.139270 0.133058
0 0.723479 0.237070 0.019034 0.019328
0 0.742880 0.008593 0.021184 0.017187
0 0.346845 0.683450 0.019783 0.020166
0 0.501077 0.774469 0.018345 0.018348
0 0.774549 0.485221 0.228102 0.240945
0 0.252474 0.278265 0.019076 0.019206
0 0.410388 0.514878 0.022253 0.022289
0 0.024824 0.567995 0.022873 0.022551
0 0.200980 0.118979 0.020407 0.020805
0 0.891559 0.405075 0.019086 0.019045
0 0.386283 0.707810 0.023483 0.023937
0 0.961269 0.005418 0.021193 0.010837
0 0.520777 0.283098 0.419367 0.353464
0 0.501403 0.021975 0.024656 0.024968
0 0.171417 0.364294 0.018334 0.018217
0 0.940399 0.408778 0.018892 0.019212
0 0.278621 0.526578 0.031204 0.029861
0 0.712701 0.200570 0.019320 0.019395
