0 0.464131 0.154014 0.043379 0.043251
0 0.197503 0.070947 0.031117 0.031110
0 0.063520 0.656484 0.024781 0.024466
0 0.587218 0.041512 0.041933 0.041481
0 0.444327 0.045495 0.053653 0.053861
0 0.305723 0.221520 0.029118 0.028977
0 0.385239 0.279621 0.025395 0.025423
0 0.564116 0.846873 0.041399 0.041643
0 0.397771 0.389699 0.031846 0.031508
0 0.056397 0.559029 0.031572 0.031977
0 0.225469 0.655119 0.145007 0.150287
0 0.333635 0.313970 0.022099 0.021769
0 0.819827 0.342315 0.040168 0.039489
0 0.880868 0.722845 0.029758 0.030600
0 0.050335 0.017526 0.041681 0.035053
0 0.786720 0.634270 0.045481 0.045366
0 0.099581 0.247284 0.021411 0.021525
0 0.886301 0.056549 0.022609 0.023105
0 0.419833 0.763262 0.293072 0.276368
0 0.842996 0.107662 0.024650 0.024048
0 0.405404 0.041809 0.025526 0.026111
0 0.188976 0.277001 0.079880 0.081867
0 0.567962 0.261980 0.021813 0.022093
0 0.953798 0.393159 0.030657 0.030849
0 0.358438 0.183658 0.021453 0.021538
0 0.918254 0.008334 0.022963 0.016440
0 0.346708 0.543937 0.020772 0.021377
0 0.147156 0.231600 0.025880 0.025876
0 0.133628 0.815282 0.042334 0.042201
0 0.517612 0.974694 0.039556 0.039818
0 0.534389 0.380567 0.021376 0.020820
0 0.244498 0.773064 0.023518 0.023128
0 0.115297 0.517220 0.029620 0.029969
0 0.166141 0.010962 0.022742 0.021758
0 0.712393 0.234182 0.062899 0.062709
0 0.016395 0.599383 0.021760 0.020973
0 0.515420 0.053716 0.033748 0.032910
0 0.715861 0.279212 0.023977 0.023593
0 0.777013 0.563265 0.022694 0.022382
0 0.318233 0.018744 0.022990 0.023213
0 0.151617 0.081630 0.021059 0.021076
0 0.370269 0.389132 0.020539 0.020351
0 0.966060 0.433662 0.066963 0.075242
0 0.368346 0.988938 0.024020 0.021937
0 0.380350 0.614198 0.056287 0.058236
0 0.790403 0.925520 0.084149 0.083896
0 0.408663 0.603327 0.022303 0.021531
0 0.443071 0.007708 0.028987 0.015415
0 0.384982 0.456285 0.020100 0.020517
0 0.703763 0.645774 0.021052 0.021408
0 0.760541 0.797418 0.181923 0.180133
0 0.537579 0.884933 0.056865 0.055735
0 0.065792 0.778371 0.131200 0.139377
0 0.472354 0.886470 0.042434 0.042229
0 0.344605 0.245776 0.018842 0.019600
0 0.144538 0.317193 0.026143 0.026288
0 0.860056 0.700216 0.023398 0.023636
0 0.909734 0.055932 0.020061 0.020343
0 0.008798 0.049698 0.017152 0.021069
0 0.897757 0.904480 0.146549 0.149282
0 0.945742 0.970390 0.108516 0.059220
0 0.614373 0.452548 0.061523 0.061380
0 0.198130 0.516549 0.021156 0.022011
0 0.133994 0.434419 0.020398 0.020342
0 0.296875 0.891037 0.147504 0.141412
0 0.755611 0.755069 0.024187 0.023840
0 0.971852 0.508983 0.056295 0.082427
0 0.928694 0.097780 0.019353 0.018904
0 0.152734 0.254090 0.019525 0.020036
0 0.909256 0.237080 0.019339 0.019406
0 0.120474 0.610538 0.018966 0.019375
0 0.855868 0.074952 0.019206 0.019359
0 0.797036 0.128695 0.402659 0.257389
0 0.942421 0.760351 0.114997 0.284667
0 0.412383 0.939215 0.062711 0.064884
