0 0.872925 0.520056 0.082116 0.080984
0 0.624785 0.021619 0.049359 0.042846
0 0.941128 0.518134 0.079120 0.079397
0 0.712843 0.598453 0.038070 0.037801
0 0.699211 0.656123 0.032657 0.032140
0 0.522989 0.927065 0.029084 0.029057
0 0.768963 0.385191 0.040330 0.040544
0 0.663320 0.068832 0.031478 0.031372
0 0.662033 0.633375 0.029727 0.029020
0 0.983315 0.539021 0.033370 0.071220
0 0.453422 0.432204 0.034768 0.033755
0 0.325547 0.440439 0.025119 0.025371
0 0.310904 0.471929 0.025539 0.025314
0 0.794525 0.870584 0.025162 0.025597
0 0.439333 0.449255 0.026053 0.026267
0 0.027821 0.296055 0.023112 0.022402
0 0.279390 0.648544 0.051765 0.051518
0 0.747851 0.155845 0.026195 0.025404
0 0.781576 0.529530 0.025242 0.025313
0 0.769672 0.105293 0.026186 0.025769
0 0.378115 0.599593 0.024224 0.024150
