0 0.485088 0.840638 0.024469 0.024198
0 0.540642 0.166525 0.097626 0.096965
0 0.646359 0.311910 0.029650 0.029411
0 0.260709 0.487775 0.041779 0.042068
0 0.224638 0.356058 0.041774 0.041265
0 0.878977 0.237959 0.028194 0.029037
0 0.774674 0.613264 0.050097 0.050275
0 0.478833 0.410999 0.126113 0.124212
0 0.956393 0.828402 0.023628 0.023286
0 0.873730 0.710197 0.030445 0.030261
0 0.713002 0.853281 0.025204 0.025031
0 0.566627 0.963037 0.047778 0.047208
0 0.683500 0.591677 0.027275 0.027257
0 0.802549 0.503653 0.026156 0.025877
0 0.136728 0.516960 0.084374 0.084641
0 0.948728 0.778023 0.027325 0.027139
0 0.188385 0.466822 0.022882 0.023197
0 0.761680 0.567307 0.050403 0.050137
0 0.648622 0.930706 0.021694 0.021635
0 0.923310 0.760330 0.027537 0.027534
0 0.773567 0.056815 0.183928 0.112633
0 0.826255 0.106432 0.026315 0.026314
0 0.367331 0.683591 0.033820 0.034246
0 0.422250 0.083619 0.026640 0.026455
0 0.334713 0.583125 0.035743 0.035637
0 0.547007 0.660472 0.078776 0.079251
0 0.620274 0.729153 0.022774 0.022408
0 0.641025 0.959144 0.025399 0.025300
0 0.672005 0.365000 0.038673 0.038739
0 0.772588 0.664739 0.055903 0.054655
0 0.068365 0.775281 0.020117 0.020464
0 0.909854 0.933427 0.026849 0.026816
0 0.826983 0.806047 0.021341 0.021838
0 0.387998 0.565042 0.068606 0.070028
0 0.837882 0.943194 0.059849 0.060826
0 0.643530 0.987338 0.028759 0.025323
0 0.758074 0.736940 0.029514 0.030149
0 0.503020 0.704990 0.024530 0.024026
0 0.239563 0.427451 0.085386 0.085551
0 0.600006 0.447891 0.020664 0.020695
0 0.126605 0.923215 0.250863 0.152385
0 0.146945 0.214187 0.082178 0.082970
0 0.835897 0.626775 0.021249 0.021346
0 0.912270 0.355453 0.064335 0.066077
0 0.322565 0.258812 0.041010 0.040752
0 0.427899 0.354443 0.026851 0.026570
0 0.305326 0.777342 0.019053 0.019010
0 0.362237 0.290538 0.020357 0.020360
0 0.832634 0.864887 0.053333 0.053398
0 0.822849 0.244313 0.031219 0.031502
0 0.554097 0.510435 0.022618 0.022460
0 0.988787 0.135206 0.022027 0.027264
0 0.785366 0.525925 0.025191 0.025046
0 0.493315 0.220451 0.021886 0.022120
0 0.932304 0.391419 0.060685 0.061171
0 0.303881 0.637500 0.018499 0.018847
0 0.560429 0.684397 0.033306 0.028145
0 0.562367 0.886803 0.018839 0.018534
0 0.336410 0.677660 0.043726 0.044334
0 0.360273 0.986446 0.025224 0.024162
0 0.271870 0.534382 0.052734 0.053786
0 0.970911 0.483945 0.057725 0.148204
0 0.881180 0.265695 0.068624 0.070675
0 0.953810 0.417058 0.047343 0.048820
0 0.067917 0.083764 0.079388 0.079881
0 0.125467 0.292160 0.020236 0.020510
0 0.322897 0.602567 0.018519 0.019085
0 0.607161 0.233220 0.072727 0.072933
0 0.647942 0.695372 0.113292 0.114838
0 0.914642 0.263819 0.016882 0.017056
0 0.693661 0.800582 0.020034 0.020196
0 0.710063 0.414218 0.019899 0.019947
0 0.460273 0.993549 0.034060 0.012902
0 0.275887 0.057329 0.020276 0.020150
0 0.055482 0.698875 0.018798 0.018974
0 0.632273 0.438068 0.019308 0.019368
0 0.403257 0.990430 0.080946 0.018760
0 0.614883 0.972447 0.020818 0.020752
0 0.650406 0.812232 0.020399 0.020568
0 0.031224 0.509937 0.017871 0.017970
0 0.990896 0.007015 0.017691 0.014030
0 0.390033 0.968774 0.019522 0.018390
0 0.868975 0.833257 0.019870 0.019823
0 0.792748 0.248617 0.058705 0.061941
0 0.707075 0.683530 0.017781 0.017904
0 0.519702 0.716098 0.019236 0.019419
0 0.362492 0.812353 0.064137 0.064435
0 0.659972 0.420967 0.020033 0.020389
0 0.012160 0.826868 0.024065 0.031159
0 0.511019 0.507515 0.057271 0.057817
0 0.069157 0.143995 0.095356 0.094029
0 0.088049 0.446200 0.107265 0.107593
0 0.380760 0.977794 0.019138 0.019251
0 0.334409 0.275601 0.040976 0.042251
0 0.025019 0.788948 0.049521 0.124810
0 0.315604 0.331447 0.021348 0.021392
0 0.976013 0.750488 0.019133 0.019293
0 0.166923 0.751882 0.017555 0.017405
0 0.772444 0.237985 0.053948 0.049216
0 0.390709 0.099060 0.017878 0.017300
0 0.732484 0.590238 0.038307 0.036771
