0 0.892696 0.682025 0.166362 0.165257
0 0.842326 0.906587 0.139661 0.140646
0 0.037016 0.853217 0.020540 0.021018
0 0.708136 0.947208 0.027674 0.027742
0 0.916269 0.765942 0.029578 0.029404
0 0.080730 0.944136 0.039816 0.040266
0 0.161735 0.406657 0.039496 0.039115
0 0.662415 0.889353 0.020455 0.020664
0 0.422513 0.919177 0.036728 0.036567
0 0.728351 0.820506 0.023248 0.023346
0 0.510884 0.951775 0.036797 0.036674
0 0.827555 0.144146 0.046286 0.046553
0 0.403914 0.903014 0.021430 0.021815
0 0.361702 0.867049 0.029192 0.029972
0 0.485941 0.992380 0.024755 0.014896
0 0.846674 0.412035 0.022718 0.022377
0 0.588042 0.914845 0.044323 0.045055
0 0.453840 0.741117 0.037126 0.036803
0 0.011330 0.671879 0.020311 0.024279
0 0.294034 0.890157 0.035764 0.035072
0 0.661607 0.974414 0.017736 0.017870
0 0.717078 0.677033 0.035239 0.035108
0 0.750269 0.891448 0.020022 0.019778
0 0.792343 0.087313 0.024369 0.024594
0 0.097929 0.364813 0.017810 0.017852
0 0.619759 0.944741 0.037629 0.037698
0 0.838367 0.835112 0.019169 0.019473
0 0.628701 0.338764 0.068953 0.068750
0 0.974040 0.987625 0.021903 0.021614
0 0.867843 0.425815 0.025198 0.025327
0 0.951719 0.908675 0.042014 0.041941
0 0.066383 0.808733 0.023428 0.023672
0 0.457335 0.679702 0.032613 0.031955
0 0.181984 0.314591 0.051714 0.053153
0 0.321959 0.917437 0.045691 0.046611
