0 0.141523 0.760795 0.026325 0.026502
0 0.334409 0.815126 0.045259 0.045046
0 0.351404 0.855635 0.039577 0.039266
0 0.439086 0.178345 0.030557 0.030227
0 0.661992 0.548469 0.033809 0.034393
0 0.811152 0.843749 0.025871 0.025016
0 0.920629 0.854546 0.042338 0.041491
0 0.220829 0.328471 0.034891 0.034530
0 0.679870 0.899134 0.042212 0.042058
0 0.611684 0.760102 0.036374 0.036083
0 0.786719 0.731339 0.035340 0.035589
0 0.116590 0.643943 0.065938 0.066555
0 0.741858 0.320916 0.028118 0.027541
0 0.395788 0.417799 0.032987 0.033333
0 0.417661 0.706870 0.027347 0.028007
0 0.238562 0.024847 0.028482 0.028939
0 0.135616 0.915588 0.159054 0.159685
0 0.418993 0.772360 0.029433 0.029004
0 0.623126 0.733265 0.023333 0.023124
0 0.322804 0.657266 0.033130 0.033306
0 0.920751 0.751447 0.041007 0.039697
0 0.888841 0.800001 0.079123 0.078109
0 0.225272 0.907561 0.022720 0.022778
0 0.050627 0.851329 0.101255 0.112314
0 0.513737 0.770995 0.022655 0.022669
0 0.190596 0.810823 0.022149 0.022319
0 0.370771 0.199222 0.024418 0.024458
0 0.038146 0.299194 0.022694 0.022971
0 0.008260 0.046503 0.016521 0.032561
0 0.802645 0.886353 0.038016 0.038227
0 0.187849 0.337460 0.330622 0.327884
0 0.477241 0.732476 0.085537 0.085210
0 0.524372 0.430350 0.031559 0.031827
0 0.880258 0.744050 0.021483 0.021399
0 0.009851 0.754215 0.019702 0.031146
0 0.542519 0.987230 0.030806 0.025360
0 0.081313 0.488856 0.161953 0.174504
0 0.015826 0.416771 0.031258 0.154530
0 0.682069 0.449681 0.554569 0.581724
0 0.955313 0.676768 0.029748 0.029962
0 0.894924 0.342765 0.124826 0.129413
0 0.006842 0.352939 0.013683 0.030962
0 0.241881 0.134311 0.021605 0.021554
0 0.098622 0.051429 0.020109 0.019677
0 0.026511 0.280825 0.020446 0.019904
0 0.147040 0.768854 0.125306 0.130239
