0 0.792749 0.161867 0.027849 0.027877
0 0.454326 0.783368 0.032596 0.032792
0 0.245061 0.465039 0.041896 0.041692
0 0.414197 0.835958 0.028682 0.028482
0 0.808367 0.585505 0.035030 0.034931
0 0.083148 0.896993 0.024812 0.024732
0 0.664665 0.514674 0.032970 0.032963
0 0.849821 0.573728 0.027279 0.027051
0 0.525590 0.642812 0.026784 0.027384
0 0.869190 0.121173 0.053273 0.053619
0 0.986582 0.223983 0.026836 0.034004
0 0.405351 0.040601 0.034302 0.034651
0 0.294177 0.755401 0.025351 0.025097
0 0.705190 0.711236 0.028066 0.028024
0 0.470290 0.938020 0.044786 0.044913
0 0.784951 0.731477 0.021643 0.021657
0 0.471640 0.014063 0.047336 0.028061
0 0.129716 0.031918 0.040978 0.041214
0 0.605124 0.602806 0.022180 0.022394
0 0.532734 0.582094 0.023933 0.023858
0 0.465214 0.881903 0.024166 0.023969
0 0.553575 0.516342 0.051081 0.051260
0 0.579464 0.986932 0.027874 0.025834
0 0.895075 0.601469 0.026393 0.026184
0 0.368660 0.804600 0.022153 0.022187
0 0.236910 0.306222 0.023403 0.023750
0 0.108384 0.056374 0.023880 0.023141
0 0.055539 0.337456 0.033947 0.034421
0 0.865982 0.593358 0.032774 0.032654
0 0.904712 0.347693 0.022858 0.022700
0 0.795369 0.547435 0.021506 0.021874
0 0.235536 0.712157 0.020650 0.020190
0 0.987425 0.838891 0.023068 0.023055
0 0.220994 0.692364 0.028061 0.028516
0 0.176690 0.746958 0.022328 0.022460
0 0.676469 0.808227 0.082718 0.083175
0 0.616017 0.489509 0.023771 0.023974
0 0.334755 0.604901 0.020701 0.020592
0 0.913037 0.307632 0.023559 0.023066
0 0.855327 0.295412 0.019559 0.019852
0 0.223469 0.082086 0.064637 0.066986
0 0.177818 0.981142 0.024542 0.023610
0 0.567966 0.158739 0.046454 0.045352
0 0.748322 0.413905 0.019382 0.019328
0 0.484597 0.378910 0.038674 0.039239
0 0.786139 0.821390 0.020890 0.020961
0 0.558411 0.582588 0.021050 0.020938
0 0.784670 0.955093 0.023262 0.023409
0 0.979619 0.349898 0.040571 0.047041
0 0.892379 0.269919 0.020556 0.020676
0 0.006724 0.802265 0.013446 0.025244
0 0.986275 0.060591 0.020268 0.019716
0 0.650913 0.024792 0.019569 0.019661
0 0.975130 0.614825 0.031002 0.030436
0 0.925038 0.328575 0.019648 0.019443
0 0.543717 0.290773 0.232709 0.233223
0 0.441526 0.992595 0.029091 0.014809
0 0.452961 0.224932 0.025017 0.024934
0 0.931620 0.526759 0.020199 0.020216
0 0.974048 0.571597 0.018704 0.018617
0 0.386802 0.651352 0.018866 0.018990
0 0.741077 0.926070 0.290459 0.147860
0 0.106593 0.853533 0.037963 0.037696
0 0.213788 0.199709 0.023185 0.023292
0 0.917275 0.610351 0.021397 0.021671
0 0.005749 0.492241 0.011397 0.027032
0 0.991112 0.513524 0.017093 0.020996
0 0.063922 0.082507 0.020649 0.020301
0 0.061918 0.030976 0.117221 0.061615
0 0.532660 0.958145 0.019634 0.019030
0 0.143848 0.249605 0.082207 0.084116
0 0.834338 0.016946 0.025009 0.025311
0 0.862361 0.686162 0.019208 0.019241
0 0.758545 0.504476 0.031675 0.031642
0 0.943269 0.562401 0.022314 0.022396
0 0.729415 0.397370 0.244373 0.262707
0 0.469745 0.349872 0.022363 0.022110
0 0.586416 0.493590 0.026966 0.027007
0 0.348744 0.192198 0.221474 0.217046
0 0.321631 0.870232 0.021177 0.021371
0 0.502637 0.811313 0.018665 0.018530
0 0.573277 0.892667 0.018010 0.018142
0 0.392974 0.363861 0.026995 0.027587
0 0.065814 0.245492 0.019699 0.019379
0 0.750164 0.801326 0.021230 0.022025
0 0.146202 0.441209 0.071652 0.071217
0 0.025101 0.608234 0.049948 0.059953
