0 0.258686 0.334114 0.041018 0.041412
0 0.847088 0.543258 0.055919 0.055170
0 0.928132 0.473989 0.039619 0.039434
0 0.614505 0.591884 0.037260 0.037139
0 0.520670 0.800594 0.026413 0.026754
0 0.710375 0.952068 0.063852 0.063576
0 0.754778 0.553459 0.030541 0.030941
0 0.661069 0.359701 0.049010 0.049150
0 0.408974 0.498942 0.027605 0.027088
0 0.192356 0.543094 0.029852 0.029435
0 0.216815 0.707897 0.024849 0.025003
0 0.533893 0.907885 0.033908 0.033549
0 0.080929 0.748963 0.034115 0.034165
0 0.290163 0.897380 0.025248 0.025583
0 0.420965 0.534664 0.024540 0.024958
0 0.352994 0.805115 0.038672 0.038152
0 0.291047 0.491566 0.026217 0.026719
0 0.027560 0.772081 0.026197 0.026564
0 0.474805 0.907344 0.040014 0.039267
0 0.605431 0.325377 0.026517 0.026852
0 0.135066 0.249785 0.269785 0.277099
0 0.868125 0.890995 0.024000 0.023622
0 0.040735 0.864981 0.023006 0.022429
0 0.124410 0.290267 0.022874 0.023259
0 0.683970 0.817011 0.022151 0.022106
0 0.719158 0.085458 0.040439 0.039927
0 0.171743 0.530865 0.024259 0.024056
0 0.232626 0.620540 0.019959 0.020044
0 0.903221 0.577142 0.024648 0.024794
0 0.272113 0.986979 0.024957 0.024040
0 0.213368 0.837793 0.019986 0.020187
0 0.443652 0.064117 0.026959 0.027163
0 0.261851 0.795265 0.036960 0.037504
0 0.286635 0.389197 0.019848 0.020208
0 0.113560 0.592945 0.105341 0.106149
0 0.238366 0.530428 0.019446 0.019581
0 0.280487 0.072317 0.030769 0.030783
0 0.354788 0.464680 0.019173 0.019082
0 0.471875 0.429207 0.019969 0.020103
0 0.614578 0.227674 0.020583 0.021391
0 0.864901 0.945895 0.021808 0.021912
0 0.333457 0.446370 0.026142 0.026577
0 0.286410 0.717207 0.023620 0.023522
0 0.410169 0.815724 0.161180 0.161068
0 0.988919 0.609282 0.018060 0.018177
0 0.369869 0.994010 0.033199 0.011980
0 0.401932 0.473535 0.021732 0.021454
0 0.091756 0.069390 0.021191 0.021170
