0 0.070707 0.288325 0.141330 0.164010
0 0.147133 0.548152 0.038210 0.038436
0 0.065699 0.574571 0.036605 0.036165
0 0.725708 0.176428 0.032653 0.032461
0 0.179038 0.587470 0.034884 0.035497
0 0.268306 0.516071 0.064897 0.065415
0 0.220974 0.413611 0.038194 0.037816
0 0.481247 0.426755 0.102227 0.102013
0 0.902955 0.161234 0.048065 0.047173
0 0.427298 0.859382 0.198874 0.197009
0 0.769099 0.457058 0.033302 0.032869
0 0.930628 0.073930 0.047329 0.047208
0 0.435240 0.696449 0.049871 0.049558
0 0.222515 0.250612 0.104899 0.104993
0 0.189588 0.057237 0.048769 0.048753
0 0.917311 0.592774 0.061314 0.061242
0 0.196755 0.303632 0.037312 0.037460
0 0.219240 0.544764 0.023108 0.022941
0 0.145364 0.789271 0.117070 0.117470
0 0.914307 0.371844 0.027355 0.026779
0 0.959643 0.133825 0.054825 0.054788
0 0.402187 0.160653 0.035741 0.035922
0 0.399159 0.421837 0.031128 0.030970
0 0.278380 0.442932 0.098832 0.097766
0 0.019486 0.519392 0.031175 0.031331
0 0.222312 0.636814 0.023246 0.023286
0 0.874032 0.856981 0.080143 0.078998
0 0.571604 0.365948 0.115204 0.118120
0 0.852091 0.764310 0.041304 0.041572
0 0.937936 0.529391 0.113105 0.108372
0 0.945378 0.278903 0.075506 0.072457
0 0.407712 0.453049 0.053104 0.053778
0 0.576758 0.502737 0.168999 0.164744
0 0.367078 0.927251 0.029310 0.029251
0 0.550548 0.565589 0.050657 0.048742
0 0.953710 0.455155 0.062506 0.061930
0 0.737965 0.910074 0.025006 0.024835
0 0.363547 0.500659 0.068712 0.067592
0 0.587443 0.136506 0.025319 0.024633
0 0.730148 0.018040 0.073188 0.036006
0 0.972389 0.089500 0.032125 0.031938
0 0.571741 0.175481 0.091075 0.089270
0 0.866985 0.524201 0.105915 0.103717
0 0.621852 0.644567 0.105794 0.099646
0 0.330934 0.340025 0.031763 0.031780
0 0.305952 0.135679 0.039557 0.039591
0 0.569699 0.045442 0.219867 0.090771
0 0.333351 0.930872 0.195336 0.136870
0 0.489065 0.128935 0.091177 0.088880
0 0.457623 0.498971 0.062034 0.061089
0 0.756379 0.219509 0.123192 0.119407
0 0.681058 0.387734 0.051773 0.051241
0 0.882019 0.065462 0.043366 0.043869
0 0.954890 0.779644 0.027975 0.027927
0 0.378038 0.592535 0.155443 0.151000
0 0.022909 0.755786 0.025513 0.025511
0 0.685259 0.059719 0.101392 0.099714
0 0.989931 0.717638 0.020137 0.028730
0 0.850075 0.923504 0.178824 0.152992
0 0.827064 0.107015 0.024702 0.025444
0 0.761534 0.536527 0.059689 0.061590
0 0.977919 0.061311 0.026365 0.026245
0 0.467831 0.382846 0.021912 0.021311
0 0.590490 0.707361 0.056289 0.055110
0 0.371491 0.217378 0.022774 0.022646
0 0.284531 0.163947 0.040388 0.039453
0 0.322656 0.253056 0.095195 0.095379
0 0.207005 0.376626 0.086025 0.085247
0 0.640367 0.954005 0.058995 0.059783
0 0.795306 0.035002 0.063664 0.059590
0 0.422168 0.336175 0.119712 0.119678
0 0.306930 0.326260 0.109728 0.111709
0 0.987161 0.039309 0.025677 0.030997
0 0.637284 0.210364 0.069097 0.069879
0 0.633011 0.311391 0.023010 0.023904
0 0.593147 0.460029 0.100164 0.095248
0 0.593168 0.173476 0.049430 0.047509
0 0.771170 0.100853 0.066309 0.067815
0 0.037327 0.911507 0.074375 0.122320
0 0.539658 0.294189 0.107912 0.101843
0 0.038954 0.833566 0.077513 0.101420
0 0.922004 0.010152 0.021139 0.020204
0 0.780535 0.835229 0.116476 0.115114
0 0.858949 0.084909 0.106563 0.107498
0 0.796840 0.511307 0.049050 0.048723
0 0.987233 0.396771 0.020967 0.020572
0 0.498968 0.619056 0.070071 0.066841
0 0.545952 0.626283 0.026668 0.026328
0 0.952379 0.846563 0.095241 0.129868
0 0.082813 0.168382 0.084090 0.083015
0 0.650716 0.112209 0.054356 0.052724
0 0.821613 0.013286 0.095264 0.026283
0 0.728817 0.788289 0.037618 0.036557
0 0.307527 0.751638 0.051655 0.048785
0 0.441758 0.103942 0.069637 0.068503
0 0.605441 0.246972 0.020732 0.020809
0 0.788621 0.244654 0.038380 0.037059
0 0.125775 0.621438 0.021869 0.022256
0 0.045469 0.696231 0.019749 0.019483
