0 0.510970 0.889854 0.027939 0.027480
0 0.340759 0.469669 0.033911 0.034488
0 0.292864 0.306161 0.022666 0.022436
0 0.377699 0.253655 0.024380 0.024011
0 0.919973 0.521928 0.021314 0.021640
0 0.113041 0.474422 0.032864 0.033531
0 0.126963 0.596134 0.111232 0.114081
0 0.099771 0.881885 0.027746 0.027801
0 0.052010 0.676120 0.055324 0.055759
0 0.569409 0.518642 0.050739 0.051346
0 0.251880 0.469978 0.050398 0.050190
0 0.207583 0.648920 0.106490 0.107873
0 0.985529 0.533292 0.028670 0.029335
0 0.884343 0.652071 0.047321 0.047121
0 0.931724 0.715098 0.023148 0.023190
0 0.575800 0.951055 0.023315 0.023452
0 0.869347 0.324959 0.027385 0.027206
0 0.070738 0.513768 0.106867 0.106639
0 0.501478 0.294757 0.019539 0.019648
0 0.223032 0.551059 0.028073 0.028577
0 0.454522 0.885543 0.030153 0.030128
0 0.662979 0.572477 0.065711 0.066387
0 0.039191 0.856592 0.022447 0.022606
0 0.907667 0.415667 0.019960 0.020120
0 0.025234 0.129407 0.024896 0.025028
0 0.363757 0.442758 0.017988 0.018121
0 0.597304 0.903084 0.069734 0.070391
0 0.206528 0.400110 0.024986 0.024892
0 0.048864 0.768465 0.097728 0.109664
0 0.434698 0.483046 0.025905 0.025178
0 0.020817 0.925944 0.023033 0.022951
0 0.545809 0.066603 0.018555 0.018754
0 0.794635 0.191406 0.020498 0.020048
0 0.593496 0.114524 0.021675 0.021123
0 0.922766 0.110418 0.020213 0.020221
0 0.181484 0.408845 0.021979 0.022017
0 0.118878 0.181612 0.018410 0.018409
0 0.263392 0.635018 0.028536 0.028730
0 0.493383 0.447174 0.018773 0.019065
0 0.008180 0.738080 0.016321 0.020649
0 0.441180 0.739240 0.109756 0.111420
0 0.257483 0.149198 0.017017 0.017169
0 0.639868 0.961531 0.093854 0.076393
0 0.905972 0.795220 0.018205 0.018835
0 0.310613 0.210785 0.018789 0.018608
0 0.107730 0.749401 0.019519 0.019533
0 0.452424 0.135273 0.022220 0.021786
0 0.595296 0.355087 0.021181 0.021612
0 0.513115 0.392424 0.045496 0.046070
0 0.254217 0.088271 0.016965 0.016969
0 0.047242 0.984598 0.019402 0.019750
0 0.356176 0.220854 0.020807 0.021173
0 0.429273 0.627002 0.023435 0.023533
0 0.866549 0.880872 0.036089 0.037050
0 0.202027 0.993267 0.019829 0.013461
0 0.593189 0.472363 0.071799 0.071188
0 0.047312 0.586780 0.065038 0.066634
0 0.139005 0.058637 0.019137 0.018886
0 0.063399 0.045955 0.109300 0.091910
0 0.677959 0.905140 0.090726 0.092599
0 0.176015 0.352420 0.110901 0.109600
0 0.521010 0.684950 0.081183 0.079126
0 0.035784 0.290553 0.071567 0.237264
0 0.923856 0.490256 0.019555 0.019668
0 0.163432 0.303479 0.047982 0.048467
0 0.224420 0.415664 0.026757 0.027043
0 0.955707 0.404904 0.017999 0.019235
0 0.397235 0.811502 0.030152 0.029665
0 0.288391 0.246333 0.022717 0.022508
0 0.227525 0.313801 0.018419 0.018594
