0 0.406911 0.861359 0.079679 0.078885
0 0.688151 0.957694 0.024319 0.024028
0 0.375160 0.144622 0.026084 0.026112
0 0.542211 0.874228 0.055592 0.055488
0 0.402674 0.181125 0.033919 0.033550
0 0.257342 0.034632 0.039176 0.039440
0 0.181721 0.927982 0.048196 0.047915
0 0.076538 0.534331 0.028075 0.027765
0 0.893519 0.478443 0.027989 0.027356
0 0.927830 0.955465 0.034480 0.034306
0 0.798782 0.034581 0.051220 0.050559
0 0.136651 0.434721 0.030772 0.029897
0 0.349352 0.085326 0.038219 0.038361
0 0.320547 0.443171 0.206700 0.203956
0 0.336812 0.627002 0.052373 0.052442
0 0.123374 0.342611 0.053560 0.052962
0 0.025568 0.368419 0.049191 0.050473
0 0.496098 0.855069 0.021623 0.021662
0 0.322254 0.957737 0.033662 0.033733
0 0.364383 0.943545 0.049025 0.049039
0 0.162066 0.451600 0.034033 0.032273
0 0.147689 0.682709 0.021943 0.021699
0 0.799832 0.623728 0.022978 0.023060
0 0.171720 0.183362 0.029327 0.029857
0 0.550167 0.282895 0.028280 0.028581
0 0.448259 0.703300 0.021093 0.021383
0 0.141844 0.144562 0.024509 0.025046
0 0.658584 0.465271 0.118399 0.119193
0 0.650802 0.601282 0.035592 0.035696
0 0.171638 0.151783 0.025364 0.024339
0 0.168881 0.472257 0.031847 0.029780
0 0.296131 0.613948 0.021517 0.021439
0 0.242683 0.925379 0.074877 0.075348
0 0.137408 0.484065 0.044434 0.044567
0 0.483509 0.832482 0.028684 0.028750
0 0.873515 0.558151 0.021402 0.021188
0 0.443628 0.638425 0.024514 0.023812
0 0.068805 0.313427 0.020491 0.020604
0 0.854619 0.519533 0.021771 0.021714
0 0.185866 0.533431 0.091848 0.093402
0 0.047861 0.521381 0.037976 0.035846
0 0.072201 0.786325 0.138135 0.136809
0 0.350952 0.246871 0.020523 0.020371
0 0.984385 0.276744 0.022429 0.022481
0 0.368307 0.616443 0.026197 0.028104
0 0.961641 0.401113 0.076717 0.161190
0 0.327307 0.049576 0.024388 0.024612
0 0.387400 0.026872 0.019865 0.020051
0 0.367889 0.267101 0.018936 0.018938
0 0.966722 0.313661 0.047777 0.047625
0 0.391574 0.743398 0.019784 0.019951
0 0.390578 0.615975 0.020499 0.020097
0 0.756342 0.953852 0.019801 0.019841
0 0.930589 0.331755 0.021940 0.021664
0 0.037580 0.685822 0.021942 0.022404
0 0.261939 0.534596 0.063070 0.062660
0 0.120511 0.722680 0.022214 0.022614
0 0.463759 0.092225 0.024273 0.024749
0 0.132173 0.892846 0.018856 0.019413
0 0.809363 0.887273 0.019058 0.019216
0 0.154338 0.165861 0.023872 0.023741
0 0.701557 0.650417 0.058564 0.058505
0 0.092402 0.105235 0.026336 0.026486
0 0.978391 0.126796 0.043219 0.208014
0 0.032003 0.539975 0.022483 0.021135
0 0.218111 0.157236 0.021590 0.020961
