0 0.299869 0.709736 0.097686 0.097466
0 0.636177 0.515078 0.060916 0.060679
0 0.803896 0.626794 0.027845 0.028019
0 0.596919 0.234653 0.034783 0.034954
0 0.268370 0.644198 0.066513 0.065680
0 0.085076 0.313526 0.026163 0.025866
0 0.198033 0.714432 0.025802 0.025813
0 0.022917 0.666805 0.034229 0.033687
0 0.980822 0.219129 0.038355 0.047462
0 0.492583 0.459116 0.030148 0.030810
0 0.195479 0.276575 0.023226 0.023067
0 0.774838 0.423766 0.024289 0.024300
0 0.647412 0.962952 0.028635 0.028092
0 0.370979 0.363807 0.023280 0.023085
0 0.452245 0.196536 0.023516 0.023243
0 0.229965 0.302922 0.027490 0.027650
0 0.716944 0.532210 0.022469 0.022711
0 0.363505 0.965220 0.028209 0.027806
0 0.128308 0.806419 0.025610 0.025567
0 0.658323 0.823967 0.025896 0.025839
0 0.031753 0.392059 0.028510 0.028715
0 0.979032 0.917912 0.022435 0.022248
0 0.460505 0.239055 0.025810 0.025740
0 0.322017 0.213462 0.023536 0.023890
0 0.250423 0.985859 0.023754 0.023687
0 0.380215 0.313646 0.024538 0.024720
0 0.988933 0.438940 0.020111 0.021072
0 0.879832 0.052301 0.023565 0.023258
0 0.878382 0.838984 0.020908 0.021151
0 0.079160 0.276829 0.029569 0.029070
0 0.651992 0.881008 0.024021 0.023925
0 0.809828 0.569414 0.023398 0.023509
0 0.212418 0.681211 0.028755 0.028429
0 0.334743 0.387620 0.026506 0.026214
0 0.858970 0.961872 0.084108 0.076257
0 0.017186 0.856664 0.034325 0.052923
0 0.062606 0.804458 0.022222 0.022651
0 0.617472 0.157711 0.023400 0.023863
