0 0.125702 0.127030 0.185812 0.186701
0 0.202714 0.946929 0.043194 0.043205
0 0.911054 0.101537 0.177893 0.194829
0 0.447306 0.071387 0.135656 0.135172
0 0.337783 0.802456 0.034757 0.034653
0 0.400373 0.794348 0.029084 0.030004
0 0.725565 0.154032 0.073900 0.073740
0 0.848284 0.440446 0.035849 0.036069
0 0.380581 0.418280 0.026223 0.026860
0 0.336092 0.152123 0.045257 0.045628
0 0.906292 0.444823 0.027786 0.027735
0 0.177663 0.884913 0.028887 0.029072
0 0.642915 0.984314 0.036178 0.031371
0 0.788198 0.301639 0.028364 0.028407
0 0.091181 0.759144 0.022658 0.022619
0 0.978658 0.605367 0.042683 0.056442
0 0.352016 0.011030 0.036336 0.022047
0 0.201952 0.901861 0.025515 0.025526
0 0.807390 0.399416 0.025066 0.025001
0 0.542661 0.304274 0.032931 0.033887
0 0.182714 0.818799 0.022405 0.022489
0 0.428920 0.910053 0.062204 0.062210
0 0.983958 0.218823 0.027385 0.026299
0 0.788157 0.111685 0.059708 0.059194
0 0.961264 0.335152 0.076552 0.125174
0 0.610932 0.028119 0.128159 0.056068
0 0.762281 0.979746 0.021576 0.021723
0 0.171081 0.855700 0.021072 0.021138
0 0.698109 0.654638 0.022419 0.022195
0 0.309266 0.053611 0.023339 0.023429
0 0.191694 0.490636 0.383277 0.462612
0 0.231881 0.847121 0.019870 0.020376
0 0.569648 0.571858 0.021243 0.021281
0 0.528573 0.035823 0.077743 0.071475
0 0.460020 0.954643 0.044207 0.042786
0 0.075984 0.241012 0.122836 0.118904
0 0.012257 0.007823 0.023824 0.015276
0 0.158328 0.264641 0.127216 0.124655
0 0.699123 0.007434 0.035046 0.014530
0 0.549701 0.672677 0.020503 0.020406
0 0.800071 0.433595 0.019621 0.019961
0 0.676031 0.017640 0.021231 0.021782
0 0.694209 0.026911 0.024522 0.023585
0 0.792391 0.192155 0.103950 0.103154
