0 0.781955 0.802580 0.143815 0.139240
0 0.345040 0.604788 0.032654 0.032536
0 0.422572 0.698008 0.045337 0.045349
0 0.385787 0.451933 0.026171 0.026076
0 0.028845 0.726482 0.028441 0.028039
0 0.427793 0.468325 0.312998 0.314418
0 0.682720 0.503960 0.024333 0.024337
0 0.134780 0.984186 0.042157 0.031535
0 0.936745 0.682219 0.023993 0.024068
0 0.597393 0.157826 0.025640 0.025998
0 0.511886 0.928046 0.024503 0.024443
0 0.671197 0.012412 0.027600 0.024485
0 0.107390 0.469821 0.022159 0.022259
0 0.979414 0.683479 0.018841 0.019225
0 0.940634 0.602337 0.029486 0.029412
0 0.640332 0.635194 0.022275 0.022180
0 0.557811 0.077804 0.030360 0.029311
0 0.693849 0.546917 0.020207 0.020283
0 0.636294 0.808520 0.020513 0.020749
0 0.367829 0.730249 0.020956 0.021101
0 0.007864 0.713090 0.015727 0.019336
