0 0.585734 0.208642 0.085267 0.060753
0 0.724852 0.326426 0.067041 0.046944
0 0.169620 0.653305 0.051033 0.038760
0 0.273347 0.156207 0.061169 0.046535
0 0.261293 0.087446 0.075151 0.055489
0 0.341593 0.743243 0.050530 0.034551
0 0.015285 0.247935 0.030570 0.038098
0 0.529993 0.605390 0.048471 0.038459
0 0.181794 0.456627 0.088845 0.068157
0 0.225455 0.782330 0.087114 0.049077
0 0.809964 0.342024 0.054218 0.041621
0 0.571402 0.380165 0.050686 0.040054
0 0.627168 0.236769 0.048884 0.035869
0 0.817800 0.302773 0.048590 0.038035
0 0.765929 0.283624 0.046904 0.032500
0 0.676757 0.179331 0.038473 0.028976
0 0.166373 0.499898 0.064419 0.044682
0 0.291816 0.751101 0.039401 0.029091
0 0.390712 0.021318 0.041333 0.032434
0 0.028224 0.042232 0.056448 0.068436
0 0.395806 0.567218 0.099451 0.076659
0 0.683452 0.044484 0.134455 0.088963
0 0.819156 0.249918 0.039068 0.028271
0 0.979552 0.392340 0.040896 0.047783
0 0.419137 0.220784 0.044087 0.032823
0 0.780311 0.363247 0.036942 0.026171
0 0.638370 0.362357 0.039293 0.031357
