0 0.664257 0.525460 0.046447 0.046532
0 0.534911 0.959246 0.026793 0.026665
0 0.448386 0.581739 0.027276 0.026653
0 0.160386 0.828821 0.039736 0.039811
0 0.094937 0.932485 0.021420 0.021493
0 0.443289 0.331471 0.028183 0.028322
0 0.846135 0.365006 0.052292 0.052194
0 0.142419 0.926006 0.024177 0.024382
0 0.348456 0.371575 0.022844 0.022838
0 0.157596 0.434635 0.025425 0.025508
0 0.741127 0.830340 0.021532 0.021133
0 0.485720 0.293702 0.028148 0.028292
0 0.462077 0.810535 0.022009 0.022375
0 0.174950 0.860323 0.034178 0.034215
0 0.646976 0.847783 0.026231 0.026506
0 0.551602 0.893777 0.023527 0.023182
0 0.703759 0.653151 0.145713 0.151801
0 0.788213 0.676713 0.035470 0.035262
0 0.567644 0.841132 0.019968 0.020412
0 0.803247 0.961342 0.024409 0.023755
0 0.135281 0.205911 0.027372 0.027622
0 0.607310 0.206553 0.025512 0.025714
0 0.929226 0.498748 0.110757 0.109856
0 0.048970 0.905013 0.023393 0.023181
0 0.042678 0.665243 0.021063 0.021171
0 0.298721 0.758438 0.020441 0.020439
0 0.480715 0.905129 0.023848 0.023673
0 0.381877 0.459933 0.020647 0.020423
0 0.011176 0.938864 0.022245 0.023736
0 0.982940 0.572703 0.033467 0.036309
0 0.848607 0.271357 0.031401 0.031537
0 0.544706 0.731096 0.021032 0.020911
0 0.028744 0.532700 0.020520 0.020526
0 0.650422 0.086577 0.025496 0.025135
0 0.398028 0.352242 0.021537 0.021599
0 0.906275 0.792411 0.027345 0.027951
0 0.066134 0.864692 0.022966 0.022741
0 0.163316 0.523466 0.020353 0.020315
0 0.177561 0.385948 0.020511 0.021044
0 0.128094 0.252016 0.021028 0.021079
0 0.041190 0.800859 0.020326 0.020705
0 0.426211 0.221223 0.020169 0.020383
0 0.310197 0.060199 0.027450 0.027421
0 0.606961 0.042347 0.024142 0.023779
0 0.309597 0.565489 0.020020 0.020084
0 0.470889 0.754560 0.018539 0.018655
0 0.525271 0.546887 0.018773 0.018908
0 0.123009 0.496886 0.021844 0.021748
0 0.125138 0.167904 0.020614 0.020873
0 0.459775 0.934812 0.017985 0.018072
0 0.878628 0.624958 0.020705 0.020563
0 0.876168 0.563049 0.060035 0.060047
0 0.940878 0.927568 0.020217 0.020936
0 0.835267 0.496537 0.036999 0.036293
0 0.971599 0.188990 0.022737 0.022829
0 0.788466 0.571589 0.025285 0.025273
0 0.320821 0.416496 0.023169 0.022377
0 0.902784 0.610083 0.038231 0.037370
0 0.276332 0.415914 0.017713 0.017699
