0 0.144048 0.423162 0.271550 0.268773
0 0.310519 0.490288 0.025738 0.025732
0 0.142341 0.763332 0.027558 0.027200
0 0.356442 0.417938 0.030617 0.030124
0 0.747783 0.545877 0.028191 0.028120
0 0.175186 0.168793 0.027068 0.026953
0 0.511796 0.816623 0.043968 0.043346
0 0.743142 0.127463 0.032264 0.032641
0 0.364483 0.850297 0.033637 0.033422
0 0.300241 0.811317 0.023093 0.022858
0 0.499048 0.723440 0.038113 0.037317
0 0.906849 0.551823 0.043025 0.042778
0 0.975080 0.322401 0.028189 0.028505
0 0.442198 0.481654 0.026840 0.026895
0 0.782725 0.191544 0.064779 0.065091
0 0.103445 0.748658 0.048536 0.047955
0 0.072418 0.850318 0.038217 0.037807
0 0.422738 0.539267 0.035636 0.036153
0 0.957231 0.591741 0.028524 0.029041
0 0.525672 0.891351 0.030373 0.031455
0 0.377687 0.658247 0.065153 0.064357
0 0.127720 0.190772 0.029830 0.029528
0 0.222017 0.290270 0.046717 0.046707
0 0.300880 0.113805 0.147053 0.147935
0 0.162451 0.053522 0.064806 0.064735
0 0.839314 0.255348 0.029352 0.029072
0 0.669763 0.863274 0.023688 0.023464
0 0.318223 0.587398 0.053840 0.054250
0 0.624225 0.820484 0.062914 0.063293
0 0.160621 0.243910 0.042596 0.042608
0 0.963304 0.655754 0.027289 0.027660
0 0.624430 0.602921 0.030656 0.030572
0 0.971449 0.520602 0.028405 0.026868
0 0.819706 0.528996 0.026627 0.026305
0 0.128106 0.558123 0.022788 0.022688
0 0.221978 0.638752 0.030369 0.030121
0 0.773588 0.497739 0.023228 0.023233
0 0.194928 0.956655 0.023533 0.023384
0 0.865923 0.397794 0.052640 0.053128
0 0.861594 0.550540 0.035088 0.034628
0 0.234261 0.904083 0.027061 0.027824
0 0.834247 0.338303 0.026258 0.026413
0 0.594788 0.715484 0.029190 0.029525
0 0.904667 0.461272 0.034126 0.034089
0 0.257929 0.792234 0.020643 0.020534
0 0.642017 0.581111 0.030279 0.029654
0 0.353788 0.495241 0.022543 0.022600
0 0.356174 0.457786 0.021055 0.020971
0 0.104764 0.697986 0.057720 0.057852
0 0.668606 0.965739 0.020601 0.020212
0 0.022758 0.634447 0.036893 0.036796
0 0.805992 0.730791 0.040916 0.041000
0 0.362210 0.242245 0.055409 0.055242
0 0.322392 0.368276 0.049886 0.049438
0 0.975098 0.117135 0.038955 0.038494
0 0.322376 0.212145 0.037218 0.037205
0 0.411528 0.939979 0.074116 0.072738
0 0.372783 0.919336 0.068711 0.067366
0 0.735291 0.726975 0.021413 0.021707
0 0.189907 0.568872 0.019620 0.019857
0 0.206291 0.012236 0.051433 0.024471
0 0.051049 0.238455 0.051351 0.050293
0 0.974699 0.787343 0.035624 0.035478
0 0.705357 0.526400 0.031006 0.030980
0 0.792909 0.361843 0.032228 0.033704
0 0.563255 0.661052 0.021571 0.021516
0 0.708928 0.496489 0.037464 0.036910
0 0.912367 0.398914 0.024718 0.024114
0 0.800072 0.573472 0.041568 0.041996
0 0.294367 0.677818 0.036202 0.035390
0 0.247317 0.954840 0.021768 0.021728
0 0.302419 0.857851 0.021580 0.021568
0 0.988683 0.903347 0.022427 0.033081
0 0.440205 0.402358 0.020205 0.020072
0 0.611522 0.014140 0.061854 0.028270
0 0.261400 0.910467 0.024607 0.024690
0 0.728904 0.400021 0.029363 0.029030
0 0.271656 0.458293 0.018308 0.018536
0 0.809050 0.380510 0.029367 0.029140
0 0.790004 0.983794 0.022459 0.022299
0 0.501899 0.559681 0.137466 0.136460
0 0.609411 0.158108 0.252000 0.251010
0 0.266050 0.707582 0.020412 0.020200
0 0.407335 0.009383 0.021814 0.018765
0 0.333968 0.788681 0.019408 0.019376
0 0.073111 0.798487 0.042006 0.041242
0 0.793273 0.557345 0.021797 0.021373
0 0.629722 0.558685 0.021809 0.021545
0 0.969620 0.987237 0.022075 0.022426
0 0.392583 0.699405 0.019600 0.019805
0 0.060905 0.207735 0.043541 0.045158
0 0.025471 0.868061 0.027847 0.027102
0 0.081748 0.896944 0.163496 0.186997
0 0.116120 0.663090 0.026825 0.027368
0 0.825836 0.912181 0.022703 0.023443
0 0.413089 0.466570 0.025337 0.026612
0 0.165154 0.958549 0.035658 0.036514
0 0.219010 0.218364 0.036526 0.036451
0 0.167224 0.723377 0.022467 0.024222
0 0.375176 0.467914 0.022087 0.021899
0 0.024864 0.584939 0.029907 0.029483
0 0.280438 0.639837 0.084055 0.082951
0 0.457486 0.724886 0.035639 0.035861
0 0.233583 0.586792 0.065016 0.061095
0 0.525283 0.623452 0.120194 0.118235
0 0.848347 0.199948 0.038807 0.042298
0 0.711355 0.413160 0.177011 0.176946
0 0.329044 0.638663 0.018850 0.018591
0 0.944286 0.419935 0.021787 0.021573
0 0.699161 0.733037 0.019735 0.019340
0 0.420924 0.253315 0.018654 0.019050
0 0.701412 0.024542 0.067628 0.048908
0 0.334906 0.688449 0.023813 0.023903
0 0.908714 0.251611 0.100666 0.100965
0 0.988702 0.540178 0.021922 0.024390
0 0.549160 0.769746 0.021477 0.021339
0 0.985790 0.289633 0.028028 0.057663
0 0.884732 0.662796 0.064269 0.065004
0 0.054774 0.632894 0.107853 0.201761
0 0.533302 0.304076 0.067426 0.068770
0 0.163778 0.991737 0.025703 0.016146
0 0.974833 0.178466 0.025048 0.025016
0 0.653969 0.010168 0.029194 0.019945
0 0.963480 0.499059 0.019276 0.019345
0 0.413258 0.880548 0.017800 0.018315
0 0.702651 0.925606 0.018737 0.018623
0 0.627591 0.790196 0.025126 0.025072
0 0.805165 0.083181 0.190371 0.166101
0 0.393916 0.494626 0.028389 0.028075
0 0.628326 0.529280 0.022604 0.022647
0 0.012404 0.047250 0.024653 0.079297
0 0.124123 0.020277 0.019485 0.020026
0 0.595131 0.484005 0.018704 0.017997
0 0.659728 0.652553 0.019918 0.019650
0 0.284552 0.370565 0.018616 0.018720
0 0.902806 0.417947 0.025087 0.025626
0 0.827413 0.507414 0.019495 0.019214
0 0.041653 0.075609 0.020644 0.021019
0 0.819338 0.205509 0.019561 0.019346
0 0.723214 0.287510 0.201263 0.214421
0 0.933136 0.100369 0.023194 0.023694
0 0.512159 0.347826 0.019068 0.018711
0 0.515407 0.330451 0.019836 0.019446
0 0.963456 0.385439 0.071953 0.084248
0 0.925036 0.843867 0.019365 0.019415
0 0.044710 0.050057 0.025113 0.025265
0 0.517273 0.018497 0.040247 0.036995
0 0.831076 0.363031 0.020120 0.020764
0 0.814367 0.471197 0.025664 0.025348
0 0.307805 0.627054 0.035741 0.034708
0 0.084311 0.776870 0.027723 0.026151
0 0.837929 0.805566 0.018441 0.018710
0 0.350053 0.272865 0.018534 0.018185
0 0.622840 0.365947 0.032201 0.033145
0 0.413966 0.232099 0.028238 0.027219
0 0.547918 0.384203 0.128133 0.127627
0 0.006678 0.831301 0.013137 0.040394
0 0.163774 0.630308 0.095439 0.097495
0 0.286904 0.698378 0.022593 0.023252
0 0.748578 0.666601 0.018393 0.018660
0 0.404512 0.461647 0.031092 0.029648
0 0.740447 0.165624 0.041127 0.039663
0 0.980579 0.019062 0.038842 0.038124
0 0.356772 0.008478 0.023291 0.016922
0 0.626346 0.805429 0.039745 0.047253
0 0.951880 0.893027 0.018199 0.017853
0 0.570799 0.148581 0.018156 0.018289
0 0.951654 0.196654 0.031642 0.031367
0 0.299124 0.632787 0.048473 0.055651
0 0.750646 0.683248 0.018985 0.018752
