0 0.879811 0.138566 0.024534 0.024179
0 0.411546 0.584224 0.031440 0.031873
0 0.031833 0.030129 0.034299 0.034076
0 0.949119 0.354325 0.025449 0.025311
0 0.398508 0.348643 0.022377 0.021853
0 0.729129 0.271803 0.026157 0.026178
0 0.266301 0.807700 0.023306 0.023209
0 0.082845 0.700895 0.024350 0.024126
0 0.328931 0.103753 0.025806 0.025690
0 0.511380 0.532321 0.023322 0.023404
0 0.893379 0.420718 0.038015 0.038334
0 0.463218 0.631340 0.021739 0.021969
0 0.798628 0.289752 0.041794 0.041378
0 0.446948 0.234294 0.026867 0.026266
0 0.266856 0.218863 0.023086 0.023082
0 0.199867 0.749621 0.029005 0.028866
0 0.495654 0.405572 0.133805 0.135941
0 0.753762 0.435218 0.046393 0.046409
0 0.205657 0.539662 0.038355 0.038376
0 0.084883 0.340931 0.031728 0.031565
0 0.573197 0.435464 0.024432 0.024411
0 0.790242 0.942130 0.038011 0.038046
0 0.898796 0.501561 0.059780 0.060187
0 0.677329 0.239159 0.027602 0.027527
0 0.767833 0.503505 0.026890 0.027041
0 0.695223 0.614691 0.023404 0.023784
0 0.029379 0.836324 0.022690 0.022700
0 0.458578 0.328378 0.035797 0.036160
0 0.092848 0.311965 0.027425 0.027379
0 0.882607 0.375104 0.050388 0.050142
0 0.268145 0.917156 0.028238 0.028472
0 0.670425 0.121412 0.027963 0.028345
0 0.199041 0.808103 0.033005 0.033041
0 0.839232 0.633714 0.038011 0.038080
0 0.836621 0.044909 0.033192 0.032967
0 0.723726 0.459502 0.029973 0.029690
0 0.647931 0.499013 0.021219 0.021122
0 0.223296 0.715178 0.036749 0.037001
0 0.132395 0.736184 0.028017 0.028863
0 0.632397 0.540404 0.052720 0.053359
0 0.717931 0.652604 0.025930 0.026135
0 0.333918 0.286466 0.032355 0.032008
0 0.648851 0.577263 0.024710 0.024694
0 0.724620 0.972816 0.025512 0.025495
0 0.189660 0.331972 0.025015 0.025376
0 0.659875 0.462561 0.052465 0.052780
0 0.060551 0.203327 0.021654 0.022261
0 0.086029 0.413533 0.033025 0.032995
0 0.852195 0.739043 0.049383 0.050437
0 0.682256 0.382199 0.045650 0.045172
0 0.796268 0.511567 0.038840 0.039234
0 0.265207 0.156753 0.031244 0.032289
0 0.246668 0.188250 0.021378 0.021676
0 0.467666 0.202916 0.042414 0.042606
0 0.181463 0.174754 0.020165 0.020405
0 0.954094 0.262761 0.022585 0.023142
0 0.805741 0.045331 0.025475 0.025114
0 0.017151 0.341708 0.024615 0.024526
0 0.120925 0.354496 0.044846 0.044486
0 0.349308 0.539779 0.024966 0.024967
0 0.760854 0.603201 0.025949 0.025769
0 0.789445 0.081587 0.234324 0.163174
0 0.139280 0.174520 0.021402 0.021381
0 0.898618 0.911854 0.021705 0.022209
0 0.277774 0.190992 0.035743 0.035615
0 0.791398 0.817431 0.189091 0.190742
0 0.140639 0.483772 0.022237 0.022169
0 0.429008 0.135382 0.021695 0.021560
0 0.733100 0.083296 0.027176 0.028007
0 0.913721 0.880531 0.026459 0.026731
0 0.884226 0.040572 0.027485 0.027380
0 0.549654 0.556706 0.024732 0.025109
0 0.241894 0.744862 0.024026 0.025132
0 0.809338 0.427689 0.021412 0.021620
0 0.058808 0.778377 0.021863 0.022103
0 0.012012 0.123330 0.021612 0.021685
0 0.512760 0.264460 0.020218 0.020403
0 0.343561 0.214268 0.019561 0.019611
0 0.486285 0.012976 0.030995 0.025952
0 0.141511 0.934884 0.019999 0.020076
0 0.335517 0.564527 0.023282 0.023689
0 0.788716 0.985602 0.030537 0.027835
0 0.777626 0.012832 0.020411 0.021275
0 0.213129 0.318924 0.023188 0.022251
0 0.442880 0.178142 0.025972 0.026180
0 0.955749 0.070259 0.031732 0.032243
0 0.024055 0.397888 0.024428 0.024600
0 0.673633 0.704959 0.022176 0.022573
0 0.592700 0.881233 0.240066 0.236972
0 0.340934 0.758463 0.026139 0.026916
0 0.656480 0.265391 0.024296 0.023764
0 0.786304 0.620301 0.022073 0.022603
0 0.933040 0.228598 0.066060 0.065902
0 0.887654 0.554311 0.037805 0.038348
0 0.355934 0.571096 0.019369 0.019557
0 0.154747 0.737005 0.026285 0.028223
0 0.295027 0.056536 0.060269 0.060386
0 0.380939 0.728710 0.047406 0.047787
0 0.427434 0.427029 0.050763 0.051319
0 0.866152 0.523635 0.032251 0.032037
0 0.288887 0.577030 0.020683 0.020525
0 0.712696 0.115944 0.024264 0.024060
0 0.005792 0.726956 0.011584 0.020192
0 0.675796 0.622986 0.019196 0.018881
0 0.516913 0.388173 0.019998 0.019117
0 0.753505 0.986923 0.019498 0.019274
0 0.793242 0.814204 0.018891 0.018700
0 0.609766 0.151072 0.057787 0.057323
0 0.424056 0.214512 0.018712 0.018824
0 0.603736 0.485374 0.017774 0.018063
0 0.415186 0.230636 0.020353 0.020567
0 0.540237 0.066486 0.019364 0.019467
0 0.612877 0.188855 0.018091 0.018506
0 0.305693 0.787098 0.019214 0.019019
0 0.638500 0.733862 0.018751 0.018968
0 0.153176 0.197511 0.028978 0.029516
0 0.207786 0.388018 0.036190 0.036613
0 0.960012 0.917353 0.033528 0.033348
0 0.993621 0.543083 0.012759 0.018746
0 0.348352 0.696461 0.043648 0.044046
0 0.926523 0.656066 0.146675 0.304221
0 0.213663 0.585658 0.021392 0.021304
0 0.943308 0.944841 0.029126 0.029619
0 0.553509 0.490896 0.024956 0.024486
0 0.703476 0.090849 0.024873 0.025241
0 0.666356 0.990018 0.036414 0.019386
0 0.855468 0.691238 0.021799 0.021769
0 0.881689 0.227689 0.030255 0.030774
0 0.708283 0.427657 0.038853 0.038610
0 0.776307 0.641543 0.024874 0.025363
0 0.917127 0.937066 0.025960 0.026088
0 0.834810 0.245875 0.022243 0.022201
0 0.310553 0.992901 0.021871 0.014198
0 0.841212 0.593564 0.018548 0.018298
0 0.670443 0.391124 0.030600 0.029764
0 0.706206 0.917725 0.019763 0.020044
