0 0.265102 0.392959 0.080888 0.081220
0 0.757916 0.545117 0.033148 0.032929
0 0.325437 0.859527 0.025957 0.026412
0 0.598592 0.301629 0.035631 0.034934
0 0.180809 0.191640 0.041106 0.040668
0 0.358821 0.233501 0.026883 0.025738
0 0.775295 0.745267 0.041447 0.041234
0 0.186094 0.249118 0.026203 0.025936
0 0.774328 0.627726 0.035656 0.035745
0 0.738144 0.421794 0.058911 0.058458
0 0.764911 0.471115 0.046495 0.046726
0 0.647366 0.605469 0.046799 0.047546
0 0.227960 0.928381 0.035095 0.034549
0 0.458985 0.770201 0.025548 0.025468
0 0.547509 0.474250 0.047105 0.046913
0 0.015525 0.457300 0.022694 0.022646
0 0.579858 0.008360 0.026660 0.016481
0 0.641637 0.374379 0.023055 0.023171
0 0.140852 0.836253 0.021824 0.022040
0 0.453652 0.942746 0.034101 0.034147
0 0.712067 0.597987 0.033069 0.033336
0 0.837888 0.586596 0.021246 0.021284
0 0.249770 0.870312 0.023941 0.024020
0 0.741922 0.769836 0.028118 0.028199
0 0.367293 0.213675 0.024148 0.024128
0 0.242205 0.155342 0.028147 0.028034
0 0.066053 0.662547 0.027117 0.027122
0 0.061602 0.940055 0.026723 0.026578
0 0.257887 0.835191 0.022215 0.022062
0 0.978616 0.638042 0.042464 0.069288
0 0.063856 0.224504 0.035936 0.036303
0 0.044203 0.171845 0.044704 0.042208
0 0.053218 0.404196 0.022290 0.022434
0 0.128091 0.486452 0.056662 0.055823
0 0.503573 0.774047 0.019767 0.019466
0 0.254420 0.897124 0.050997 0.048942
0 0.257788 0.555804 0.029202 0.028480
0 0.185565 0.342988 0.021566 0.022072
0 0.731699 0.617380 0.020425 0.020688
0 0.322316 0.912695 0.031361 0.029711
0 0.017909 0.848389 0.021392 0.021510
0 0.608261 0.353692 0.019953 0.020315
0 0.298383 0.339579 0.030844 0.031403
0 0.240169 0.899965 0.036078 0.040027
0 0.813750 0.184156 0.372501 0.367881
0 0.802419 0.484765 0.044000 0.050247
0 0.915444 0.309373 0.022921 0.022617
0 0.207013 0.870714 0.046384 0.045890
0 0.050153 0.202205 0.027177 0.026951
0 0.782406 0.908135 0.020414 0.020243
0 0.109563 0.323726 0.024527 0.024320
0 0.673859 0.542844 0.021643 0.020771
0 0.370432 0.072627 0.293451 0.145207
0 0.372803 0.299224 0.022420 0.022839
0 0.959705 0.925268 0.019112 0.019179
0 0.608406 0.448947 0.036993 0.035958
0 0.814343 0.008998 0.035097 0.017944
0 0.732359 0.572730 0.027185 0.028281
0 0.610868 0.954324 0.102634 0.090327
0 0.031393 0.173969 0.025880 0.028516
