0 0.626030 0.716021 0.029372 0.028605
0 0.643631 0.516156 0.077075 0.074917
0 0.565460 0.838483 0.032305 0.031835
0 0.493592 0.534004 0.061775 0.061744
0 0.278422 0.285208 0.034836 0.033413
0 0.137643 0.131878 0.109756 0.105069
0 0.369267 0.699877 0.071314 0.068846
0 0.761728 0.446688 0.046484 0.045461
0 0.968012 0.435902 0.040202 0.037734
0 0.801629 0.269775 0.030962 0.030852
0 0.971656 0.182204 0.052469 0.049669
0 0.678234 0.066413 0.031478 0.031058
0 0.695265 0.213060 0.040471 0.038623
0 0.133813 0.578142 0.046859 0.046336
0 0.478570 0.092206 0.041498 0.040038
0 0.052409 0.438323 0.027163 0.026375
0 0.530901 0.472205 0.033457 0.032652
0 0.580158 0.621551 0.029174 0.028140
0 0.803113 0.968049 0.049320 0.048484
0 0.491163 0.048840 0.031988 0.031658
0 0.176161 0.281387 0.078982 0.076599
0 0.230730 0.113659 0.043651 0.042626
0 0.305823 0.182258 0.030342 0.030069
0 0.784250 0.012194 0.025558 0.024386
0 0.666474 0.899606 0.031512 0.031079
0 0.156634 0.557158 0.049871 0.050082
0 0.237530 0.062703 0.099515 0.097606
0 0.395557 0.272128 0.116178 0.111753
0 0.718597 0.236454 0.028612 0.026930
0 0.237046 0.717718 0.052174 0.051839
0 0.083959 0.798754 0.024997 0.024441
0 0.443889 0.824769 0.023525 0.022633
0 0.864205 0.626452 0.032292 0.032211
0 0.188121 0.612665 0.086927 0.084544
0 0.369342 0.190971 0.084764 0.080542
0 0.029935 0.764164 0.055172 0.052739
0 0.512207 0.041205 0.028834 0.027190
0 0.568742 0.011515 0.038697 0.022670
0 0.493178 0.779366 0.020408 0.020544
0 0.853968 0.824470 0.026155 0.025158
0 0.785548 0.356951 0.024673 0.023665
0 0.371142 0.325874 0.110203 0.102996
0 0.963570 0.708860 0.028932 0.029969
0 0.433507 0.500473 0.022273 0.021947
0 0.981662 0.708851 0.036675 0.053842
0 0.235640 0.359010 0.126520 0.119434
0 0.692418 0.479059 0.028092 0.027156
0 0.306354 0.158773 0.023547 0.023431
0 0.140948 0.986615 0.026338 0.023986
0 0.602628 0.150970 0.067946 0.067319
0 0.632040 0.452805 0.054524 0.053922
0 0.269175 0.017288 0.023448 0.023248
0 0.233509 0.566174 0.025776 0.025211
0 0.932473 0.157775 0.119587 0.112262
0 0.319172 0.362479 0.038964 0.038640
0 0.193460 0.899605 0.024350 0.023865
0 0.536798 0.074985 0.063278 0.061209
0 0.790783 0.316383 0.023419 0.023267
0 0.454044 0.519039 0.024460 0.023409
0 0.315678 0.413724 0.073797 0.072465
0 0.509317 0.889731 0.041049 0.038868
0 0.496978 0.018455 0.027923 0.024623
0 0.799237 0.441465 0.029712 0.029452
