0 0.277704 0.489073 0.284905 0.262284
0 0.119934 0.715934 0.094109 0.087450
0 0.635368 0.320219 0.063852 0.064365
0 0.099668 0.658917 0.068012 0.063409
0 0.490874 0.584628 0.036241 0.035415
0 0.481593 0.265865 0.036441 0.034935
0 0.729657 0.138267 0.023096 0.022640
0 0.271216 0.255613 0.037820 0.035386
0 0.951754 0.145396 0.026669 0.026409
0 0.284722 0.728793 0.027646 0.026429
0 0.651429 0.685666 0.024475 0.023124
0 0.884281 0.006987 0.037639 0.013645
0 0.041847 0.577601 0.030826 0.028610
0 0.141679 0.206834 0.123194 0.117771
0 0.854739 0.099850 0.024405 0.023721
0 0.563020 0.420956 0.022683 0.022491
0 0.836298 0.459670 0.037703 0.037448
0 0.598249 0.989101 0.026256 0.021307
0 0.221118 0.986433 0.039881 0.026880
0 0.419823 0.215681 0.026611 0.025990
0 0.090926 0.773588 0.031644 0.027465
0 0.381663 0.106656 0.022933 0.022470
0 0.014462 0.242968 0.028924 0.042538
0 0.218103 0.603326 0.023526 0.022248
