0 0.559142 0.578975 0.119025 0.118359
0 0.031659 0.157389 0.025614 0.025293
0 0.853815 0.623132 0.035125 0.035166
0 0.899565 0.179815 0.028440 0.027697
0 0.798686 0.503531 0.024652 0.024481
0 0.674145 0.850643 0.030739 0.030999
0 0.157373 0.856864 0.041388 0.041405
0 0.747583 0.364821 0.028319 0.027841
0 0.626523 0.244157 0.023581 0.023717
0 0.478340 0.182333 0.037390 0.037140
0 0.944224 0.449711 0.064335 0.063248
0 0.810031 0.803128 0.023257 0.023499
0 0.044510 0.471434 0.024476 0.024320
0 0.501016 0.476382 0.028589 0.028909
0 0.428285 0.561553 0.028938 0.028623
0 0.662227 0.533472 0.120095 0.118174
0 0.381379 0.735553 0.060133 0.059615
0 0.925906 0.318750 0.021384 0.021113
0 0.463945 0.238311 0.025123 0.025260
0 0.921892 0.534845 0.022315 0.022591
0 0.961344 0.189424 0.034379 0.034346
0 0.233229 0.764214 0.095589 0.093302
0 0.265169 0.938517 0.029988 0.029794
0 0.858168 0.078562 0.021649 0.021313
0 0.429368 0.964774 0.104214 0.070451
0 0.396283 0.344040 0.026690 0.026898
0 0.652507 0.065330 0.047658 0.047343
0 0.895504 0.542139 0.024235 0.024116
0 0.912883 0.060829 0.059259 0.057286
0 0.900237 0.982172 0.029382 0.029422
0 0.650640 0.772560 0.021725 0.022081
0 0.437773 0.889346 0.027922 0.028071
0 0.891693 0.795225 0.031275 0.031152
0 0.402404 0.455461 0.023372 0.022847
0 0.899072 0.777649 0.028105 0.026439
0 0.849144 0.678756 0.019170 0.018864
