0 0.954119 0.839924 0.089302 0.092813
0 0.202548 0.853146 0.058121 0.058318
0 0.554367 0.405569 0.045037 0.044927
0 0.330848 0.733531 0.043582 0.043750
0 0.624105 0.964466 0.039888 0.039542
0 0.177846 0.626656 0.037508 0.037517
0 0.514574 0.427252 0.029368 0.029309
0 0.561415 0.512721 0.032927 0.032983
0 0.056969 0.694937 0.035339 0.034730
0 0.064420 0.616036 0.038761 0.038854
0 0.100471 0.591998 0.037828 0.037362
0 0.087744 0.561092 0.038367 0.038603
0 0.213389 0.661878 0.040311 0.040403
0 0.618749 0.812559 0.026803 0.026350
0 0.412534 0.563783 0.031088 0.031065
0 0.713712 0.243734 0.028496 0.028383
0 0.253959 0.408962 0.031102 0.030912
0 0.800021 0.383967 0.030083 0.029169
0 0.193726 0.696588 0.031021 0.030864
0 0.212199 0.195748 0.032517 0.031951
0 0.246471 0.837506 0.032736 0.032341
0 0.654134 0.172814 0.033704 0.033095
0 0.781500 0.967055 0.180858 0.065890
0 0.813512 0.366121 0.026674 0.026921
0 0.023988 0.400867 0.035374 0.035279
0 0.139515 0.044311 0.032967 0.031684
0 0.270364 0.085737 0.026511 0.026391
0 0.488004 0.942776 0.025111 0.025937
0 0.524794 0.486549 0.058274 0.057386
0 0.627190 0.378717 0.032055 0.032360
0 0.202311 0.174973 0.031455 0.031479
0 0.415001 0.219710 0.058471 0.058660
0 0.323406 0.787867 0.030102 0.029473
0 0.221066 0.632180 0.026388 0.025988
0 0.763403 0.597909 0.027505 0.027162
0 0.050287 0.829801 0.053951 0.052801
0 0.031298 0.192484 0.049801 0.049496
0 0.450084 0.780806 0.028225 0.028411
0 0.401067 0.362637 0.023884 0.023992
0 0.505795 0.096041 0.023921 0.023983
0 0.056024 0.763388 0.071238 0.070025
0 0.855120 0.618103 0.025883 0.026030
0 0.778504 0.416567 0.021584 0.021447
0 0.688921 0.602700 0.021938 0.022224
0 0.075926 0.163571 0.028917 0.028918
0 0.304772 0.945282 0.025131 0.025740
0 0.902075 0.011495 0.027204 0.022736
0 0.828577 0.278475 0.025214 0.024857
0 0.488681 0.853180 0.025272 0.025224
