0 0.440224 0.734364 0.223726 0.221994
0 0.818703 0.748014 0.141507 0.143418
0 0.731772 0.698602 0.032268 0.032059
0 0.559241 0.306615 0.043357 0.042764
0 0.203770 0.986133 0.029957 0.027734
0 0.712688 0.154090 0.026184 0.026782
0 0.673944 0.741276 0.039408 0.039675
0 0.099833 0.455345 0.022179 0.022712
0 0.271871 0.045164 0.039454 0.037897
0 0.709799 0.007346 0.049473 0.014692
0 0.938408 0.167347 0.118029 0.120302
0 0.673466 0.595421 0.025427 0.025768
0 0.643416 0.255761 0.022512 0.022986
0 0.620257 0.935205 0.071488 0.071439
0 0.242069 0.483922 0.058841 0.058432
0 0.917949 0.490528 0.164101 0.263375
0 0.211224 0.753558 0.021581 0.021802
0 0.025850 0.464823 0.026211 0.025940
0 0.745910 0.907192 0.184147 0.182984
0 0.547236 0.956549 0.023089 0.022644
0 0.147629 0.785691 0.295259 0.332190
0 0.937464 0.085290 0.125072 0.170574
0 0.515649 0.979248 0.027228 0.027321
0 0.926241 0.880130 0.146243 0.206031
0 0.760500 0.543804 0.018433 0.018758
0 0.589796 0.876249 0.021101 0.021129
0 0.284953 0.949083 0.020407 0.020333
0 0.930473 0.037403 0.022236 0.021721
0 0.082508 0.096119 0.162517 0.190366
0 0.756811 0.697388 0.020168 0.020513
0 0.046446 0.007338 0.040351 0.014677
0 0.016118 0.493763 0.032136 0.068733
0 0.630262 0.819470 0.100069 0.099281
