0 0.525756 0.830337 0.024107 0.024034
0 0.581872 0.791111 0.029903 0.029373
0 0.557124 0.024737 0.030207 0.030103
0 0.242001 0.648601 0.028316 0.028468
0 0.925171 0.227788 0.028327 0.028300
0 0.305770 0.167491 0.024701 0.024918
0 0.478379 0.300464 0.025983 0.026063
0 0.211583 0.749815 0.021483 0.021503
0 0.422079 0.748087 0.131780 0.131837
0 0.043215 0.906072 0.069648 0.070434
0 0.974314 0.376504 0.021247 0.021410
0 0.912321 0.710938 0.022926 0.023296
0 0.019436 0.839705 0.038615 0.053589
0 0.916987 0.463717 0.049113 0.049632
0 0.857005 0.041699 0.022079 0.022465
0 0.471023 0.956231 0.020080 0.020251
0 0.229919 0.135848 0.021521 0.021780
0 0.298468 0.312980 0.087802 0.090203
