0 0.694094 0.200778 0.222577 0.193213
0 0.894036 0.268689 0.185650 0.151870
0 0.750928 0.077221 0.179328 0.144324
0 0.274263 0.513177 0.035287 0.032335
0 0.526785 0.638723 0.118482 0.102946
0 0.619834 0.046154 0.080722 0.069999
0 0.919758 0.507658 0.052996 0.047999
0 0.337426 0.453941 0.028643 0.026078
0 0.427212 0.313977 0.031808 0.030675
0 0.060724 0.586713 0.036709 0.031180
0 0.707570 0.521430 0.032522 0.029475
0 0.274049 0.052362 0.153041 0.101108
0 0.496690 0.579312 0.028642 0.026741
0 0.812085 0.008741 0.040636 0.017095
0 0.877081 0.891854 0.050630 0.039013
0 0.281625 0.627295 0.022757 0.021548
0 0.414405 0.052067 0.209201 0.104134
0 0.839304 0.038318 0.075718 0.068349
0 0.064595 0.792901 0.028507 0.026261
0 0.274235 0.337571 0.025730 0.024560
0 0.882782 0.782084 0.221876 0.174815
0 0.633594 0.467444 0.028432 0.026327
0 0.160078 0.019284 0.105356 0.038462
0 0.234245 0.744409 0.025082 0.022657
0 0.175687 0.775373 0.026877 0.024794
0 0.224070 0.513467 0.023082 0.023079
0 0.135015 0.741037 0.022809 0.022158
0 0.914285 0.116022 0.031483 0.027998
0 0.596590 0.928675 0.309768 0.142347
0 0.677941 0.753088 0.026890 0.024043
0 0.671850 0.490289 0.023198 0.022229
0 0.549756 0.357030 0.027806 0.027222
0 0.486295 0.531354 0.020275 0.019613
0 0.086406 0.776360 0.023125 0.021595
0 0.095807 0.657196 0.022080 0.019891
0 0.813516 0.519987 0.026186 0.024190
0 0.640948 0.484972 0.023067 0.021089
0 0.075483 0.416268 0.047589 0.043187
0 0.669550 0.514309 0.022127 0.021451
0 0.462995 0.099887 0.023996 0.022707
0 0.028927 0.624701 0.020440 0.020338
0 0.039079 0.130593 0.029337 0.027810
0 0.897498 0.701401 0.032411 0.026559
0 0.837769 0.192267 0.044167 0.035586
0 0.446090 0.747326 0.027199 0.026493
0 0.593512 0.299879 0.021245 0.020503
0 0.308427 0.727355 0.021905 0.020402
