0 0.482279 0.226807 0.102846 0.083666
0 0.119407 0.186085 0.077443 0.058046
0 0.917242 0.118029 0.089716 0.067013
0 0.790681 0.059427 0.053048 0.040408
0 0.664584 0.654671 0.062221 0.049987
0 0.046914 0.129561 0.048743 0.036677
0 0.871137 0.508117 0.047602 0.036760
0 0.623536 0.216491 0.039008 0.035364
0 0.637495 0.536448 0.065034 0.052303
0 0.578634 0.578777 0.039477 0.032121
0 0.191701 0.105196 0.042890 0.031552
0 0.620855 0.629032 0.046584 0.035519
0 0.462943 0.937735 0.040458 0.033513
0 0.470933 0.378631 0.211407 0.172291
0 0.833606 0.425232 0.054662 0.039830
0 0.676789 0.178274 0.036429 0.032102
0 0.626923 0.151117 0.035659 0.028431
0 0.564506 0.517123 0.029137 0.025786
0 0.599592 0.890113 0.136693 0.110515
0 0.702965 0.093836 0.212635 0.152600
0 0.297109 0.640751 0.034582 0.027155
