0 0.187500 0.842575 0.077704 0.077559
0 0.954270 0.232866 0.049091 0.048262
0 0.572437 0.856683 0.357370 0.285820
0 0.639336 0.570874 0.023367 0.023479
0 0.026325 0.660282 0.031148 0.030854
0 0.733929 0.082373 0.045697 0.044150
0 0.929132 0.386757 0.026888 0.026967
0 0.358799 0.889237 0.023873 0.023413
0 0.829894 0.893520 0.055652 0.055287
0 0.263277 0.189538 0.036646 0.036217
0 0.736681 0.402152 0.022049 0.022199
0 0.084695 0.161952 0.021898 0.021741
0 0.011877 0.010465 0.023249 0.020930
0 0.448850 0.042865 0.022029 0.021426
0 0.709522 0.401251 0.020685 0.020718
0 0.460460 0.107497 0.022741 0.022765
0 0.062537 0.091125 0.022088 0.021819
0 0.046747 0.138743 0.022291 0.022166
0 0.128401 0.022443 0.024787 0.024651
0 0.395067 0.396557 0.019744 0.019807
0 0.037261 0.829144 0.022820 0.022920
0 0.178936 0.925014 0.039139 0.040199
0 0.326606 0.994203 0.022522 0.011595
0 0.174754 0.757582 0.097017 0.097086
0 0.585841 0.819515 0.020742 0.020615
