0 0.362978 0.815695 0.120103 0.119392
0 0.484658 0.294880 0.031068 0.030919
0 0.710802 0.911128 0.230074 0.176336
0 0.032691 0.323441 0.046558 0.045899
0 0.093466 0.896869 0.032519 0.032545
0 0.516464 0.897811 0.029278 0.029327
0 0.263238 0.533637 0.023312 0.023472
0 0.157938 0.928964 0.026006 0.025881
0 0.197864 0.856041 0.084689 0.085949
0 0.443947 0.431670 0.020593 0.020658
0 0.420603 0.400777 0.021710 0.021822
0 0.023128 0.296265 0.027765 0.028203
0 0.478926 0.462268 0.020704 0.021003
0 0.218081 0.663163 0.022739 0.022724
0 0.248828 0.923096 0.031166 0.030725
0 0.705144 0.804765 0.034760 0.034774
0 0.590877 0.868522 0.021310 0.021815
0 0.149001 0.924596 0.091133 0.089098
