0 0.390173 0.358381 0.028159 0.028340
0 0.825409 0.883584 0.134333 0.132715
0 0.496944 0.328022 0.071011 0.070755
0 0.881263 0.263058 0.030733 0.031021
0 0.670440 0.631999 0.023538 0.024225
0 0.238601 0.595547 0.033053 0.033449
0 0.547925 0.758360 0.077623 0.078051
0 0.619619 0.870337 0.060821 0.060835
0 0.505561 0.249095 0.051116 0.050956
0 0.045312 0.459913 0.058462 0.057896
0 0.213074 0.779095 0.036227 0.036209
0 0.760357 0.251162 0.089298 0.090693
0 0.289287 0.768642 0.080995 0.080642
0 0.076165 0.663686 0.034399 0.034431
0 0.654344 0.222036 0.055740 0.056077
0 0.980133 0.483641 0.039417 0.046005
0 0.336230 0.859564 0.039588 0.039312
0 0.771175 0.127914 0.038010 0.038891
0 0.371109 0.114093 0.135209 0.138101
0 0.474856 0.057989 0.050046 0.049694
0 0.040573 0.083956 0.033981 0.034099
0 0.882495 0.567667 0.060464 0.060738
0 0.066239 0.773907 0.049015 0.049542
0 0.678029 0.150661 0.083414 0.082672
0 0.481421 0.777005 0.026801 0.026739
0 0.529620 0.481941 0.053069 0.053488
0 0.702710 0.972062 0.053073 0.053252
0 0.940914 0.029692 0.067371 0.059384
0 0.890698 0.525611 0.025292 0.025025
0 0.864300 0.063648 0.032486 0.032235
0 0.224986 0.024461 0.076562 0.048812
0 0.789467 0.159503 0.031036 0.031345
0 0.671637 0.074296 0.049729 0.050265
0 0.800752 0.815631 0.024118 0.024236
0 0.298297 0.042896 0.090897 0.085793
0 0.453160 0.177524 0.060766 0.061093
0 0.718925 0.051547 0.040271 0.040717
0 0.136747 0.303860 0.024739 0.024668
0 0.124118 0.239411 0.064104 0.063624
0 0.520445 0.809263 0.022402 0.022537
0 0.232183 0.085090 0.053015 0.053140
0 0.880592 0.692139 0.048039 0.048412
0 0.879685 0.021777 0.066036 0.043553
0 0.234587 0.507097 0.047333 0.048102
0 0.014563 0.395680 0.029091 0.048619
0 0.336780 0.716985 0.050268 0.049890
0 0.606331 0.677577 0.019305 0.019777
0 0.373494 0.429827 0.029170 0.028994
0 0.067539 0.565614 0.135079 0.234081
0 0.319580 0.815276 0.028711 0.028903
0 0.483053 0.728136 0.025788 0.026159
0 0.757199 0.178113 0.041652 0.041403
0 0.396271 0.949990 0.027247 0.027089
0 0.008691 0.925102 0.017383 0.022123
0 0.553002 0.540023 0.087391 0.086957
0 0.638225 0.253205 0.035549 0.035481
0 0.945583 0.846674 0.075013 0.075217
0 0.351639 0.885024 0.025131 0.024927
0 0.827721 0.123626 0.031501 0.030878
0 0.353274 0.831096 0.031976 0.032198
0 0.100030 0.262943 0.023399 0.023803
0 0.551844 0.409686 0.081932 0.080028
0 0.565535 0.463585 0.021011 0.020898
0 0.977442 0.956172 0.044765 0.060418
0 0.016182 0.432330 0.025298 0.024511
0 0.180783 0.060350 0.025246 0.024567
0 0.564123 0.064920 0.020937 0.020931
0 0.486476 0.373112 0.019107 0.018827
0 0.379237 0.925046 0.074322 0.074824
0 0.686246 0.042598 0.020858 0.020384
0 0.707213 0.267446 0.032635 0.033011
0 0.085887 0.432214 0.020139 0.020086
0 0.504183 0.720565 0.021776 0.021721
0 0.718683 0.032742 0.025954 0.023349
0 0.121109 0.990655 0.032577 0.018690
0 0.231592 0.581078 0.246592 0.256848
0 0.552202 0.941838 0.267933 0.116305
0 0.082888 0.118452 0.023280 0.023367
0 0.638280 0.045572 0.046676 0.046499
0 0.726595 0.087951 0.039117 0.039924
0 0.172858 0.276988 0.063936 0.063011
0 0.984840 0.025632 0.029525 0.051186
0 0.011563 0.009368 0.021641 0.018736
0 0.029485 0.870954 0.058174 0.086676
0 0.027085 0.905425 0.021469 0.021532
0 0.445678 0.961688 0.027264 0.027826
0 0.067189 0.238644 0.019142 0.018826
0 0.679438 0.518598 0.020397 0.020069
0 0.196612 0.212516 0.020458 0.020773
0 0.651061 0.567901 0.019151 0.020034
0 0.029830 0.664171 0.050249 0.050231
0 0.015904 0.518602 0.020318 0.019984
0 0.155775 0.895018 0.030079 0.030637
0 0.418606 0.822338 0.019635 0.019540
0 0.716436 0.446555 0.019361 0.019508
0 0.313264 0.238220 0.037364 0.037386
0 0.711560 0.705693 0.017787 0.018209
0 0.463864 0.693023 0.019182 0.019360
0 0.201125 0.892166 0.377770 0.215667
0 0.611175 0.096301 0.021891 0.021630
0 0.982047 0.345690 0.035906 0.079219
0 0.705098 0.466045 0.030786 0.030202
