0 0.602958 0.660967 0.035368 0.035653
0 0.488831 0.715205 0.029611 0.029009
0 0.232848 0.110722 0.094467 0.093392
0 0.624570 0.583831 0.037443 0.037516
0 0.602573 0.241619 0.031004 0.030763
0 0.597102 0.530560 0.031321 0.030872
0 0.431192 0.179253 0.030398 0.030246
0 0.898030 0.854170 0.048477 0.047878
0 0.627967 0.718465 0.023399 0.023266
0 0.636213 0.625982 0.031494 0.031705
0 0.121909 0.378457 0.024830 0.025017
0 0.788310 0.849615 0.034768 0.034943
0 0.555152 0.667853 0.031070 0.029914
0 0.607945 0.478018 0.031133 0.030394
0 0.632363 0.500814 0.039102 0.038330
0 0.279401 0.580271 0.025686 0.025391
0 0.148370 0.211236 0.043968 0.043352
0 0.717100 0.025148 0.039264 0.038878
0 0.307382 0.958565 0.027636 0.027234
0 0.101856 0.281749 0.060724 0.059912
0 0.724309 0.962773 0.024615 0.023907
0 0.876684 0.312752 0.041260 0.040483
0 0.050248 0.725330 0.035096 0.034940
0 0.383649 0.584868 0.055997 0.054481
0 0.700990 0.886943 0.028090 0.027339
0 0.451034 0.321452 0.032617 0.031853
0 0.358296 0.402019 0.026660 0.026482
0 0.672051 0.765164 0.022037 0.021997
0 0.328080 0.549089 0.033753 0.033364
0 0.943462 0.246407 0.035925 0.035958
0 0.519784 0.553630 0.024176 0.023319
0 0.664543 0.529729 0.035166 0.034275
0 0.744526 0.331876 0.024062 0.023914
0 0.428232 0.758097 0.036100 0.036560
0 0.345987 0.820303 0.070269 0.069678
0 0.440117 0.865485 0.030987 0.031759
0 0.864165 0.910706 0.025473 0.025165
0 0.957874 0.807867 0.026053 0.025792
0 0.030243 0.059101 0.029387 0.029019
0 0.455615 0.049165 0.023290 0.023255
0 0.437061 0.827485 0.033572 0.034336
0 0.488835 0.311035 0.021245 0.021174
0 0.520267 0.668738 0.028845 0.028142
0 0.712773 0.275361 0.024763 0.024945
0 0.679491 0.833330 0.021772 0.021795
0 0.728730 0.533287 0.048343 0.046910
0 0.156811 0.012877 0.027899 0.025592
0 0.335237 0.435691 0.020913 0.020802
0 0.401090 0.493010 0.030837 0.031328
0 0.051849 0.923463 0.028703 0.028854
0 0.502471 0.100744 0.023981 0.023475
0 0.984870 0.823910 0.026170 0.026488
0 0.531577 0.381241 0.021199 0.021040
0 0.902755 0.629068 0.025977 0.026178
0 0.522791 0.688516 0.024330 0.024217
0 0.560069 0.099433 0.023863 0.023611
0 0.918164 0.560976 0.034721 0.034257
0 0.682908 0.929916 0.019995 0.019804
0 0.682357 0.580457 0.023948 0.024164
0 0.363876 0.653052 0.063941 0.065051
0 0.086048 0.016401 0.030917 0.030951
0 0.743934 0.835081 0.028126 0.027756
0 0.815491 0.016835 0.026549 0.027257
0 0.320175 0.572643 0.019771 0.020130
0 0.423372 0.917230 0.136380 0.133576
0 0.796295 0.641764 0.021610 0.021526
0 0.567309 0.323813 0.022909 0.023320
0 0.501770 0.013582 0.021923 0.022030
0 0.529219 0.635188 0.023078 0.022177
0 0.986495 0.518388 0.025272 0.029894
0 0.282235 0.681838 0.022229 0.022284
0 0.017919 0.340552 0.022014 0.021947
0 0.594377 0.412233 0.019668 0.019753
0 0.661721 0.566740 0.024325 0.024223
0 0.519596 0.077184 0.025074 0.025118
0 0.068652 0.563136 0.041501 0.040862
0 0.243224 0.984928 0.024589 0.024928
0 0.647901 0.552581 0.024341 0.024010
0 0.776519 0.727019 0.019675 0.019718
0 0.334344 0.500423 0.020709 0.020097
0 0.331928 0.457164 0.024022 0.023164
0 0.888332 0.362744 0.020491 0.020570
0 0.959441 0.531694 0.079445 0.118728
0 0.088554 0.056082 0.024015 0.024080
0 0.688807 0.549151 0.022714 0.022923
0 0.135345 0.057453 0.020879 0.020930
0 0.711139 0.867370 0.019193 0.019345
0 0.209206 0.885058 0.023027 0.022896
0 0.441177 0.917800 0.019874 0.020100
0 0.473763 0.064937 0.021552 0.021231
0 0.368940 0.453168 0.019307 0.019545
0 0.563348 0.575382 0.023151 0.023586
0 0.051151 0.585906 0.038253 0.037990
0 0.055864 0.955182 0.020931 0.020277
0 0.021873 0.884754 0.037011 0.036053
0 0.029099 0.097091 0.028806 0.028449
0 0.715245 0.403231 0.020209 0.019816
0 0.062020 0.087568 0.043955 0.044458
0 0.699351 0.496067 0.025408 0.024893
0 0.462895 0.342734 0.019828 0.019211
0 0.761833 0.498586 0.065225 0.068614
0 0.525203 0.458463 0.020752 0.020743
0 0.975469 0.737075 0.019429 0.019677
0 0.710459 0.553091 0.019933 0.021425
0 0.964179 0.625443 0.071192 0.078020
0 0.565916 0.157354 0.019689 0.019983
0 0.989090 0.854474 0.021820 0.030146
0 0.808335 0.247872 0.022207 0.021667
0 0.133860 0.483899 0.020976 0.021806
0 0.501255 0.061408 0.029940 0.029478
0 0.455907 0.717324 0.063522 0.062621
0 0.223381 0.969250 0.019710 0.020181
0 0.475871 0.114167 0.022608 0.022113
0 0.051139 0.428344 0.020519 0.020866
0 0.159860 0.497926 0.020648 0.020414
0 0.109820 0.532401 0.041365 0.041141
0 0.071526 0.351579 0.024568 0.024452
0 0.820487 0.325830 0.019981 0.020534
0 0.405684 0.367556 0.021303 0.021310
0 0.484182 0.287392 0.021291 0.020320
