0 0.216979 0.209220 0.048429 0.048895
0 0.409124 0.646382 0.030679 0.030678
0 0.234732 0.250766 0.040262 0.040426
0 0.626427 0.842424 0.033934 0.033909
0 0.628553 0.451554 0.028494 0.028466
0 0.094150 0.795114 0.039087 0.039782
0 0.951213 0.911012 0.053123 0.052967
0 0.511927 0.956123 0.040364 0.040964
0 0.927151 0.532867 0.030131 0.029995
0 0.375817 0.694389 0.029240 0.028960
0 0.140569 0.182470 0.024950 0.025054
0 0.086639 0.166108 0.025262 0.026012
0 0.609999 0.986999 0.032180 0.026001
0 0.259030 0.482114 0.025326 0.025184
0 0.280130 0.896269 0.027662 0.027803
0 0.264087 0.169773 0.034099 0.034049
0 0.653247 0.081554 0.035054 0.034841
0 0.520365 0.801382 0.024689 0.024554
0 0.037612 0.110932 0.023418 0.023425
0 0.170126 0.672651 0.053340 0.054275
0 0.832921 0.309771 0.024653 0.024589
0 0.211568 0.941179 0.031584 0.031741
0 0.233519 0.540025 0.023093 0.022815
0 0.873300 0.834634 0.030025 0.030479
0 0.103306 0.865496 0.039617 0.038781
0 0.075410 0.834147 0.034976 0.034863
0 0.453153 0.768362 0.023374 0.023857
0 0.116705 0.181948 0.024286 0.024197
0 0.847069 0.818965 0.027177 0.027654
0 0.022323 0.045646 0.020713 0.020392
0 0.846133 0.742028 0.023972 0.024523
0 0.149107 0.135731 0.027285 0.027902
0 0.621452 0.207289 0.038352 0.038771
0 0.007285 0.205426 0.014494 0.029779
0 0.735132 0.152304 0.021837 0.021729
0 0.520644 0.185481 0.027995 0.026329
0 0.607338 0.772323 0.022881 0.023212
0 0.476966 0.250680 0.023168 0.023253
0 0.078299 0.766385 0.022427 0.022591
0 0.309418 0.191010 0.026975 0.026267
0 0.208549 0.878104 0.035301 0.035258
0 0.203700 0.366371 0.024191 0.024197
0 0.463137 0.276407 0.029599 0.029565
0 0.959364 0.354200 0.021403 0.021644
0 0.046512 0.222249 0.024971 0.024917
0 0.959552 0.948156 0.025408 0.024787
0 0.544312 0.862165 0.025256 0.025470
0 0.162408 0.690724 0.062690 0.052481
0 0.026261 0.237710 0.024586 0.026615
