0 0.317523 0.638775 0.040486 0.039908
0 0.579759 0.174286 0.036655 0.037336
0 0.126791 0.293434 0.042650 0.042529
0 0.241482 0.410414 0.030099 0.030744
0 0.444423 0.419081 0.049901 0.050471
0 0.733792 0.919758 0.033448 0.032909
0 0.235854 0.459462 0.022595 0.022824
0 0.196527 0.334944 0.021861 0.021779
0 0.926576 0.935959 0.042233 0.042013
0 0.326835 0.408697 0.022841 0.022924
0 0.484871 0.718314 0.021829 0.022241
0 0.460600 0.384470 0.054390 0.051917
0 0.581446 0.557596 0.072377 0.071332
0 0.455568 0.623993 0.022889 0.022477
0 0.479815 0.400874 0.022532 0.022453
0 0.172339 0.665135 0.047317 0.047963
0 0.826523 0.986841 0.046831 0.026081
0 0.249752 0.825160 0.029290 0.029423
