0 0.882784 0.665004 0.057985 0.058107
0 0.508788 0.593289 0.045251 0.044676
0 0.602766 0.880233 0.052697 0.052933
0 0.090256 0.101807 0.038185 0.038042
0 0.737959 0.508154 0.029070 0.029256
0 0.455418 0.549202 0.028699 0.028726
0 0.652874 0.679851 0.027879 0.027319
0 0.494719 0.425179 0.025978 0.026236
0 0.009339 0.133347 0.018677 0.030296
0 0.629049 0.008641 0.032346 0.017272
0 0.656370 0.431937 0.022246 0.022073
0 0.710431 0.203308 0.025085 0.024531
0 0.551420 0.325221 0.023488 0.023726
0 0.484139 0.526011 0.025645 0.025726
0 0.381349 0.087462 0.025132 0.024766
0 0.879658 0.950863 0.022165 0.022261
0 0.421044 0.038424 0.028592 0.028565
0 0.565760 0.903384 0.052095 0.050456
0 0.817097 0.305647 0.023994 0.024161
0 0.597620 0.194058 0.025659 0.025480
0 0.350051 0.326746 0.024980 0.025091
0 0.555957 0.392804 0.025651 0.025242
0 0.263139 0.436153 0.051472 0.050261
0 0.008017 0.464949 0.016034 0.046291
0 0.363646 0.308852 0.241236 0.247290
0 0.022067 0.410999 0.023627 0.023328
0 0.472717 0.101878 0.022266 0.022248
0 0.293846 0.384931 0.022403 0.022165
