0 0.067933 0.568579 0.041782 0.041989
0 0.906241 0.671639 0.053501 0.053045
0 0.143034 0.437119 0.027432 0.026985
0 0.378692 0.610053 0.029684 0.029557
0 0.708153 0.886581 0.075285 0.073420
0 0.293574 0.047774 0.046153 0.045783
0 0.217110 0.133873 0.047705 0.047524
0 0.282546 0.925049 0.062028 0.061537
0 0.713348 0.047936 0.047385 0.046785
0 0.761622 0.630081 0.048512 0.048832
0 0.266388 0.643060 0.026935 0.026495
0 0.475771 0.559656 0.036457 0.035986
0 0.165569 0.028685 0.050075 0.049699
0 0.650605 0.459446 0.040949 0.041113
0 0.414695 0.573134 0.049574 0.048771
0 0.167045 0.382670 0.023055 0.023444
0 0.152724 0.960889 0.045592 0.045471
0 0.765626 0.584731 0.099645 0.102118
0 0.265453 0.889868 0.040750 0.039908
0 0.122171 0.107890 0.027857 0.027640
0 0.646940 0.660976 0.021991 0.022103
0 0.845763 0.640005 0.080451 0.079672
0 0.173867 0.807231 0.027657 0.027653
0 0.945756 0.346911 0.068554 0.069835
0 0.205030 0.527926 0.031263 0.031168
0 0.969215 0.820753 0.035729 0.035831
0 0.146213 0.120177 0.024687 0.024942
0 0.096474 0.441199 0.021870 0.021998
0 0.282148 0.746437 0.021091 0.020964
0 0.558354 0.967176 0.033936 0.034329
0 0.355799 0.651240 0.024832 0.025194
0 0.251094 0.868371 0.023503 0.023600
0 0.151342 0.077884 0.023034 0.023350
0 0.874127 0.105851 0.072485 0.071042
0 0.687395 0.084705 0.047058 0.047177
0 0.259090 0.745303 0.022079 0.021801
0 0.896013 0.992297 0.033210 0.015407
0 0.596315 0.961589 0.041310 0.040543
0 0.919431 0.933515 0.024542 0.024223
0 0.046047 0.394184 0.022600 0.022406
0 0.745425 0.736763 0.044733 0.045582
0 0.916811 0.054158 0.033869 0.033727
0 0.268093 0.298621 0.024647 0.023854
0 0.748120 0.853731 0.022875 0.023140
0 0.781076 0.217025 0.028801 0.028914
0 0.364529 0.050943 0.090285 0.089399
0 0.470323 0.671084 0.033943 0.033538
0 0.896492 0.480652 0.066326 0.068523
0 0.993748 0.962636 0.012505 0.040627
0 0.901127 0.453174 0.046796 0.044605
0 0.504945 0.025912 0.043897 0.044631
0 0.666129 0.257675 0.037260 0.037627
0 0.102385 0.239601 0.024993 0.026057
0 0.948132 0.432059 0.019762 0.019816
0 0.395446 0.656812 0.031920 0.032652
0 0.227006 0.764688 0.023800 0.023888
0 0.049183 0.707239 0.025302 0.025342
0 0.598374 0.981514 0.054223 0.036972
0 0.991422 0.425271 0.017156 0.068930
0 0.348474 0.750354 0.022440 0.022815
0 0.779016 0.957247 0.026751 0.026964
0 0.495821 0.874693 0.036701 0.036890
0 0.958019 0.038532 0.020613 0.020219
0 0.434247 0.605858 0.044683 0.044922
0 0.909843 0.811346 0.028323 0.027607
