0 0.501768 0.637508 0.105906 0.107359
0 0.883373 0.342375 0.103080 0.102781
0 0.661816 0.892772 0.295801 0.214456
0 0.761563 0.654327 0.091755 0.092607
0 0.665308 0.748101 0.043208 0.042988
0 0.607204 0.676551 0.080092 0.080711
0 0.953732 0.183290 0.038368 0.037453
0 0.826312 0.274152 0.075248 0.074541
0 0.653484 0.552545 0.042802 0.043180
0 0.627135 0.102785 0.072823 0.072697
0 0.820149 0.170112 0.031907 0.031718
0 0.427699 0.651965 0.049238 0.050607
0 0.168907 0.157983 0.025494 0.025191
0 0.854369 0.468725 0.043711 0.043588
0 0.195042 0.757154 0.143635 0.142794
0 0.144929 0.953827 0.049237 0.048069
0 0.632170 0.051717 0.027830 0.028223
0 0.144778 0.830602 0.023488 0.023303
0 0.059592 0.863986 0.118936 0.174993
0 0.879406 0.832502 0.071506 0.071259
0 0.870135 0.415861 0.058579 0.058701
0 0.142131 0.711222 0.057145 0.057886
0 0.752737 0.595083 0.060068 0.060452
0 0.717846 0.208732 0.055310 0.054986
0 0.065374 0.988884 0.044733 0.022199
0 0.485118 0.444517 0.180735 0.180156
0 0.207432 0.390054 0.027080 0.026879
0 0.601244 0.216148 0.030662 0.030112
0 0.156819 0.421557 0.034956 0.035974
0 0.574429 0.399078 0.024393 0.025204
0 0.439706 0.959952 0.060717 0.060377
0 0.790301 0.390254 0.024109 0.024067
0 0.326979 0.979796 0.023486 0.023433
0 0.577188 0.446086 0.058750 0.058775
0 0.243465 0.903096 0.038376 0.038264
0 0.653595 0.427955 0.022985 0.022763
0 0.056957 0.766014 0.065178 0.064797
0 0.129416 0.309506 0.023311 0.023431
0 0.516633 0.138236 0.022659 0.022397
0 0.801468 0.830643 0.023025 0.023131
0 0.375903 0.037737 0.051662 0.051463
0 0.767921 0.260216 0.046720 0.046318
0 0.297915 0.566389 0.054594 0.053652
0 0.238004 0.552544 0.049135 0.048853
0 0.904504 0.114375 0.025961 0.025600
0 0.888577 0.061843 0.024279 0.024699
0 0.606350 0.430522 0.021066 0.021624
0 0.263863 0.675133 0.073380 0.075092
0 0.889134 0.912825 0.221732 0.173726
0 0.369292 0.751524 0.070695 0.069898
0 0.651394 0.229387 0.028591 0.028761
0 0.139005 0.445959 0.056544 0.055683
0 0.960220 0.037510 0.025492 0.026029
0 0.939284 0.609591 0.021900 0.021777
0 0.943543 0.119048 0.026824 0.026466
0 0.180887 0.310915 0.019929 0.020440
0 0.130730 0.759333 0.024586 0.024016
0 0.410761 0.905678 0.022310 0.022286
0 0.527204 0.861533 0.024400 0.024993
0 0.722451 0.406509 0.103228 0.101389
0 0.755274 0.234722 0.054662 0.053665
0 0.368234 0.711617 0.063184 0.062611
0 0.946964 0.048858 0.023852 0.023755
0 0.169789 0.663049 0.049464 0.050039
0 0.444549 0.609520 0.037158 0.037516
0 0.425628 0.536143 0.021424 0.021783
0 0.738456 0.007374 0.032833 0.014749
0 0.215251 0.337173 0.040280 0.041292
0 0.347034 0.808006 0.040677 0.040674
0 0.111257 0.803448 0.021459 0.021477
0 0.154734 0.306483 0.020071 0.020233
0 0.645915 0.179205 0.036360 0.035907
0 0.556897 0.506158 0.020372 0.021175
0 0.280372 0.538029 0.027035 0.027771
0 0.209736 0.598673 0.061761 0.062521
0 0.369761 0.846606 0.120570 0.125095
0 0.904238 0.512731 0.039610 0.040976
0 0.933262 0.893891 0.024288 0.024554
0 0.066806 0.735424 0.040586 0.040450
0 0.986257 0.675394 0.026471 0.033961
0 0.615229 0.510600 0.021332 0.021828
0 0.941842 0.738851 0.116042 0.263319
0 0.405822 0.541675 0.023257 0.022287
0 0.977486 0.915221 0.033532 0.033198
0 0.418310 0.993261 0.031348 0.013322
0 0.526290 0.411647 0.039533 0.036428
0 0.113990 0.986476 0.033376 0.026546
0 0.025745 0.714979 0.050955 0.054990
0 0.267493 0.339425 0.020167 0.020399
0 0.872416 0.138075 0.021090 0.021299
0 0.975565 0.596423 0.048870 0.059637
0 0.410160 0.988456 0.057968 0.022425
0 0.910572 0.478509 0.019986 0.019158
0 0.382486 0.273972 0.020445 0.020665
