0 0.439227 0.575562 0.022634 0.022478
0 0.634418 0.767365 0.123205 0.124353
0 0.338968 0.688533 0.023330 0.023152
0 0.724774 0.936670 0.162697 0.126433
0 0.466627 0.134940 0.033863 0.033838
0 0.382155 0.814024 0.101993 0.102968
0 0.780751 0.516724 0.050133 0.049813
0 0.625359 0.908050 0.076232 0.076709
0 0.073020 0.384382 0.030468 0.030005
0 0.491550 0.625486 0.022389 0.022319
0 0.289616 0.028903 0.080918 0.057806
0 0.320727 0.753680 0.030506 0.030219
0 0.173805 0.395444 0.052649 0.052497
0 0.226518 0.738539 0.077638 0.079107
0 0.466462 0.476657 0.056605 0.055224
0 0.749898 0.375244 0.023695 0.023831
0 0.530109 0.692132 0.023266 0.023168
0 0.170776 0.700699 0.070258 0.069850
0 0.760322 0.921580 0.038071 0.037853
0 0.474367 0.878916 0.095518 0.096020
0 0.379905 0.345174 0.020624 0.020542
0 0.013870 0.449543 0.022360 0.022173
0 0.713299 0.373844 0.021752 0.021681
0 0.240812 0.547197 0.060408 0.059024
0 0.335612 0.287386 0.020470 0.020636
0 0.641706 0.350887 0.020270 0.020244
0 0.086949 0.625285 0.024492 0.024318
0 0.133810 0.946985 0.222602 0.105799
0 0.603308 0.687245 0.044982 0.045441
0 0.398355 0.890152 0.054002 0.053744
0 0.536505 0.654687 0.060173 0.057553
0 0.278189 0.790063 0.082250 0.081152
0 0.159123 0.502028 0.091806 0.092406
0 0.571441 0.596221 0.039381 0.038601
0 0.693832 0.851546 0.020400 0.020077
0 0.036367 0.378046 0.053430 0.053142
0 0.497296 0.580733 0.038153 0.038269
0 0.216536 0.640215 0.061379 0.062032
0 0.117661 0.369571 0.067120 0.065457
0 0.148693 0.852964 0.200834 0.194231
0 0.676513 0.555244 0.079005 0.078862
0 0.496256 0.797067 0.024769 0.024878
0 0.940143 0.593408 0.025325 0.025825
0 0.308488 0.836162 0.053016 0.052134
0 0.477713 0.748689 0.050579 0.044431
0 0.514474 0.136193 0.058795 0.058710
0 0.109169 0.166753 0.018899 0.019033
0 0.076856 0.439698 0.053814 0.054164
0 0.844583 0.895227 0.032468 0.032374
0 0.050278 0.965149 0.021392 0.021032
