0 0.395260 0.163043 0.036403 0.036137
0 0.752323 0.560853 0.025951 0.025982
0 0.342727 0.700419 0.029116 0.029039
0 0.800497 0.041030 0.024451 0.024474
0 0.375157 0.437429 0.051568 0.050891
0 0.614655 0.670863 0.031015 0.030916
0 0.271253 0.239546 0.035001 0.034841
0 0.739278 0.823284 0.028286 0.027919
0 0.486713 0.098875 0.123519 0.124884
0 0.705295 0.973813 0.029503 0.029413
0 0.618590 0.779144 0.061210 0.061761
0 0.199960 0.891194 0.026253 0.026478
0 0.465631 0.520616 0.039192 0.039343
0 0.648516 0.199735 0.116104 0.114884
0 0.890480 0.314353 0.032607 0.032909
0 0.546715 0.664798 0.027779 0.027875
0 0.423625 0.652124 0.027530 0.027446
0 0.376485 0.783571 0.023462 0.023667
0 0.090570 0.053615 0.022540 0.022090
0 0.427494 0.583079 0.035161 0.035830
0 0.194394 0.753090 0.023937 0.024050
0 0.630696 0.990460 0.021536 0.019080
0 0.891423 0.771699 0.031551 0.032232
0 0.095479 0.990627 0.046661 0.018506
0 0.198895 0.528630 0.020170 0.020417
0 0.582102 0.731611 0.030396 0.030728
0 0.564470 0.526985 0.020840 0.020758
0 0.599599 0.483062 0.034664 0.035618
0 0.512455 0.601284 0.021205 0.021973
0 0.112784 0.369987 0.027093 0.026568
0 0.135200 0.046862 0.073287 0.075459
0 0.124260 0.008803 0.036582 0.017523
0 0.512155 0.572211 0.025449 0.025537
0 0.761356 0.934834 0.027308 0.028652
0 0.648369 0.876423 0.019921 0.019528
