0 0.609222 0.970987 0.031370 0.031167
0 0.579987 0.906322 0.039413 0.039327
0 0.111704 0.633816 0.027992 0.027621
0 0.593129 0.813413 0.025376 0.026076
0 0.720995 0.127332 0.024857 0.024955
0 0.402118 0.845194 0.024101 0.024063
0 0.459106 0.252894 0.024731 0.024976
0 0.920676 0.974492 0.024420 0.024178
0 0.610068 0.872716 0.033061 0.033568
0 0.614293 0.910302 0.035199 0.037291
0 0.025637 0.643870 0.022131 0.022086
0 0.559844 0.723749 0.020874 0.020863
0 0.224913 0.778573 0.020556 0.020602
0 0.382619 0.763755 0.042746 0.041923
0 0.056191 0.592596 0.021264 0.021850
0 0.640267 0.807185 0.020021 0.020148
0 0.602688 0.991845 0.028672 0.016153
0 0.611677 0.832811 0.032309 0.034371
