0 0.466946 0.629500 0.048926 0.044686
0 0.606480 0.608638 0.037839 0.035006
0 0.342320 0.639136 0.053009 0.049716
0 0.112283 0.932395 0.039129 0.038446
0 0.450649 0.073969 0.082175 0.073591
0 0.017957 0.739075 0.035914 0.037745
0 0.177182 0.724102 0.051954 0.048582
0 0.049548 0.797326 0.048688 0.047186
0 0.046273 0.661749 0.039731 0.039445
0 0.028184 0.567328 0.034721 0.033576
0 0.736632 0.577284 0.029207 0.025875
0 0.120100 0.817976 0.029295 0.028395
0 0.747019 0.461001 0.058075 0.051543
0 0.050475 0.542491 0.023875 0.023330
0 0.177577 0.467115 0.029253 0.028831
0 0.350130 0.559508 0.030703 0.029743
0 0.534167 0.596209 0.030803 0.028678
0 0.317605 0.665050 0.027860 0.026682
0 0.148765 0.375226 0.024202 0.023695
0 0.377992 0.061853 0.059150 0.049302
0 0.351460 0.836294 0.033133 0.031753
0 0.853804 0.810747 0.028241 0.026031
0 0.061133 0.434449 0.032002 0.030588
0 0.863550 0.147824 0.054617 0.043694
0 0.486384 0.957911 0.025130 0.024619
0 0.137203 0.245935 0.149697 0.136607
0 0.421151 0.454321 0.330926 0.255663
0 0.076345 0.717126 0.022917 0.022706
0 0.556157 0.679456 0.022279 0.022126
0 0.596585 0.086026 0.028573 0.024920
0 0.181466 0.032407 0.028507 0.026469
0 0.154871 0.326484 0.025631 0.024348
0 0.319304 0.214070 0.043469 0.039710
0 0.301555 0.401425 0.027980 0.027369
0 0.111986 0.959005 0.031084 0.030400
0 0.579586 0.278928 0.058405 0.055080
0 0.292781 0.576732 0.027235 0.024590
0 0.120905 0.506402 0.241810 0.249388
0 0.137365 0.724840 0.024180 0.024119
0 0.428226 0.705232 0.024844 0.023683
0 0.644548 0.519238 0.091798 0.077646
0 0.720499 0.797184 0.032691 0.031689
0 0.356903 0.903259 0.022885 0.022360
0 0.774943 0.300527 0.027450 0.025432
0 0.281059 0.272396 0.024002 0.022581
0 0.097786 0.745016 0.023830 0.023774
0 0.103513 0.681298 0.025201 0.024893
0 0.858931 0.372962 0.024460 0.023434
0 0.830426 0.582094 0.040388 0.038892
0 0.586700 0.581256 0.027778 0.025746
0 0.146410 0.949899 0.101333 0.094646
0 0.681081 0.613992 0.077298 0.073656
0 0.593532 0.951780 0.088058 0.085100
0 0.371863 0.011855 0.079800 0.023180
0 0.675560 0.558497 0.029490 0.028015
0 0.508755 0.649661 0.023329 0.022297
0 0.808203 0.730814 0.105764 0.096882
0 0.007145 0.634039 0.014291 0.034054
0 0.897370 0.304389 0.052959 0.047463
0 0.622791 0.350256 0.022503 0.020956
0 0.795548 0.888411 0.048633 0.045999
0 0.071485 0.530459 0.021090 0.020557
0 0.788862 0.190681 0.039435 0.036742
0 0.048526 0.986692 0.024155 0.023103
0 0.548415 0.188448 0.100946 0.089677
0 0.693414 0.927355 0.023868 0.022439
0 0.816838 0.161912 0.037002 0.032938
0 0.473064 0.343645 0.036860 0.034741
0 0.219569 0.787693 0.086682 0.079557
0 0.104028 0.768031 0.021715 0.021301
0 0.498327 0.549990 0.049215 0.044777
0 0.647828 0.478078 0.034809 0.032651
