0 0.243249 0.470704 0.346625 0.358872
0 0.392911 0.612400 0.040838 0.040252
0 0.624045 0.200992 0.037462 0.037762
0 0.563342 0.968906 0.052760 0.053024
0 0.775282 0.833149 0.035177 0.034804
0 0.488188 0.480605 0.025711 0.025965
0 0.478845 0.969627 0.031200 0.030369
0 0.045190 0.652643 0.038362 0.037676
0 0.437023 0.711566 0.032854 0.033322
0 0.088854 0.068846 0.025940 0.026101
0 0.948146 0.219204 0.022762 0.022719
0 0.395705 0.234075 0.026082 0.026695
0 0.843686 0.742111 0.031387 0.031153
0 0.024717 0.673928 0.042842 0.043131
0 0.626741 0.936992 0.034672 0.034263
