0 0.759451 0.831169 0.116106 0.087130
0 0.407002 0.537712 0.160782 0.126508
0 0.699030 0.680890 0.113089 0.083124
0 0.569061 0.593634 0.073216 0.057718
0 0.928559 0.462239 0.129897 0.102983
0 0.536571 0.473591 0.131524 0.096320
0 0.809794 0.552691 0.102233 0.083107
0 0.880335 0.625855 0.085656 0.064913
0 0.891150 0.804316 0.091341 0.068548
0 0.603955 0.684886 0.073733 0.057607
0 0.973792 0.666508 0.052415 0.054559
0 0.963745 0.566688 0.072027 0.069244
0 0.774197 0.885929 0.080649 0.060059
0 0.744388 0.530486 0.077148 0.061409
0 0.283596 0.206852 0.209906 0.153825
0 0.923217 0.845327 0.098505 0.072677
0 0.371323 0.843354 0.193995 0.133534
0 0.239386 0.314910 0.081908 0.057931
0 0.839890 0.662776 0.042440 0.030763
0 0.671732 0.895877 0.038725 0.032874
0 0.911352 0.920732 0.051985 0.038276
0 0.717688 0.479873 0.072633 0.053132
0 0.353883 0.331634 0.077798 0.053768
0 0.503060 0.744450 0.040608 0.031930
0 0.847653 0.273375 0.036200 0.029783
0 0.279310 0.166575 0.053077 0.039119
0 0.188780 0.131102 0.039317 0.031315
0 0.914260 0.078108 0.047837 0.034336
0 0.600983 0.805435 0.039079 0.032354
0 0.230424 0.380186 0.081162 0.062090
0 0.146768 0.356248 0.034686 0.025375
0 0.814377 0.933052 0.084277 0.065228
0 0.865017 0.889071 0.047206 0.035068
0 0.982428 0.062848 0.035143 0.054242
0 0.944951 0.632574 0.044576 0.037210
0 0.434719 0.013215 0.044567 0.026430
0 0.478791 0.096937 0.035236 0.027467
0 0.138639 0.236654 0.033378 0.025276
0 0.976164 0.805295 0.047562 0.110232
0 0.609138 0.430033 0.038988 0.034290
0 0.336757 0.225677 0.062941 0.052759
0 0.949005 0.065801 0.032256 0.026265
