0 0.116450 0.445273 0.227006 0.234301
0 0.709124 0.376040 0.027339 0.028018
0 0.367864 0.335699 0.035356 0.036003
0 0.352425 0.511343 0.028045 0.027972
0 0.958606 0.501991 0.027104 0.027140
0 0.632690 0.750637 0.090082 0.088986
0 0.797520 0.215158 0.039798 0.039877
0 0.154048 0.869600 0.047185 0.047029
0 0.559175 0.908198 0.027843 0.028039
0 0.338892 0.249300 0.057760 0.057707
0 0.504186 0.873587 0.063138 0.062781
0 0.948357 0.253116 0.058352 0.058509
0 0.751372 0.885265 0.056578 0.056185
0 0.633303 0.063617 0.041190 0.041354
0 0.286669 0.141180 0.030964 0.031233
0 0.908451 0.076340 0.033221 0.033375
0 0.309337 0.349252 0.026599 0.026534
0 0.910206 0.184030 0.027054 0.026880
0 0.818471 0.145565 0.024561 0.024648
0 0.346950 0.182826 0.070488 0.071467
0 0.273235 0.508270 0.052049 0.052511
0 0.680437 0.143260 0.020622 0.020587
0 0.965315 0.045354 0.024677 0.024221
0 0.539908 0.155029 0.028385 0.028632
0 0.832539 0.384269 0.028681 0.029217
0 0.676528 0.246320 0.025392 0.025202
0 0.013544 0.049963 0.025823 0.026908
0 0.516589 0.119553 0.033519 0.032700
0 0.829700 0.275451 0.022599 0.022720
0 0.485016 0.064415 0.068377 0.069167
0 0.678463 0.006559 0.028209 0.013118
0 0.506305 0.186941 0.022362 0.022361
0 0.190873 0.535591 0.020838 0.021415
0 0.965753 0.390984 0.021278 0.020877
0 0.966772 0.656349 0.036066 0.036146
0 0.238832 0.915979 0.051190 0.051759
0 0.936156 0.283059 0.022274 0.021971
0 0.393436 0.971276 0.097267 0.057447
0 0.913397 0.964797 0.020857 0.020613
0 0.437960 0.043033 0.117900 0.086040
0 0.984416 0.063643 0.031168 0.034259
0 0.702201 0.580924 0.030843 0.030732
0 0.289256 0.824542 0.026526 0.026474
0 0.082046 0.270192 0.045948 0.044821
0 0.674394 0.571416 0.021238 0.020585
0 0.878368 0.150501 0.024454 0.023992
0 0.604074 0.839553 0.061640 0.062626
0 0.600405 0.935062 0.036987 0.036201
0 0.931610 0.549697 0.020873 0.021345
0 0.087707 0.993243 0.021550 0.013009
0 0.436359 0.493315 0.158780 0.161718
0 0.750198 0.073484 0.020827 0.021029
0 0.067224 0.895202 0.021918 0.021928
0 0.028348 0.243543 0.020613 0.021114
0 0.116714 0.818055 0.018809 0.019351
0 0.677273 0.290565 0.025855 0.025790
0 0.259034 0.757182 0.139316 0.134329
0 0.809979 0.827580 0.050557 0.050835
0 0.843488 0.006622 0.029787 0.013149
0 0.332266 0.572930 0.104004 0.103348
0 0.338457 0.606380 0.067723 0.068069
0 0.731455 0.686400 0.052759 0.054160
0 0.550877 0.027495 0.109310 0.054779
0 0.794979 0.956241 0.020329 0.020428
0 0.033339 0.200399 0.022013 0.022876
0 0.011052 0.211599 0.021813 0.056112
0 0.946907 0.028534 0.019342 0.019622
0 0.241071 0.671977 0.038115 0.037950
0 0.229445 0.453713 0.020174 0.021190
0 0.824490 0.739746 0.027540 0.026860
0 0.285563 0.789989 0.027344 0.029272
0 0.087569 0.771899 0.017735 0.017535
0 0.892845 0.624063 0.020893 0.020368
