0 0.915277 0.139692 0.026817 0.026801
0 0.138994 0.143314 0.214463 0.217748
0 0.251865 0.798408 0.031448 0.031433
0 0.082640 0.843615 0.077641 0.077619
0 0.579023 0.251615 0.052580 0.052625
0 0.836979 0.774481 0.086899 0.086219
0 0.150073 0.611512 0.215433 0.218260
0 0.636133 0.631008 0.041239 0.041634
0 0.606956 0.683522 0.046289 0.045550
0 0.427704 0.457672 0.026560 0.026653
0 0.509577 0.984883 0.039870 0.030234
0 0.720695 0.896384 0.077186 0.077115
0 0.568064 0.484341 0.024310 0.023926
0 0.523903 0.829881 0.073646 0.074101
0 0.762037 0.812379 0.031665 0.031652
0 0.613425 0.974220 0.050854 0.049900
0 0.518519 0.275213 0.067774 0.068352
0 0.625233 0.337703 0.025812 0.025648
0 0.836727 0.208981 0.027597 0.027914
0 0.705756 0.351062 0.027840 0.028389
0 0.732559 0.185741 0.057389 0.057954
0 0.555447 0.351241 0.034319 0.034287
0 0.269501 0.647046 0.096005 0.097588
0 0.248024 0.057205 0.022374 0.022368
0 0.366901 0.044666 0.028221 0.027692
0 0.330158 0.788851 0.066096 0.066464
0 0.991653 0.164423 0.016006 0.035099
0 0.501953 0.873954 0.072286 0.071519
0 0.756816 0.347780 0.022843 0.022217
0 0.381767 0.705177 0.121662 0.121450
0 0.578292 0.900047 0.083065 0.084280
0 0.472003 0.173600 0.062527 0.062646
0 0.687762 0.433230 0.029768 0.029627
0 0.071068 0.485109 0.024782 0.024638
0 0.787148 0.081091 0.043132 0.042898
0 0.273902 0.145962 0.061095 0.060414
0 0.818989 0.069047 0.021279 0.021137
0 0.023625 0.443731 0.047250 0.073643
0 0.761981 0.372976 0.039560 0.039626
0 0.039023 0.692050 0.078046 0.093939
0 0.325863 0.165980 0.056209 0.056813
0 0.016195 0.390356 0.024447 0.024852
0 0.764892 0.166442 0.039339 0.038360
0 0.443365 0.232515 0.049750 0.049977
0 0.363158 0.645997 0.103559 0.102300
0 0.443797 0.830762 0.073850 0.073051
0 0.198833 0.971191 0.021897 0.021853
0 0.320635 0.938885 0.173640 0.119813
0 0.904762 0.286626 0.023697 0.023795
0 0.040166 0.855952 0.020372 0.020787
0 0.703244 0.272019 0.021661 0.021542
0 0.095504 0.466024 0.037548 0.037457
0 0.145977 0.507146 0.043597 0.042947
0 0.630701 0.925567 0.024529 0.024444
0 0.896292 0.993341 0.038108 0.013317
0 0.063925 0.967035 0.022042 0.022116
0 0.857435 0.519677 0.183942 0.182399
0 0.338908 0.147751 0.032453 0.032838
0 0.978539 0.101921 0.042923 0.049878
0 0.793589 0.240749 0.020495 0.020688
0 0.298646 0.589955 0.059338 0.058623
0 0.022025 0.816564 0.044050 0.072925
0 0.664245 0.511828 0.027922 0.027643
0 0.736678 0.633066 0.039632 0.039706
0 0.042697 0.901733 0.020283 0.020509
0 0.313007 0.118942 0.021287 0.020865
0 0.786908 0.292622 0.019726 0.020041
0 0.881151 0.544879 0.032358 0.032934
0 0.707263 0.605236 0.033556 0.032437
0 0.532688 0.102141 0.029821 0.029307
0 0.635651 0.471071 0.252888 0.257242
0 0.503073 0.598260 0.029503 0.030140
0 0.093407 0.903883 0.027278 0.027077
0 0.621475 0.751599 0.026048 0.025203
0 0.025302 0.525914 0.020851 0.021118
