0 0.556934 0.492163 0.206292 0.203480
0 0.285822 0.721567 0.125322 0.119789
0 0.149511 0.308713 0.127977 0.125249
0 0.143845 0.715305 0.124262 0.119526
0 0.519104 0.280368 0.175408 0.167425
0 0.870318 0.044596 0.043246 0.042423
0 0.381199 0.046851 0.035716 0.035228
0 0.702213 0.134235 0.039945 0.038907
0 0.709411 0.423172 0.038619 0.037842
0 0.336381 0.298348 0.040251 0.040369
0 0.783844 0.610710 0.027513 0.027752
0 0.885912 0.083724 0.047924 0.046258
0 0.714104 0.752414 0.043927 0.042886
0 0.065268 0.611635 0.034005 0.033850
0 0.162809 0.447584 0.050156 0.047894
0 0.228427 0.645226 0.026430 0.025561
0 0.069388 0.122910 0.030857 0.030805
0 0.396138 0.073243 0.033246 0.032562
0 0.838126 0.759779 0.072453 0.071883
0 0.900338 0.687366 0.037108 0.036420
0 0.200677 0.762415 0.107469 0.105706
0 0.026542 0.624980 0.052778 0.053858
0 0.213952 0.067728 0.151183 0.133779
0 0.793362 0.131130 0.027302 0.027461
0 0.431327 0.578573 0.025426 0.024778
0 0.633610 0.393993 0.108020 0.102171
0 0.703635 0.037195 0.109137 0.074342
0 0.780649 0.180016 0.026337 0.026139
0 0.665405 0.902377 0.028592 0.028204
0 0.766292 0.362941 0.025888 0.025751
0 0.937239 0.588458 0.027187 0.027291
0 0.890012 0.435947 0.045075 0.045322
0 0.066720 0.732348 0.059507 0.058768
0 0.629015 0.235565 0.064468 0.061282
0 0.226169 0.475418 0.070980 0.067507
0 0.585513 0.211638 0.037445 0.037316
0 0.727972 0.632232 0.023356 0.023273
0 0.094678 0.456815 0.045949 0.045492
0 0.950113 0.525200 0.054434 0.053736
0 0.357441 0.458845 0.022717 0.022309
0 0.799735 0.061923 0.029376 0.028413
0 0.219940 0.265821 0.053939 0.052149
0 0.265460 0.456573 0.049515 0.049139
0 0.310827 0.225516 0.032414 0.032361
0 0.505263 0.728931 0.022646 0.022805
0 0.195779 0.944894 0.140645 0.110197
0 0.719026 0.832178 0.049427 0.050325
0 0.119502 0.893686 0.054049 0.051891
0 0.231952 0.437617 0.026939 0.025930
0 0.806545 0.867356 0.024195 0.024266
0 0.989164 0.684251 0.019870 0.020490
0 0.927066 0.393062 0.048200 0.047467
0 0.057218 0.663361 0.022941 0.022672
0 0.406881 0.305974 0.022198 0.021632
0 0.757378 0.735633 0.043663 0.042096
0 0.435469 0.192224 0.028893 0.029398
0 0.087856 0.576863 0.021688 0.021662
0 0.854696 0.512004 0.052212 0.051899
0 0.256624 0.917228 0.059202 0.057177
0 0.955370 0.449791 0.076052 0.080292
0 0.773790 0.095132 0.021555 0.021480
0 0.690201 0.821975 0.094391 0.096810
0 0.246720 0.161948 0.076579 0.071910
0 0.760597 0.288369 0.022949 0.022491
0 0.943954 0.075575 0.019726 0.019762
0 0.617650 0.194008 0.037313 0.035703
0 0.841918 0.798102 0.050998 0.051874
0 0.960864 0.813869 0.021001 0.020808
0 0.494152 0.683244 0.020305 0.020453
