0 0.160938 0.185755 0.027330 0.027096
0 0.729111 0.933587 0.112642 0.103526
0 0.659346 0.537795 0.030561 0.030791
0 0.709933 0.587689 0.047564 0.047213
0 0.782423 0.648650 0.025328 0.025552
0 0.775506 0.773561 0.026532 0.026293
0 0.707231 0.859488 0.036928 0.035719
0 0.912225 0.746851 0.028727 0.028523
0 0.272376 0.206473 0.021473 0.021425
0 0.218124 0.057905 0.020999 0.021178
0 0.083257 0.748611 0.060386 0.060258
0 0.785339 0.613766 0.021316 0.021108
0 0.724487 0.518034 0.044246 0.044212
0 0.611895 0.797763 0.027423 0.026728
0 0.240569 0.766472 0.023727 0.023072
0 0.490731 0.504180 0.021800 0.021778
0 0.496453 0.018442 0.022545 0.021169
0 0.700847 0.777147 0.023134 0.022483
0 0.123476 0.814295 0.080277 0.076999
0 0.181955 0.744947 0.020415 0.020595
0 0.669428 0.307419 0.023876 0.023633
0 0.441427 0.594749 0.024697 0.024630
0 0.346362 0.028976 0.046874 0.046707
0 0.224238 0.131047 0.019263 0.019208
0 0.707603 0.724882 0.020754 0.020712
0 0.823135 0.672498 0.020800 0.020936
0 0.482513 0.721173 0.058312 0.056536
0 0.250587 0.029892 0.027440 0.028221
0 0.251589 0.036732 0.038471 0.037014
0 0.403371 0.020371 0.105801 0.040315
0 0.935317 0.914344 0.024678 0.024107
0 0.722816 0.983363 0.063275 0.033267
0 0.125656 0.599174 0.029284 0.029149
0 0.088784 0.593159 0.027285 0.026738
0 0.644294 0.160494 0.022354 0.022507
