0 0.618803 0.043381 0.062367 0.060733
0 0.710894 0.713832 0.058973 0.058555
0 0.339942 0.908756 0.040969 0.040016
0 0.233666 0.217114 0.035397 0.035734
0 0.264041 0.782859 0.024381 0.024064
0 0.368291 0.260918 0.040985 0.041172
0 0.269354 0.053388 0.029433 0.029175
0 0.266175 0.327772 0.030534 0.030593
0 0.048204 0.480707 0.029713 0.031428
0 0.359291 0.229791 0.024529 0.024781
0 0.857756 0.232334 0.038445 0.038848
0 0.414699 0.985777 0.041850 0.028341
0 0.107642 0.919065 0.024969 0.026009
0 0.247114 0.793766 0.019999 0.020090
0 0.817023 0.310053 0.025801 0.025903
0 0.197332 0.314474 0.035412 0.034631
0 0.014541 0.511891 0.026380 0.025897
0 0.911929 0.762422 0.107898 0.105343
0 0.225624 0.489741 0.066056 0.064124
0 0.711435 0.529367 0.028809 0.027588
0 0.734693 0.981834 0.026851 0.025697
0 0.128528 0.912836 0.027613 0.027344
0 0.962712 0.954009 0.073877 0.091609
