0 0.531569 0.573925 0.177629 0.173984
0 0.320466 0.922194 0.103297 0.103206
0 0.335761 0.659691 0.125928 0.120667
0 0.762807 0.553682 0.097920 0.096990
0 0.651723 0.425989 0.055023 0.053595
0 0.904199 0.595618 0.097045 0.095002
0 0.599844 0.301629 0.090681 0.088949
0 0.422913 0.590517 0.063946 0.063641
0 0.308085 0.747732 0.061713 0.060191
0 0.215009 0.613416 0.063269 0.063072
0 0.730620 0.417173 0.097941 0.095403
0 0.624822 0.512227 0.042064 0.042140
0 0.462862 0.942266 0.050971 0.051011
0 0.231390 0.722908 0.046223 0.045209
0 0.438237 0.769706 0.050343 0.049936
0 0.084256 0.924173 0.093607 0.094129
0 0.179318 0.089316 0.034196 0.034425
0 0.533948 0.839243 0.051031 0.050478
0 0.138475 0.737686 0.033087 0.033035
0 0.503025 0.915203 0.040809 0.041398
0 0.590463 0.695681 0.104032 0.103435
0 0.615465 0.033264 0.044490 0.042963
0 0.225495 0.944491 0.066352 0.066785
0 0.180155 0.832425 0.054535 0.054158
0 0.128255 0.851173 0.056328 0.056280
0 0.013374 0.902633 0.026384 0.036979
0 0.071853 0.024358 0.031502 0.031847
0 0.350556 0.062605 0.056845 0.055218
0 0.182668 0.047248 0.045984 0.046407
0 0.475538 0.326962 0.035284 0.034806
0 0.633620 0.068497 0.047622 0.046719
0 0.599179 0.851605 0.210134 0.206528
0 0.495400 0.089840 0.033304 0.033230
0 0.137489 0.029489 0.057409 0.058007
0 0.762390 0.080696 0.133337 0.126152
0 0.380620 0.216046 0.055831 0.054402
0 0.910781 0.868497 0.151766 0.147020
0 0.523792 0.746172 0.072910 0.072902
0 0.570735 0.208322 0.025355 0.025532
0 0.197553 0.978926 0.052716 0.042147
0 0.443867 0.019078 0.063683 0.038156
0 0.029262 0.813188 0.057582 0.090101
0 0.558384 0.989033 0.026554 0.021934
0 0.718797 0.368307 0.029368 0.028800
0 0.669456 0.533225 0.049409 0.050264
0 0.455779 0.904439 0.034045 0.033999
0 0.735290 0.235823 0.077676 0.074860
0 0.296305 0.427700 0.026187 0.026272
0 0.190445 0.721429 0.031284 0.031511
0 0.132781 0.776056 0.028865 0.028177
0 0.298667 0.032981 0.038674 0.038341
0 0.741931 0.864486 0.059878 0.059544
0 0.625011 0.649153 0.024657 0.025010
0 0.145721 0.943283 0.024384 0.025242
0 0.380373 0.167045 0.035913 0.036425
0 0.667633 0.586870 0.053558 0.052329
0 0.680814 0.943140 0.045118 0.044614
0 0.164923 0.959130 0.036444 0.036175
0 0.064742 0.126620 0.051942 0.052279
0 0.263018 0.166704 0.027644 0.027568
0 0.430096 0.211925 0.030333 0.029447
0 0.377391 0.774622 0.026765 0.026882
0 0.782026 0.967370 0.055668 0.055837
0 0.507592 0.289967 0.032713 0.033226
0 0.378278 0.863113 0.036775 0.037284
0 0.806818 0.735968 0.035679 0.035273
0 0.638389 0.955930 0.023674 0.023691
0 0.240148 0.026834 0.098104 0.053667
0 0.711724 0.962658 0.024447 0.024230
0 0.194622 0.173337 0.027304 0.027607
0 0.816572 0.961682 0.025950 0.026558
0 0.772048 0.473671 0.023215 0.022586
0 0.429120 0.431927 0.023859 0.024244
0 0.911607 0.216074 0.024903 0.024264
0 0.084857 0.985155 0.055366 0.029690
0 0.956744 0.958717 0.081195 0.081717
0 0.731082 0.979484 0.026266 0.026715
0 0.066680 0.572382 0.020205 0.020343
0 0.468807 0.477161 0.021931 0.021757
0 0.390372 0.618563 0.025346 0.025831
0 0.707055 0.673727 0.204135 0.206605
0 0.723641 0.565068 0.023326 0.022962
0 0.744101 0.940785 0.024924 0.024941
0 0.285571 0.112721 0.023985 0.023605
0 0.519938 0.352239 0.023227 0.023282
0 0.432751 0.917047 0.021236 0.021623
0 0.955142 0.874448 0.084202 0.081596
0 0.242628 0.059797 0.021379 0.020967
0 0.101045 0.677531 0.077157 0.076349
0 0.028187 0.095310 0.035094 0.036616
0 0.388166 0.947266 0.027474 0.027542
0 0.835286 0.670499 0.022959 0.022770
0 0.487606 0.793816 0.056413 0.056604
0 0.007216 0.685616 0.014234 0.055110
0 0.608134 0.204753 0.040629 0.039490
0 0.987600 0.584086 0.024800 0.091258
0 0.741072 0.121734 0.027112 0.026457
0 0.005192 0.321675 0.010384 0.026766
0 0.141961 0.982054 0.062637 0.035893
0 0.160801 0.405929 0.318688 0.493257
0 0.951955 0.470886 0.094939 0.195843
0 0.408407 0.118135 0.022624 0.022722
0 0.753843 0.430836 0.027005 0.031232
0 0.941324 0.356697 0.063695 0.061534
0 0.681956 0.201285 0.022059 0.021762
0 0.358101 0.759319 0.024511 0.024348
0 0.881632 0.814436 0.071634 0.071756
0 0.798266 0.911388 0.073591 0.073694
0 0.521419 0.986204 0.036462 0.027235
0 0.718543 0.630333 0.073163 0.070284
0 0.032638 0.694780 0.021414 0.021824
0 0.325807 0.112318 0.022229 0.022881
0 0.302854 0.272152 0.068691 0.067470
0 0.796266 0.088781 0.075500 0.083997
0 0.289023 0.508442 0.061283 0.060726
0 0.451296 0.436452 0.062354 0.062908
