0 0.373961 0.900838 0.093805 0.093194
0 0.377848 0.568265 0.068691 0.067477
0 0.072742 0.945340 0.043313 0.042963
0 0.136776 0.608298 0.034728 0.035116
0 0.719464 0.812627 0.071787 0.071600
0 0.881463 0.869254 0.031137 0.031190
0 0.687169 0.960788 0.033520 0.032335
0 0.108828 0.395910 0.127551 0.124967
0 0.721245 0.552785 0.023252 0.023423
0 0.356018 0.964113 0.096015 0.071773
0 0.261495 0.486710 0.027119 0.026964
0 0.015471 0.741766 0.030941 0.033046
0 0.570180 0.736229 0.112127 0.112674
0 0.807939 0.615882 0.022075 0.022227
0 0.737267 0.590048 0.020657 0.020734
0 0.595560 0.552666 0.029154 0.029196
0 0.218363 0.937255 0.021637 0.021409
0 0.279863 0.012496 0.021772 0.022592
0 0.217647 0.774145 0.021232 0.020960
0 0.332803 0.433762 0.026854 0.026628
0 0.627084 0.671361 0.050767 0.050083
0 0.025053 0.400263 0.045895 0.047279
0 0.765458 0.646081 0.324109 0.302587
