0 0.511827 0.112012 0.070094 0.057519
0 0.849648 0.290239 0.039962 0.034688
0 0.901747 0.741192 0.055931 0.050274
0 0.465615 0.314198 0.042602 0.035559
0 0.297642 0.829626 0.030902 0.028301
0 0.920898 0.788880 0.044775 0.039760
0 0.264708 0.029016 0.147448 0.057759
0 0.715657 0.522056 0.067951 0.059536
0 0.643544 0.920083 0.028733 0.026005
0 0.673636 0.265026 0.031968 0.028443
0 0.972899 0.110186 0.027740 0.025422
0 0.339546 0.825714 0.026840 0.024488
0 0.057276 0.749744 0.035401 0.031290
0 0.803937 0.681620 0.027746 0.023079
0 0.352507 0.208943 0.029060 0.025136
0 0.079993 0.888568 0.029796 0.026014
0 0.842225 0.672654 0.028402 0.024560
0 0.330869 0.882533 0.025547 0.021782
0 0.812367 0.453747 0.140527 0.122266
0 0.482730 0.150595 0.028435 0.026335
0 0.456106 0.688754 0.039775 0.037359
