0 0.193244 0.474018 0.111333 0.105615
0 0.700876 0.166646 0.040513 0.038858
0 0.679673 0.506797 0.042161 0.040750
0 0.640182 0.542998 0.033017 0.031455
0 0.726422 0.383055 0.054730 0.052008
0 0.236250 0.384014 0.033522 0.032563
0 0.873504 0.563807 0.029066 0.028503
0 0.148502 0.666219 0.033013 0.031995
0 0.976466 0.724409 0.027048 0.026884
0 0.655434 0.767084 0.030825 0.030212
0 0.476902 0.065997 0.033304 0.030908
0 0.582557 0.074884 0.029913 0.028392
0 0.821292 0.493071 0.026879 0.026332
0 0.138776 0.990909 0.047383 0.018144
0 0.796782 0.979745 0.029068 0.027546
0 0.585447 0.168800 0.026829 0.026239
0 0.172891 0.515008 0.029517 0.027597
0 0.452500 0.498380 0.026042 0.025500
0 0.444368 0.327531 0.026807 0.026548
0 0.969001 0.505570 0.023870 0.023396
0 0.346603 0.702828 0.027249 0.026986
0 0.904193 0.422929 0.022060 0.021529
