0 0.635650 0.870026 0.146443 0.145188
0 0.548841 0.429410 0.042921 0.042874
0 0.668351 0.774806 0.053237 0.053138
0 0.510160 0.521447 0.038217 0.037975
0 0.898015 0.610985 0.039412 0.039194
0 0.818031 0.501705 0.079856 0.077588
0 0.490459 0.436766 0.026941 0.027499
0 0.412971 0.095826 0.089078 0.089947
0 0.772592 0.535402 0.040371 0.039252
0 0.701282 0.304659 0.048764 0.048253
0 0.840318 0.300329 0.044194 0.043558
0 0.061436 0.866689 0.034993 0.034997
0 0.943379 0.856031 0.040780 0.040777
0 0.185943 0.570385 0.034897 0.034634
0 0.977353 0.139551 0.045295 0.052778
0 0.267953 0.454984 0.031959 0.031519
0 0.067346 0.554051 0.033566 0.033662
0 0.956079 0.593849 0.087489 0.130955
0 0.557224 0.592108 0.033026 0.032992
0 0.626502 0.471114 0.030007 0.029335
0 0.652322 0.693705 0.052819 0.052684
0 0.956333 0.046035 0.026018 0.025849
0 0.140033 0.533864 0.047808 0.047023
0 0.721852 0.100548 0.321020 0.200995
0 0.021666 0.728986 0.043333 0.046207
0 0.856146 0.912025 0.025375 0.025295
0 0.607476 0.564197 0.035966 0.035035
0 0.249996 0.235526 0.440834 0.445003
0 0.802569 0.871760 0.024959 0.024959
0 0.836206 0.623318 0.039216 0.038836
0 0.392143 0.777623 0.054628 0.055654
0 0.318671 0.783729 0.055327 0.055554
0 0.983150 0.918751 0.024505 0.023729
0 0.928513 0.794089 0.024535 0.024296
0 0.684770 0.628366 0.024553 0.024393
0 0.074274 0.753951 0.064999 0.064693
0 0.562233 0.705326 0.145225 0.141488
0 0.254312 0.397505 0.027221 0.026594
0 0.931323 0.060810 0.023422 0.023726
0 0.982702 0.092442 0.024482 0.024222
0 0.341985 0.950961 0.031908 0.030714
0 0.938374 0.361468 0.122894 0.217417
0 0.619196 0.291999 0.023670 0.024188
0 0.703079 0.482252 0.074821 0.074200
0 0.803912 0.962879 0.022445 0.021850
0 0.144168 0.661860 0.036531 0.036585
0 0.971930 0.663479 0.049438 0.050014
0 0.989103 0.503461 0.021323 0.024668
0 0.293139 0.415485 0.026907 0.027092
0 0.988671 0.224891 0.022658 0.029030
0 0.062157 0.718142 0.040915 0.040821
0 0.375237 0.841070 0.057765 0.056294
0 0.637125 0.276426 0.024414 0.024190
0 0.814021 0.391070 0.026221 0.026084
0 0.980264 0.202444 0.023071 0.022410
0 0.667418 0.501417 0.024640 0.023679
0 0.214936 0.218486 0.023339 0.022879
0 0.653421 0.716042 0.032026 0.027616
0 0.777965 0.636370 0.030524 0.031222
0 0.007000 0.474642 0.014000 0.037733
0 0.420948 0.232798 0.021101 0.020955
0 0.418805 0.442373 0.139697 0.140964
0 0.451179 0.734996 0.048787 0.048980
0 0.477829 0.323616 0.069314 0.068323
0 0.930229 0.929807 0.029809 0.030165
0 0.786907 0.651656 0.029489 0.028565
0 0.326484 0.925816 0.029446 0.028685
0 0.872176 0.574555 0.024406 0.024063
0 0.176159 0.659552 0.022542 0.022572
0 0.917097 0.194197 0.160286 0.168140
0 0.220441 0.400848 0.021637 0.021768
0 0.879367 0.708126 0.021573 0.021965
0 0.703160 0.564314 0.087378 0.091203
0 0.291925 0.751958 0.030123 0.030069
0 0.134453 0.307126 0.027224 0.026685
0 0.523886 0.646137 0.020609 0.020703
0 0.252943 0.156507 0.025089 0.024939
0 0.855305 0.650846 0.019510 0.019746
0 0.484770 0.749476 0.026859 0.027872
0 0.677083 0.553623 0.022520 0.020798
0 0.530869 0.491096 0.026003 0.025870
0 0.988365 0.742169 0.023269 0.027689
0 0.586384 0.574943 0.019615 0.019018
0 0.321311 0.888591 0.025779 0.025504
0 0.583059 0.291114 0.046372 0.046105
0 0.911510 0.009740 0.020521 0.019019
