0 0.366193 0.807240 0.043935 0.043549
0 0.764888 0.924679 0.040308 0.039864
0 0.543028 0.359288 0.036572 0.036229
0 0.380842 0.020998 0.054520 0.041938
0 0.802379 0.840640 0.037427 0.036601
0 0.125796 0.401330 0.044354 0.043989
0 0.253465 0.721252 0.053578 0.051638
0 0.303175 0.117639 0.040627 0.039273
0 0.138683 0.685782 0.033311 0.033355
0 0.193654 0.783459 0.037449 0.037225
0 0.836739 0.885088 0.044381 0.042969
0 0.025960 0.481110 0.040389 0.039595
0 0.877137 0.462099 0.037999 0.036670
0 0.656482 0.887883 0.037640 0.036086
0 0.844171 0.652057 0.039047 0.037795
0 0.936493 0.800078 0.060963 0.058097
0 0.457837 0.030040 0.068490 0.059554
0 0.938319 0.505323 0.032066 0.031377
0 0.894358 0.360800 0.031089 0.030966
0 0.065674 0.392313 0.038583 0.037927
0 0.588257 0.350969 0.059173 0.060315
0 0.567840 0.316637 0.047271 0.047808
0 0.210995 0.355211 0.051559 0.051930
0 0.069519 0.853720 0.022684 0.022567
0 0.632515 0.967092 0.026679 0.025825
0 0.697573 0.893185 0.027640 0.028052
0 0.752618 0.991791 0.031919 0.015795
0 0.945764 0.207361 0.027752 0.027618
0 0.033760 0.729830 0.058727 0.058710
0 0.150669 0.226489 0.027776 0.028545
0 0.844122 0.415272 0.064585 0.063004
0 0.208078 0.854583 0.026328 0.025713
0 0.629324 0.404685 0.081678 0.078674
0 0.359150 0.934526 0.037210 0.035297
0 0.840436 0.181202 0.139990 0.131161
0 0.080676 0.134780 0.032123 0.032525
0 0.430164 0.202439 0.023487 0.023274
