0 0.183114 0.263034 0.171635 0.160695
0 0.708739 0.334438 0.033473 0.032333
0 0.603623 0.090948 0.092190 0.086598
0 0.065228 0.571384 0.062728 0.059041
0 0.381380 0.185458 0.061227 0.058379
0 0.959865 0.931239 0.080271 0.128716
0 0.487715 0.375274 0.026234 0.025835
0 0.664773 0.984554 0.044402 0.030796
0 0.465091 0.112676 0.117905 0.112831
0 0.495451 0.628031 0.027383 0.026880
0 0.622855 0.357442 0.025690 0.025465
0 0.503720 0.043433 0.105097 0.086867
0 0.988154 0.707833 0.022973 0.069643
0 0.551422 0.300219 0.024252 0.023525
0 0.152188 0.623052 0.033231 0.030974
0 0.628063 0.770519 0.026600 0.025856
0 0.451023 0.762003 0.025408 0.025281
0 0.317796 0.335941 0.045825 0.044110
0 0.336732 0.150836 0.039606 0.038227
0 0.397620 0.124439 0.084167 0.080089
0 0.483574 0.667452 0.024258 0.023958
0 0.987791 0.853618 0.023062 0.024366
0 0.178064 0.854725 0.025394 0.025586
0 0.494341 0.890560 0.035459 0.033852
0 0.758480 0.322418 0.026086 0.025239
0 0.335604 0.879698 0.025268 0.025398
0 0.300002 0.103721 0.032422 0.030664
0 0.094481 0.391945 0.025627 0.024636
0 0.504951 0.481703 0.026088 0.025535
0 0.139167 0.580400 0.026391 0.025907
0 0.293119 0.252104 0.052364 0.051343
0 0.105973 0.638304 0.035669 0.034102
0 0.825469 0.563301 0.024359 0.024065
0 0.958138 0.578470 0.040554 0.040294
0 0.411646 0.749705 0.021829 0.021774
0 0.176837 0.589701 0.028393 0.027210
