0 0.246283 0.276579 0.132981 0.109920
0 0.083584 0.248688 0.164564 0.153801
0 0.787448 0.525519 0.194709 0.161555
0 0.691335 0.629148 0.274623 0.221316
0 0.338608 0.175739 0.064318 0.058932
0 0.548127 0.549441 0.084677 0.066966
0 0.732793 0.844125 0.053373 0.042994
0 0.731701 0.203682 0.044278 0.037574
0 0.046363 0.968074 0.090599 0.060959
0 0.138458 0.649168 0.036373 0.029962
0 0.479805 0.833817 0.077820 0.059032
0 0.118002 0.930388 0.115865 0.092809
0 0.855417 0.261219 0.165585 0.126262
0 0.096362 0.471452 0.050420 0.040446
0 0.241721 0.079199 0.036903 0.034787
0 0.026147 0.410348 0.052234 0.066027
0 0.562125 0.779257 0.037552 0.032348
0 0.511558 0.744968 0.119070 0.093808
0 0.502622 0.794203 0.067941 0.056247
0 0.344640 0.354962 0.071976 0.064356
0 0.691096 0.332571 0.039891 0.035278
0 0.920467 0.647378 0.046294 0.039889
0 0.979712 0.242886 0.040577 0.059864
0 0.557324 0.906440 0.075945 0.057598
0 0.164952 0.977781 0.052482 0.040521
0 0.779009 0.317806 0.127335 0.108131
0 0.705857 0.182014 0.031743 0.026994
0 0.677459 0.117624 0.028502 0.023944
0 0.054495 0.740810 0.107857 0.252847
0 0.601436 0.798480 0.184366 0.139342
0 0.685735 0.398319 0.063631 0.055993
0 0.482599 0.649921 0.097857 0.075659
0 0.565587 0.435610 0.106893 0.098836
0 0.015600 0.013980 0.031199 0.027837
0 0.305567 0.758928 0.031775 0.027012
0 0.220262 0.501443 0.202566 0.158480
0 0.440750 0.910170 0.028251 0.025541
0 0.211881 0.097120 0.028474 0.026725
0 0.511432 0.171207 0.029382 0.025457
0 0.505112 0.979965 0.062215 0.038848
