0 0.203238 0.602635 0.098127 0.097908
0 0.141013 0.714708 0.029716 0.029423
0 0.209054 0.918015 0.025013 0.025524
0 0.675071 0.719405 0.025557 0.025514
0 0.371872 0.799798 0.045362 0.045023
0 0.943216 0.380589 0.028647 0.028369
0 0.084035 0.163111 0.060917 0.060584
0 0.684793 0.215956 0.029791 0.030034
0 0.168300 0.752721 0.022594 0.022159
0 0.049926 0.527771 0.038799 0.038605
0 0.169672 0.783077 0.023494 0.023540
0 0.546031 0.040823 0.021467 0.021178
0 0.413258 0.695953 0.026985 0.027133
0 0.108284 0.889522 0.074854 0.074999
0 0.487954 0.775161 0.028181 0.028018
0 0.128984 0.130232 0.023963 0.024508
0 0.473436 0.462472 0.027268 0.027543
0 0.431813 0.728493 0.023488 0.023186
0 0.254306 0.028559 0.064596 0.057118
0 0.070600 0.453117 0.023637 0.023393
0 0.899860 0.519778 0.020871 0.020990
0 0.067124 0.793214 0.121906 0.123751
0 0.553090 0.653170 0.022697 0.022025
0 0.901495 0.185062 0.195181 0.367415
0 0.293555 0.866548 0.070447 0.069212
0 0.214806 0.006559 0.026485 0.013023
0 0.177762 0.756480 0.158203 0.151633
0 0.424114 0.049863 0.058772 0.057483
0 0.137764 0.150321 0.271123 0.300641
0 0.025470 0.179312 0.050940 0.173741
0 0.106489 0.426207 0.029183 0.029090
0 0.012783 0.461539 0.021385 0.021158
0 0.576139 0.992868 0.023452 0.014104
0 0.110859 0.576077 0.059590 0.059988
0 0.114272 0.305154 0.046776 0.048505
0 0.431956 0.577842 0.060771 0.060899
0 0.042088 0.971098 0.076340 0.057804
