0 0.056522 0.118131 0.026322 0.026014
0 0.116590 0.006860 0.024622 0.013719
0 0.100630 0.323085 0.033726 0.033624
0 0.492438 0.111904 0.071791 0.072241
0 0.210524 0.330755 0.028087 0.028506
0 0.015468 0.498951 0.030868 0.040450
0 0.343135 0.111539 0.025493 0.025872
0 0.015254 0.243810 0.024732 0.024586
0 0.313966 0.146324 0.033698 0.034316
0 0.325138 0.353349 0.026511 0.026827
0 0.499238 0.068126 0.030603 0.030308
0 0.479032 0.158042 0.068475 0.069104
0 0.265036 0.334444 0.022767 0.023195
0 0.008369 0.215537 0.016738 0.023028
0 0.250964 0.353160 0.021467 0.021727
0 0.274427 0.975884 0.050781 0.048041
0 0.049113 0.688521 0.020276 0.020542
0 0.537429 0.893449 0.028782 0.029070
0 0.154105 0.327667 0.020489 0.021057
0 0.068995 0.257485 0.026087 0.024148
0 0.436311 0.619069 0.026624 0.026595
0 0.389476 0.714621 0.059974 0.057219
0 0.546064 0.488928 0.023168 0.023187
0 0.212495 0.883192 0.020848 0.021145
0 0.304278 0.811570 0.026770 0.026899
0 0.005216 0.130492 0.010433 0.024268
