0 0.295918 0.174337 0.085740 0.086981
0 0.162386 0.637629 0.132069 0.131058
0 0.223133 0.273201 0.047908 0.047416
0 0.556382 0.273132 0.031559 0.031523
0 0.658113 0.341890 0.043628 0.043832
0 0.487350 0.423052 0.033809 0.033575
0 0.240423 0.556522 0.039702 0.039318
0 0.392891 0.543623 0.028193 0.027687
0 0.700632 0.129076 0.028750 0.029023
0 0.725638 0.926660 0.070790 0.071123
0 0.334190 0.255018 0.027237 0.027233
0 0.579920 0.684842 0.044372 0.044574
0 0.301956 0.912708 0.055353 0.055035
0 0.382820 0.705753 0.031674 0.032111
0 0.597514 0.535377 0.024977 0.024679
0 0.249843 0.784840 0.031436 0.031672
0 0.303991 0.284717 0.029497 0.030018
0 0.878607 0.718629 0.050830 0.050658
0 0.355053 0.635884 0.033014 0.032505
0 0.086108 0.564539 0.026498 0.026350
0 0.437777 0.915106 0.037082 0.037187
0 0.519522 0.247921 0.035100 0.034992
0 0.550086 0.334531 0.048301 0.048240
0 0.646120 0.047745 0.038780 0.039449
0 0.336052 0.788010 0.028255 0.028148
0 0.254263 0.940101 0.040309 0.040165
0 0.347280 0.827746 0.034216 0.033736
0 0.400123 0.372576 0.022918 0.022639
0 0.614743 0.214711 0.031844 0.031623
0 0.883274 0.955648 0.030634 0.031231
0 0.358259 0.678122 0.028441 0.028716
0 0.566372 0.012165 0.044528 0.024331
0 0.271440 0.729332 0.023608 0.023535
0 0.171083 0.482233 0.026894 0.026653
0 0.038943 0.911978 0.069613 0.070895
0 0.934357 0.798759 0.026324 0.026551
0 0.483483 0.887853 0.026729 0.026896
0 0.644550 0.828077 0.032742 0.032973
0 0.135582 0.849462 0.025074 0.025297
0 0.950737 0.245149 0.024166 0.024444
0 0.437649 0.659328 0.093356 0.093258
0 0.010231 0.603896 0.020461 0.031931
0 0.626191 0.705406 0.029052 0.029231
0 0.212971 0.143582 0.032527 0.031989
0 0.345256 0.500703 0.027519 0.027224
0 0.156611 0.335969 0.021201 0.021323
0 0.629724 0.637312 0.026472 0.026486
0 0.753086 0.171883 0.077273 0.076145
0 0.312643 0.845818 0.032895 0.033269
0 0.604970 0.656690 0.026800 0.026619
0 0.287097 0.030970 0.106751 0.061810
0 0.467221 0.280324 0.020820 0.020853
0 0.298530 0.857598 0.021195 0.021725
0 0.826630 0.712970 0.031112 0.030685
0 0.642807 0.506994 0.026347 0.026628
0 0.936217 0.067451 0.041507 0.041072
0 0.052974 0.267037 0.041167 0.040600
0 0.255890 0.988512 0.026683 0.022976
0 0.186650 0.526994 0.022338 0.022311
0 0.056514 0.485672 0.105428 0.105666
0 0.153161 0.173247 0.022376 0.022220
0 0.053550 0.738495 0.107100 0.220963
0 0.307468 0.611115 0.025685 0.026128
0 0.358443 0.541587 0.024671 0.025478
0 0.115586 0.197754 0.021937 0.021594
0 0.550328 0.085628 0.022672 0.022182
0 0.671368 0.226723 0.084513 0.083892
0 0.849128 0.054775 0.041245 0.041137
0 0.913716 0.950106 0.025410 0.025207
0 0.838792 0.523667 0.045768 0.044026
0 0.990481 0.474527 0.019039 0.030697
0 0.744530 0.588459 0.020492 0.020568
0 0.847240 0.165465 0.022320 0.022300
0 0.388031 0.169065 0.056139 0.055437
0 0.323901 0.425081 0.021818 0.021468
0 0.036717 0.035280 0.019508 0.019251
0 0.386350 0.841984 0.021785 0.022040
0 0.974119 0.971191 0.051761 0.057618
0 0.099191 0.964929 0.020794 0.020410
0 0.851652 0.883333 0.020192 0.020478
0 0.578230 0.063959 0.023710 0.023246
0 0.721066 0.879905 0.032612 0.033347
0 0.729167 0.608803 0.038710 0.039756
0 0.590392 0.717615 0.022058 0.022013
