0 0.517796 0.802898 0.292996 0.253822
0 0.818177 0.801617 0.078076 0.072452
0 0.824892 0.518966 0.036336 0.035550
0 0.344887 0.565156 0.042062 0.040645
0 0.400375 0.020274 0.044284 0.039361
0 0.696744 0.611695 0.054206 0.051997
0 0.610961 0.120335 0.049894 0.048066
0 0.498366 0.053241 0.030829 0.030738
0 0.493687 0.493160 0.043367 0.042245
0 0.034808 0.662105 0.029208 0.028159
0 0.966810 0.943527 0.052667 0.051587
0 0.879231 0.813487 0.028836 0.028645
0 0.035028 0.910113 0.033864 0.031828
0 0.819801 0.654257 0.079985 0.077561
0 0.785087 0.619865 0.029058 0.028773
0 0.539999 0.194555 0.172908 0.163624
0 0.415806 0.671306 0.044687 0.042321
0 0.567886 0.946068 0.022124 0.021340
0 0.715118 0.333536 0.032568 0.031856
0 0.402127 0.980549 0.042280 0.037521
0 0.099478 0.964948 0.038010 0.037188
0 0.455480 0.442578 0.037452 0.036464
0 0.992595 0.711493 0.014810 0.024834
0 0.734674 0.447792 0.105888 0.099089
0 0.829720 0.601906 0.039072 0.039619
0 0.107259 0.329174 0.040722 0.040101
0 0.503230 0.079006 0.021841 0.021304
0 0.369455 0.151775 0.107867 0.101444
0 0.427099 0.549062 0.024404 0.023788
