0 0.628261 0.766920 0.092706 0.072411
0 0.185832 0.442721 0.070668 0.057146
0 0.193486 0.195923 0.039762 0.032491
0 0.297423 0.923809 0.048308 0.036698
0 0.324257 0.774720 0.045523 0.036220
0 0.484539 0.839114 0.037030 0.030353
0 0.249326 0.989648 0.042399 0.020042
0 0.181296 0.556720 0.043928 0.037733
0 0.264641 0.764783 0.041875 0.033833
0 0.511659 0.027453 0.032936 0.027889
0 0.443415 0.935531 0.032310 0.028142
0 0.299068 0.856460 0.035041 0.029498
0 0.529013 0.639416 0.034069 0.027482
0 0.799146 0.435832 0.037639 0.028650
0 0.524729 0.055448 0.029911 0.026175
0 0.349030 0.811034 0.037124 0.029655
0 0.222973 0.662605 0.043167 0.036753
0 0.748147 0.346688 0.041686 0.034743
0 0.668941 0.674621 0.034398 0.026382
0 0.018911 0.250869 0.029220 0.024157
0 0.167624 0.591330 0.034726 0.031571
0 0.798548 0.396381 0.034931 0.028846
