0 0.558676 0.742293 0.255617 0.231998
0 0.496166 0.487658 0.036407 0.036072
0 0.369545 0.559604 0.037282 0.036660
0 0.789607 0.693643 0.035949 0.035889
0 0.235813 0.011763 0.045512 0.023371
0 0.210322 0.567313 0.034328 0.032520
0 0.434155 0.392586 0.044613 0.043364
0 0.645306 0.190064 0.031859 0.030329
0 0.772820 0.881075 0.182999 0.176355
0 0.354960 0.888292 0.028249 0.027673
0 0.934809 0.534964 0.130178 0.288957
0 0.877179 0.054041 0.037876 0.034265
0 0.555725 0.417283 0.025231 0.025007
0 0.908369 0.857731 0.088314 0.087758
