0 0.331553 0.576725 0.181041 0.181979
0 0.929121 0.954997 0.026834 0.026596
0 0.742879 0.248784 0.375908 0.356226
0 0.826511 0.492282 0.031975 0.032372
0 0.213006 0.343929 0.182631 0.174911
0 0.574727 0.492801 0.026449 0.027137
0 0.135134 0.967769 0.054724 0.052334
0 0.444729 0.214456 0.143931 0.144554
0 0.113969 0.480870 0.181797 0.180874
0 0.664721 0.629670 0.031832 0.031238
0 0.790798 0.545418 0.027072 0.026692
0 0.967153 0.610821 0.023389 0.023533
0 0.401246 0.106295 0.091492 0.090365
0 0.738987 0.022831 0.051162 0.045662
0 0.223631 0.340242 0.040360 0.039290
0 0.961458 0.397182 0.032935 0.032753
0 0.574999 0.747603 0.038674 0.037180
0 0.992286 0.544233 0.015427 0.022527
0 0.369650 0.037180 0.123771 0.074361
0 0.263391 0.181322 0.029892 0.028277
0 0.467367 0.645620 0.025036 0.025174
0 0.439795 0.336602 0.022149 0.022350
0 0.413327 0.842077 0.027208 0.026190
0 0.949551 0.145533 0.028857 0.028937
0 0.739088 0.889486 0.024907 0.024095
0 0.559206 0.035975 0.097330 0.071601
0 0.535401 0.966329 0.030482 0.030237
0 0.687010 0.992828 0.033515 0.014345
0 0.858406 0.731018 0.073801 0.074948
0 0.285240 0.148270 0.026199 0.026058
0 0.059899 0.594542 0.082181 0.080627
0 0.667111 0.758379 0.048057 0.047451
0 0.957047 0.732933 0.026494 0.025397
0 0.600855 0.080356 0.056154 0.054793
0 0.523286 0.397069 0.023333 0.023598
0 0.507852 0.057616 0.172360 0.115232
0 0.328526 0.791116 0.024035 0.023836
0 0.512721 0.515697 0.020441 0.020428
0 0.593088 0.988596 0.033083 0.022808
0 0.465243 0.520325 0.020537 0.020520
0 0.627779 0.446901 0.021379 0.021113
0 0.032595 0.743197 0.023131 0.022577
0 0.706376 0.777038 0.041076 0.040888
0 0.913049 0.112650 0.071323 0.069911
0 0.920159 0.670380 0.022580 0.022739
0 0.118262 0.990643 0.045740 0.018654
0 0.600064 0.735826 0.026191 0.026899
0 0.071182 0.157975 0.053653 0.052498
0 0.808939 0.010096 0.033627 0.020191
0 0.980661 0.235012 0.022467 0.022264
0 0.331592 0.563125 0.024516 0.024156
0 0.589704 0.686709 0.022843 0.022888
0 0.743632 0.580068 0.021687 0.021812
0 0.297030 0.090107 0.086332 0.085406
0 0.687980 0.929444 0.023155 0.022812
0 0.767042 0.487778 0.020401 0.020354
0 0.783539 0.602731 0.021935 0.021758
0 0.052138 0.096545 0.104277 0.193089
