0 0.799203 0.110988 0.103449 0.104670
0 0.353822 0.297088 0.062296 0.062087
0 0.192116 0.657977 0.041020 0.041071
0 0.199247 0.310334 0.071394 0.070984
0 0.916279 0.395428 0.056374 0.056459
0 0.948602 0.610417 0.028302 0.028729
0 0.788416 0.797826 0.047965 0.047733
0 0.606922 0.208860 0.052419 0.052488
0 0.865356 0.772968 0.032717 0.032546
0 0.960085 0.707793 0.032940 0.033330
0 0.921259 0.168505 0.023770 0.023435
0 0.917412 0.012155 0.024691 0.024144
0 0.690571 0.081585 0.042491 0.042798
0 0.090463 0.426549 0.032267 0.032442
0 0.982411 0.686995 0.025602 0.025178
0 0.145194 0.646878 0.061952 0.061821
0 0.109154 0.401517 0.026704 0.025979
0 0.060822 0.019164 0.033303 0.033777
0 0.847431 0.025927 0.023798 0.023146
0 0.163295 0.406212 0.022936 0.022417
0 0.068561 0.551639 0.068727 0.068648
0 0.987985 0.069725 0.024030 0.031653
0 0.083415 0.372761 0.046896 0.046904
0 0.761559 0.058804 0.028644 0.029033
0 0.955708 0.511105 0.035549 0.035668
0 0.864610 0.648296 0.025295 0.025242
0 0.928265 0.038487 0.028482 0.028737
0 0.275660 0.261899 0.026719 0.026677
0 0.876179 0.017249 0.031110 0.031450
0 0.754251 0.644722 0.031519 0.032399
0 0.147444 0.556261 0.044042 0.044073
0 0.926583 0.687670 0.022811 0.022454
0 0.277652 0.407868 0.034812 0.034741
0 0.622405 0.856444 0.061232 0.061077
0 0.311362 0.147840 0.053613 0.053519
0 0.744255 0.072274 0.026985 0.026253
0 0.884559 0.074178 0.051682 0.051932
0 0.613040 0.350190 0.041897 0.042523
0 0.767643 0.170393 0.021030 0.021685
0 0.048154 0.746448 0.039928 0.041408
0 0.819821 0.810156 0.023781 0.024256
0 0.398088 0.794392 0.059599 0.059816
0 0.790295 0.444610 0.052976 0.051813
0 0.875934 0.748393 0.022092 0.022195
0 0.070156 0.764773 0.038198 0.038958
0 0.166462 0.508350 0.030534 0.031041
0 0.933749 0.492208 0.032246 0.030544
0 0.093515 0.283340 0.048750 0.047439
0 0.222346 0.419398 0.034893 0.035043
0 0.118294 0.522143 0.048963 0.048714
0 0.094982 0.777119 0.028675 0.029335
0 0.054939 0.293322 0.107219 0.109072
0 0.249111 0.670508 0.028311 0.028372
0 0.353693 0.146787 0.029085 0.029420
0 0.639397 0.239583 0.020129 0.020374
0 0.242598 0.452451 0.051329 0.050970
0 0.275923 0.475690 0.032326 0.032500
0 0.827436 0.471095 0.020562 0.020961
0 0.607467 0.057977 0.041439 0.043045
0 0.910468 0.514092 0.023049 0.022775
0 0.610745 0.289018 0.046905 0.044756
0 0.280568 0.310390 0.025023 0.025154
0 0.241257 0.264898 0.055389 0.056065
0 0.854783 0.375930 0.022894 0.022777
0 0.187153 0.551778 0.040236 0.038905
0 0.918163 0.592874 0.021175 0.021579
0 0.586130 0.038069 0.047285 0.049074
0 0.118243 0.373347 0.021546 0.021914
0 0.025377 0.388265 0.050741 0.099024
0 0.706523 0.724217 0.066357 0.065028
0 0.247080 0.527341 0.077541 0.079407
0 0.615025 0.734194 0.076071 0.075949
0 0.715383 0.308597 0.061312 0.062996
0 0.679082 0.052205 0.021237 0.020986
0 0.899552 0.656307 0.025966 0.026583
0 0.354304 0.881500 0.041596 0.040798
0 0.508017 0.226903 0.025842 0.026262
0 0.253775 0.247653 0.031439 0.031378
0 0.610719 0.683407 0.022303 0.022265
0 0.741764 0.402221 0.044578 0.044879
0 0.401542 0.726482 0.027086 0.027397
0 0.594782 0.333561 0.019768 0.019889
0 0.579169 0.346933 0.029585 0.030455
0 0.168458 0.438822 0.067199 0.066324
0 0.658924 0.747563 0.030996 0.031068
0 0.851919 0.533180 0.074412 0.075020
0 0.323966 0.383234 0.033669 0.032828
0 0.480987 0.154137 0.021340 0.021938
0 0.346140 0.269537 0.022929 0.022487
0 0.792934 0.020832 0.039414 0.036909
