0 0.865357 0.486035 0.061731 0.056567
0 0.905650 0.820056 0.037144 0.034515
0 0.874953 0.648858 0.047084 0.044713
0 0.671606 0.281515 0.205874 0.186273
0 0.935414 0.614570 0.027220 0.026621
0 0.056866 0.682316 0.049134 0.042652
0 0.681238 0.362991 0.040013 0.038674
0 0.859752 0.864092 0.030878 0.030137
0 0.886014 0.539171 0.070246 0.066726
0 0.497219 0.797374 0.030867 0.028339
0 0.946157 0.447374 0.059579 0.054562
0 0.813929 0.257844 0.074554 0.068094
0 0.922585 0.286296 0.070908 0.067491
0 0.806249 0.534804 0.060709 0.056122
0 0.256558 0.648563 0.037739 0.031745
0 0.548781 0.288841 0.062246 0.054763
0 0.073965 0.428350 0.045499 0.037308
0 0.834123 0.662358 0.028987 0.028405
0 0.908188 0.174105 0.183418 0.245628
0 0.925518 0.721111 0.023048 0.021935
0 0.863870 0.764140 0.023588 0.022805
0 0.768147 0.735426 0.027375 0.025921
0 0.743364 0.477004 0.029202 0.027195
0 0.848119 0.837607 0.022566 0.021827
0 0.697073 0.098933 0.263565 0.196411
0 0.974922 0.312665 0.048780 0.064881
0 0.345343 0.208101 0.042576 0.032212
0 0.320719 0.392658 0.072580 0.063316
0 0.965204 0.422031 0.024043 0.022157
0 0.684036 0.555099 0.044981 0.041355
0 0.851083 0.708531 0.020839 0.020429
0 0.824257 0.769652 0.028332 0.025904
0 0.887232 0.701916 0.020627 0.020337
0 0.712615 0.299182 0.024458 0.022695
0 0.276744 0.152453 0.151293 0.136691
0 0.813511 0.615380 0.045063 0.042439
0 0.865319 0.050107 0.057373 0.054425
0 0.688778 0.398334 0.031675 0.031633
0 0.889091 0.842468 0.022607 0.023487
0 0.458987 0.180392 0.026970 0.024565
0 0.478637 0.916088 0.037668 0.033073
0 0.787821 0.973066 0.161144 0.053869
0 0.989950 0.800931 0.019058 0.020471
0 0.087644 0.258315 0.028956 0.025946
0 0.146603 0.628658 0.026703 0.025583
