0 0.666896 0.199469 0.029769 0.029649
0 0.704510 0.408316 0.054331 0.053799
0 0.922392 0.597035 0.047666 0.046510
0 0.616807 0.412726 0.039503 0.039048
0 0.193687 0.475294 0.055989 0.054185
0 0.811937 0.880985 0.027799 0.027832
0 0.259097 0.361879 0.023608 0.023330
0 0.646914 0.275476 0.033229 0.031121
0 0.583067 0.243439 0.025428 0.024655
0 0.713823 0.152546 0.022874 0.022711
0 0.333533 0.349672 0.022123 0.022195
0 0.642329 0.252698 0.030445 0.030235
0 0.358852 0.663535 0.023093 0.022932
0 0.278000 0.277024 0.022407 0.022374
0 0.853703 0.937046 0.021847 0.021259
0 0.667038 0.114001 0.021544 0.021363
0 0.552119 0.186234 0.020893 0.020349
0 0.293729 0.824366 0.019241 0.018971
0 0.757195 0.826593 0.020700 0.020493
0 0.639654 0.295480 0.019650 0.019724
