0 0.712087 0.393133 0.300985 0.298574
0 0.589146 0.559174 0.032776 0.032328
0 0.935831 0.924703 0.113193 0.108802
0 0.684370 0.623499 0.036686 0.036528
0 0.863027 0.866383 0.081457 0.079658
0 0.215479 0.491021 0.035585 0.035508
0 0.789087 0.884276 0.052335 0.051480
0 0.634870 0.687468 0.029959 0.029722
0 0.484603 0.197808 0.061394 0.060689
0 0.325890 0.130855 0.362469 0.261259
0 0.540175 0.820135 0.031411 0.031675
0 0.534486 0.774763 0.025339 0.025669
0 0.381135 0.337255 0.177827 0.177906
0 0.568608 0.795750 0.037108 0.036414
0 0.568717 0.455911 0.038901 0.038550
0 0.591182 0.626719 0.032951 0.033401
0 0.979211 0.793676 0.041577 0.047697
0 0.290828 0.657862 0.034507 0.034239
0 0.804963 0.911042 0.023609 0.023354
0 0.190140 0.223511 0.080005 0.080780
0 0.350282 0.740766 0.089867 0.089172
0 0.540919 0.119302 0.062845 0.062585
0 0.818407 0.816951 0.033847 0.033284
0 0.100110 0.118670 0.050657 0.050010
0 0.166293 0.525976 0.025678 0.025563
0 0.430888 0.737398 0.050448 0.049132
0 0.530962 0.924666 0.090569 0.088932
0 0.904269 0.721065 0.023741 0.023093
0 0.310011 0.986267 0.028258 0.026634
0 0.434302 0.339480 0.053188 0.052895
0 0.106004 0.749231 0.211554 0.252208
0 0.551959 0.482661 0.027047 0.026924
0 0.588455 0.727100 0.068496 0.068219
0 0.359924 0.788555 0.024081 0.023924
0 0.325305 0.458093 0.042414 0.041371
0 0.024702 0.204377 0.024952 0.024677
0 0.043139 0.036531 0.032777 0.032559
0 0.254072 0.861150 0.033128 0.033234
0 0.841239 0.249231 0.061862 0.062437
0 0.585128 0.603282 0.023643 0.023675
0 0.260875 0.789451 0.030028 0.029180
0 0.700999 0.068939 0.029641 0.028449
0 0.910453 0.190884 0.024291 0.024117
0 0.649423 0.044164 0.026415 0.025994
0 0.727961 0.681216 0.060464 0.060700
0 0.921579 0.597082 0.080304 0.076926
0 0.265767 0.083762 0.024562 0.024442
0 0.585405 0.321895 0.026765 0.027316
0 0.022513 0.261439 0.045025 0.049788
0 0.377039 0.515495 0.035236 0.034803
0 0.452909 0.710972 0.040238 0.039223
0 0.348901 0.440344 0.034694 0.035439
0 0.182553 0.575919 0.025721 0.026014
0 0.447014 0.923235 0.023029 0.021586
0 0.274571 0.981621 0.020720 0.020697
0 0.299714 0.958343 0.023319 0.024059
0 0.132545 0.981702 0.052022 0.036288
0 0.312693 0.891631 0.021397 0.021414
0 0.547378 0.970281 0.105480 0.058769
0 0.057065 0.179266 0.032216 0.031886
0 0.914349 0.420210 0.019615 0.019517
0 0.227730 0.802509 0.041461 0.040018
0 0.400958 0.112076 0.043599 0.044838
0 0.498654 0.785943 0.031602 0.031964
0 0.075975 0.026319 0.029919 0.029746
0 0.989172 0.730204 0.019355 0.020896
0 0.013108 0.430433 0.021309 0.021029
0 0.276250 0.766633 0.022937 0.023817
0 0.039680 0.767562 0.022619 0.023157
0 0.990911 0.834951 0.017875 0.058593
0 0.467246 0.792322 0.023369 0.022877
0 0.042174 0.614267 0.044870 0.043655
0 0.619610 0.042196 0.025286 0.024724
0 0.268870 0.006186 0.021618 0.012373
0 0.055323 0.069003 0.037929 0.037290
0 0.454343 0.763164 0.021339 0.021181
0 0.075139 0.098861 0.027837 0.027687
0 0.473615 0.892808 0.040360 0.041438
0 0.384078 0.840039 0.020431 0.020268
0 0.306088 0.872702 0.021700 0.021474
0 0.863177 0.918382 0.019453 0.019354
0 0.171599 0.667215 0.044085 0.044867
0 0.966374 0.624020 0.032457 0.033308
0 0.284397 0.621272 0.031096 0.030878
0 0.804079 0.796503 0.021075 0.021566
0 0.692534 0.027892 0.023615 0.022908
0 0.502886 0.327968 0.096458 0.093793
0 0.506970 0.814718 0.023792 0.023634
0 0.259330 0.579534 0.021952 0.022103
0 0.904104 0.538860 0.181892 0.181751
0 0.934188 0.546420 0.028594 0.029232
0 0.795796 0.605690 0.038751 0.037486
0 0.387008 0.858975 0.024578 0.023502
0 0.746285 0.694928 0.093160 0.090831
0 0.358499 0.871075 0.023822 0.023829
0 0.497010 0.850101 0.079251 0.079073
