0 0.592078 0.484953 0.108191 0.095247
0 0.478860 0.708448 0.093114 0.078810
0 0.345301 0.768115 0.083740 0.065798
0 0.423588 0.905197 0.058318 0.048824
0 0.353489 0.691511 0.049291 0.040956
0 0.679773 0.556411 0.076728 0.063197
0 0.736514 0.972370 0.045440 0.040466
0 0.511880 0.748117 0.050944 0.043834
0 0.218878 0.441682 0.059854 0.046850
0 0.451354 0.657135 0.045306 0.037006
0 0.409253 0.958180 0.030858 0.027538
0 0.692333 0.909779 0.033065 0.029654
0 0.461877 0.807932 0.068217 0.054155
0 0.906177 0.791472 0.032502 0.029070
0 0.253780 0.724184 0.132774 0.098727
0 0.274461 0.947555 0.047970 0.040631
0 0.167623 0.458419 0.055597 0.047733
0 0.915717 0.681348 0.029280 0.024099
0 0.068608 0.668882 0.105969 0.088725
0 0.186933 0.760740 0.044415 0.036523
0 0.318732 0.631171 0.041504 0.034900
0 0.697931 0.387023 0.029420 0.024636
0 0.451230 0.823493 0.088253 0.073569
0 0.507518 0.987051 0.027320 0.024271
0 0.547033 0.556705 0.066714 0.054848
0 0.823667 0.363649 0.119782 0.094523
