0 0.877957 0.633179 0.025883 0.025736
0 0.292835 0.103966 0.035507 0.035119
0 0.308722 0.032515 0.047355 0.046565
0 0.291426 0.290020 0.035827 0.035366
0 0.056527 0.419370 0.023607 0.023602
0 0.874514 0.494824 0.134177 0.136028
0 0.930178 0.562733 0.041947 0.041699
0 0.397768 0.239998 0.036361 0.035743
0 0.544109 0.458457 0.029479 0.029708
0 0.575842 0.407275 0.038463 0.038331
0 0.077982 0.454647 0.032629 0.032418
0 0.538340 0.492790 0.030935 0.030959
0 0.204905 0.089374 0.035478 0.034513
0 0.326384 0.656563 0.025031 0.024872
0 0.062555 0.494487 0.031551 0.031877
0 0.854920 0.389260 0.043467 0.043124
0 0.438548 0.461135 0.032912 0.032795
0 0.315394 0.311494 0.023119 0.022659
0 0.420802 0.202692 0.023942 0.023986
0 0.859414 0.914787 0.034744 0.035086
0 0.105923 0.195767 0.072314 0.070833
0 0.008921 0.275062 0.017843 0.028100
0 0.698425 0.122175 0.048909 0.048257
0 0.461676 0.960959 0.062722 0.061757
0 0.179946 0.306072 0.023232 0.023837
0 0.799820 0.926084 0.036526 0.037037
0 0.943902 0.762831 0.028300 0.027687
0 0.076822 0.818455 0.065014 0.064989
0 0.690938 0.161143 0.034548 0.034063
0 0.186924 0.109315 0.028548 0.028787
0 0.202401 0.490208 0.021897 0.021458
0 0.134923 0.964325 0.032656 0.031523
0 0.575813 0.078096 0.067568 0.065979
0 0.180786 0.714834 0.101287 0.099739
0 0.792789 0.534922 0.047498 0.047377
0 0.052990 0.727998 0.025455 0.025416
0 0.978356 0.446325 0.022748 0.022402
0 0.364023 0.674226 0.028158 0.028033
0 0.859854 0.548372 0.044568 0.044433
0 0.943557 0.031874 0.031448 0.031247
0 0.055309 0.558672 0.021544 0.021260
0 0.373752 0.550719 0.021518 0.021444
0 0.255221 0.215432 0.030043 0.030115
0 0.006756 0.645395 0.013513 0.044954
0 0.450409 0.861471 0.054065 0.053459
0 0.079100 0.916429 0.158201 0.163780
0 0.657173 0.531508 0.056716 0.056220
0 0.221731 0.132876 0.028962 0.029653
0 0.502974 0.304722 0.030273 0.031477
0 0.178374 0.519352 0.039151 0.040393
0 0.039828 0.048631 0.079513 0.095893
0 0.435534 0.741515 0.083206 0.084035
0 0.865779 0.849891 0.020226 0.020772
0 0.732201 0.921972 0.064414 0.064113
0 0.196037 0.132493 0.020322 0.020384
0 0.771582 0.403084 0.139335 0.139310
0 0.572386 0.016811 0.051807 0.033623
0 0.931821 0.654136 0.063457 0.064335
0 0.129848 0.749637 0.065801 0.064084
0 0.717183 0.257303 0.070501 0.076663
0 0.619186 0.354568 0.022462 0.022325
0 0.556164 0.613540 0.028347 0.029172
0 0.079208 0.670657 0.026551 0.025767
0 0.938563 0.408664 0.043599 0.043022
0 0.768051 0.560028 0.026544 0.026087
0 0.114025 0.086217 0.101473 0.101957
0 0.643626 0.012005 0.053799 0.023476
0 0.036280 0.235143 0.032360 0.032919
0 0.678316 0.311288 0.021863 0.021486
0 0.310533 0.079511 0.026893 0.026628
0 0.358250 0.517651 0.055012 0.055151
0 0.775590 0.326597 0.105019 0.109968
0 0.772163 0.861738 0.024061 0.024012
0 0.214029 0.777248 0.019657 0.019957
0 0.536670 0.229596 0.024544 0.022909
0 0.949269 0.829616 0.055509 0.055283
0 0.531579 0.859620 0.040365 0.040052
0 0.600665 0.258469 0.023879 0.023638
0 0.156919 0.921847 0.034404 0.034122
0 0.114839 0.504953 0.019897 0.020266
0 0.726612 0.531586 0.049240 0.050960
0 0.903964 0.719056 0.018663 0.018847
0 0.707378 0.207343 0.021742 0.021487
0 0.549613 0.843916 0.032129 0.031553
0 0.514830 0.069572 0.027471 0.027083
0 0.964016 0.561681 0.070407 0.092935
