0 0.424144 0.211066 0.050745 0.049390
0 0.920398 0.693388 0.079375 0.073887
0 0.397482 0.495909 0.036560 0.035436
0 0.477214 0.281494 0.038959 0.038316
0 0.400947 0.261722 0.041928 0.039911
0 0.450119 0.138279 0.041147 0.039903
0 0.914256 0.012503 0.061516 0.024514
0 0.382895 0.861262 0.032491 0.031479
0 0.970128 0.489795 0.055720 0.048596
0 0.638032 0.859537 0.028103 0.028000
0 0.087866 0.317792 0.041786 0.040044
0 0.848522 0.084426 0.030399 0.029565
0 0.637882 0.977331 0.056448 0.045039
0 0.669501 0.048707 0.035605 0.032875
0 0.454734 0.982365 0.034226 0.033155
0 0.327951 0.312397 0.032259 0.031502
0 0.128541 0.017169 0.048141 0.034338
0 0.768808 0.949643 0.029040 0.027771
0 0.768081 0.263909 0.026837 0.026777
0 0.518082 0.431508 0.111485 0.105656
0 0.094657 0.157649 0.028845 0.027826
0 0.330893 0.254385 0.045092 0.044210
0 0.372709 0.234015 0.030572 0.029791
0 0.126184 0.939821 0.030625 0.029395
0 0.431181 0.166184 0.031439 0.031072
0 0.640305 0.325305 0.046697 0.043057
0 0.950839 0.124990 0.029976 0.028917
0 0.852954 0.271806 0.035758 0.033613
0 0.264501 0.701251 0.027417 0.027329
0 0.500568 0.814780 0.028607 0.027652
0 0.347732 0.515907 0.029283 0.028807
0 0.625779 0.547606 0.023721 0.023696
0 0.240055 0.899676 0.023991 0.023205
0 0.959633 0.182799 0.024734 0.025209
0 0.391611 0.300290 0.033319 0.033238
0 0.893088 0.820647 0.083150 0.078292
0 0.481831 0.114313 0.030588 0.030458
0 0.020077 0.040604 0.027210 0.025989
0 0.647222 0.505410 0.024413 0.024242
0 0.797616 0.983790 0.023636 0.024017
0 0.061718 0.050764 0.027844 0.027123
0 0.712310 0.433573 0.024642 0.024590
0 0.877692 0.671537 0.029129 0.027705
0 0.489660 0.712799 0.022625 0.022665
0 0.302505 0.067518 0.025429 0.025393
0 0.552172 0.115519 0.036206 0.034937
0 0.506215 0.967585 0.028476 0.028538
