0 0.054938 0.134029 0.055945 0.054014
0 0.146149 0.235240 0.035973 0.033884
0 0.327959 0.368985 0.100760 0.091931
0 0.073448 0.569161 0.026671 0.026622
0 0.035779 0.448914 0.028579 0.027813
0 0.026837 0.946105 0.046818 0.044474
0 0.182816 0.820106 0.026239 0.024978
0 0.155681 0.624583 0.066316 0.060871
0 0.356929 0.484777 0.033061 0.031081
0 0.377131 0.507971 0.036468 0.034459
0 0.456433 0.749016 0.029375 0.028108
0 0.068774 0.369294 0.033486 0.031793
0 0.055734 0.856536 0.025651 0.025061
0 0.738838 0.725696 0.170963 0.151510
0 0.133724 0.791457 0.035749 0.035410
0 0.080931 0.841703 0.043299 0.044422
0 0.787895 0.725368 0.071845 0.065715
0 0.112134 0.053634 0.026383 0.025997
0 0.039021 0.982544 0.076241 0.034912
0 0.150756 0.408582 0.024551 0.024152
0 0.196801 0.434390 0.027603 0.026187
0 0.277501 0.029413 0.080114 0.058546
0 0.243108 0.278518 0.021342 0.020936
0 0.805608 0.380657 0.305255 0.294911
0 0.132104 0.553043 0.093674 0.086379
0 0.043224 0.572242 0.023942 0.023717
0 0.306662 0.140911 0.025071 0.024145
0 0.231663 0.552949 0.281909 0.239385
0 0.979516 0.739303 0.040968 0.092499
0 0.569606 0.545285 0.025426 0.024406
0 0.087717 0.827102 0.032393 0.024994
0 0.887010 0.644592 0.049242 0.043838
0 0.954556 0.703010 0.025942 0.025607
0 0.513023 0.529125 0.055659 0.055588
0 0.402064 0.042858 0.030032 0.028243
0 0.649275 0.275375 0.601918 0.533659
0 0.952538 0.521613 0.023279 0.022815
0 0.980452 0.979349 0.039039 0.041303
0 0.431913 0.076956 0.046928 0.046177
0 0.974787 0.577768 0.024140 0.023814
0 0.811147 0.763441 0.022777 0.020863
0 0.340723 0.087741 0.049651 0.045995
0 0.325134 0.677689 0.061120 0.059050
0 0.191816 0.234441 0.021474 0.021021
0 0.168433 0.786752 0.022257 0.021685
0 0.809392 0.585544 0.146542 0.134702
