0 0.838577 0.463084 0.310078 0.302308
0 0.168445 0.295388 0.055237 0.056127
0 0.631936 0.297506 0.091816 0.092977
0 0.254053 0.170163 0.026641 0.027106
0 0.205251 0.092567 0.026114 0.025849
0 0.349000 0.103990 0.024722 0.025108
0 0.062852 0.075637 0.038637 0.038854
0 0.378563 0.254640 0.026100 0.026695
0 0.170515 0.202327 0.019359 0.019351
0 0.236592 0.303159 0.043602 0.043867
0 0.407951 0.292097 0.023673 0.024310
0 0.178066 0.093965 0.024173 0.022933
0 0.924263 0.267094 0.023073 0.023471
0 0.191041 0.234916 0.035719 0.035724
0 0.054915 0.472520 0.029880 0.030596
0 0.363337 0.155352 0.033758 0.033492
0 0.303357 0.225889 0.023736 0.023731
0 0.736079 0.314270 0.032084 0.032387
0 0.021216 0.518200 0.042280 0.075457
0 0.958126 0.129118 0.023248 0.023295
0 0.102593 0.685084 0.037569 0.038388
0 0.761736 0.337729 0.023759 0.023852
0 0.553913 0.437893 0.025833 0.026024
0 0.066951 0.293985 0.020110 0.020303
0 0.778430 0.953481 0.023129 0.023448
0 0.100706 0.087078 0.028006 0.026698
0 0.817629 0.340286 0.025026 0.025103
0 0.490973 0.106702 0.022557 0.022674
0 0.584198 0.375195 0.044412 0.043979
0 0.681147 0.363438 0.035602 0.035440
0 0.558345 0.537165 0.026814 0.026809
0 0.421078 0.342566 0.019420 0.020331
0 0.562076 0.058250 0.026963 0.027127
0 0.971714 0.325732 0.028412 0.029204
0 0.112512 0.469307 0.032348 0.032873
0 0.725817 0.152476 0.024618 0.023836
0 0.928335 0.318852 0.022943 0.023095
0 0.421686 0.074051 0.021582 0.022436
0 0.752654 0.279097 0.057424 0.057465
0 0.378914 0.417730 0.036826 0.036389
0 0.897917 0.046074 0.204167 0.092149
0 0.227057 0.245648 0.024844 0.024229
0 0.012060 0.005842 0.019130 0.011683
0 0.587593 0.250609 0.020765 0.020752
0 0.127081 0.095971 0.017842 0.017242
0 0.663311 0.422620 0.045604 0.044517
0 0.294795 0.460683 0.031021 0.031064
0 0.791635 0.219426 0.018348 0.018281
0 0.386108 0.039300 0.019694 0.019725
0 0.745945 0.224137 0.044488 0.045273
