0 0.804756 0.501357 0.282702 0.288778
0 0.426817 0.415296 0.091405 0.091136
0 0.772600 0.195102 0.098705 0.099355
0 0.098704 0.387371 0.066762 0.067260
0 0.938968 0.949829 0.024802 0.024665
0 0.243148 0.825021 0.045001 0.045179
0 0.122855 0.081543 0.045021 0.044595
0 0.432780 0.941177 0.064212 0.063433
0 0.929026 0.214703 0.042210 0.042442
0 0.358668 0.670164 0.178232 0.182362
0 0.211990 0.651113 0.061756 0.061898
0 0.145689 0.929405 0.049191 0.048844
0 0.541339 0.558745 0.118613 0.116217
0 0.717787 0.311936 0.033165 0.033465
0 0.379557 0.971327 0.062327 0.057189
0 0.071495 0.646191 0.084030 0.083395
0 0.666850 0.809841 0.400001 0.380318
0 0.446598 0.882898 0.048951 0.049212
0 0.839998 0.168278 0.055437 0.055033
0 0.101967 0.712743 0.036825 0.036170
0 0.257534 0.147774 0.035084 0.034425
0 0.119824 0.970018 0.025605 0.026119
0 0.478643 0.913667 0.042244 0.041629
0 0.830322 0.772369 0.210161 0.211591
0 0.611312 0.045134 0.039429 0.038699
0 0.315284 0.649067 0.068408 0.067377
0 0.572306 0.325371 0.030792 0.030145
0 0.360782 0.502683 0.060066 0.061374
0 0.092512 0.780901 0.027667 0.027909
0 0.139770 0.041943 0.044180 0.044334
0 0.306974 0.505444 0.039549 0.039588
0 0.738549 0.093083 0.032023 0.032498
0 0.315705 0.855204 0.056029 0.054864
0 0.080679 0.239704 0.032488 0.032602
0 0.276320 0.326537 0.028947 0.029183
0 0.310018 0.931014 0.059931 0.060933
0 0.406941 0.913805 0.024230 0.025413
0 0.321342 0.825592 0.042229 0.042768
0 0.653261 0.549510 0.104316 0.105533
0 0.823577 0.339470 0.025063 0.025497
0 0.332427 0.370756 0.028484 0.029510
0 0.400251 0.795798 0.029439 0.030322
0 0.635209 0.768848 0.028402 0.028599
0 0.162906 0.886743 0.026119 0.025748
0 0.612258 0.328906 0.024558 0.024829
0 0.989921 0.947814 0.019119 0.021040
0 0.981121 0.690246 0.030864 0.030517
0 0.029082 0.021727 0.027794 0.027204
0 0.694474 0.040643 0.039345 0.039551
0 0.374602 0.176058 0.027145 0.027387
0 0.802428 0.275246 0.027499 0.027122
0 0.196919 0.439154 0.128006 0.133561
0 0.660478 0.135210 0.028831 0.028501
0 0.163299 0.832288 0.023456 0.023444
0 0.138216 0.721917 0.024180 0.024222
0 0.503449 0.984599 0.096105 0.030803
0 0.836316 0.025919 0.032910 0.033264
0 0.016316 0.685421 0.032632 0.033652
0 0.608980 0.392406 0.050362 0.051246
0 0.009246 0.772382 0.018492 0.061091
0 0.077308 0.852695 0.022353 0.022089
0 0.219990 0.320210 0.024758 0.024484
0 0.798883 0.040953 0.029489 0.028846
0 0.543659 0.180376 0.022504 0.022587
0 0.807797 0.112225 0.028998 0.028680
0 0.407147 0.253797 0.032285 0.032191
0 0.357929 0.442998 0.021790 0.021766
0 0.085574 0.681055 0.021408 0.021835
0 0.103119 0.042827 0.025227 0.024734
0 0.083523 0.520132 0.067176 0.069568
0 0.086694 0.475392 0.111711 0.112839
0 0.399973 0.785858 0.024751 0.023197
0 0.978849 0.304818 0.032063 0.031576
0 0.823476 0.289157 0.103550 0.101887
0 0.268675 0.874850 0.022091 0.022204
0 0.197163 0.260129 0.104550 0.106386
0 0.964450 0.544568 0.038768 0.039227
0 0.826757 0.242711 0.024389 0.024661
0 0.901916 0.286061 0.022825 0.023024
0 0.148287 0.670831 0.086361 0.086170
0 0.006015 0.710754 0.011896 0.037325
0 0.564263 0.985947 0.045088 0.027578
0 0.681849 0.974917 0.119496 0.050165
0 0.264148 0.063336 0.021330 0.021353
0 0.247209 0.122263 0.021550 0.021229
0 0.473871 0.233816 0.041062 0.041344
0 0.051611 0.750898 0.019034 0.019337
0 0.892049 0.901347 0.027962 0.028723
0 0.988227 0.486647 0.020814 0.021188
0 0.065055 0.605484 0.021146 0.021260
0 0.975725 0.067235 0.021414 0.021394
0 0.024675 0.235571 0.049062 0.197231
0 0.569826 0.036702 0.022086 0.021394
0 0.231108 0.892508 0.020437 0.020378
0 0.701509 0.161212 0.022904 0.023038
0 0.527960 0.704825 0.028931 0.029479
0 0.264638 0.916646 0.037146 0.036115
0 0.961544 0.166251 0.021074 0.021526
0 0.267202 0.604795 0.021262 0.021317
0 0.064691 0.270451 0.020504 0.020446
0 0.134610 0.111771 0.025666 0.026212
0 0.762489 0.196575 0.025090 0.017584
0 0.319926 0.950429 0.021217 0.021150
0 0.701307 0.062851 0.022227 0.021832
0 0.068958 0.220947 0.019643 0.019525
0 0.154687 0.134210 0.023973 0.023365
0 0.042109 0.777279 0.036953 0.035679
0 0.404997 0.211878 0.020915 0.021005
