0 0.225800 0.805565 0.061266 0.060152
0 0.945687 0.913441 0.035343 0.034585
0 0.777118 0.890471 0.039939 0.039385
0 0.174183 0.749888 0.041566 0.040257
0 0.501597 0.840283 0.030636 0.031281
0 0.924678 0.088155 0.150643 0.175366
0 0.637586 0.801133 0.033661 0.033666
0 0.153008 0.907269 0.028269 0.028242
0 0.516127 0.583853 0.031960 0.031523
0 0.158802 0.844253 0.023842 0.023973
0 0.694278 0.603673 0.027175 0.026874
0 0.970705 0.772485 0.032831 0.031515
0 0.617012 0.463352 0.025855 0.025467
0 0.034504 0.399569 0.034842 0.033906
0 0.659639 0.677874 0.021278 0.020568
0 0.124670 0.959668 0.023758 0.023247
0 0.205088 0.756886 0.023851 0.024260
0 0.852180 0.521931 0.029078 0.029158
0 0.844148 0.812647 0.028211 0.027402
0 0.074773 0.445635 0.024712 0.024771
0 0.780948 0.861382 0.024956 0.024964
0 0.740938 0.670284 0.024614 0.024229
0 0.353413 0.509318 0.023206 0.023296
0 0.719863 0.849436 0.023018 0.022320
0 0.919106 0.670967 0.030119 0.029203
0 0.156497 0.707041 0.026518 0.026232
0 0.389202 0.262844 0.082317 0.081617
0 0.833289 0.766068 0.026539 0.026161
0 0.259680 0.853044 0.022516 0.022392
0 0.990602 0.891174 0.018786 0.023131
0 0.238088 0.846623 0.020633 0.020760
0 0.085885 0.990075 0.023245 0.019850
0 0.797625 0.621880 0.025337 0.024998
0 0.618378 0.583690 0.021202 0.021170
0 0.446908 0.555247 0.022701 0.022949
0 0.781308 0.826376 0.030725 0.031722
0 0.381851 0.525990 0.028115 0.027203
0 0.122887 0.941381 0.020957 0.020408
0 0.355320 0.470161 0.023499 0.023339
0 0.417551 0.172621 0.028621 0.029124
0 0.547835 0.565435 0.029184 0.029645
0 0.197876 0.896029 0.019324 0.019391
0 0.734080 0.830021 0.022333 0.022177
0 0.992262 0.748276 0.015476 0.028993
0 0.528444 0.544209 0.031752 0.031204
0 0.958572 0.462646 0.024200 0.023868
0 0.739556 0.588713 0.023767 0.023728
0 0.428085 0.589678 0.030921 0.030369
0 0.858184 0.883472 0.021307 0.022238
0 0.408433 0.197168 0.026420 0.026487
0 0.028559 0.683754 0.020393 0.020137
