0 0.873991 0.462395 0.084806 0.081930
0 0.096821 0.216150 0.059248 0.057453
0 0.434656 0.376691 0.047563 0.047641
0 0.187473 0.692870 0.031279 0.030123
0 0.610086 0.895976 0.036137 0.035363
0 0.547348 0.394889 0.063221 0.061626
0 0.330718 0.945700 0.031608 0.030703
0 0.158670 0.203900 0.033954 0.034200
0 0.308873 0.241611 0.039509 0.039092
0 0.098520 0.867578 0.025684 0.025719
0 0.531942 0.702304 0.029411 0.028432
0 0.454859 0.927908 0.027410 0.026910
0 0.378535 0.455116 0.030115 0.029710
0 0.981217 0.040348 0.032746 0.031025
0 0.214757 0.461534 0.048681 0.046550
0 0.127550 0.862983 0.031153 0.032007
0 0.293638 0.078873 0.029696 0.028030
0 0.164427 0.641904 0.022970 0.023119
0 0.523527 0.903700 0.026020 0.025669
0 0.203676 0.019600 0.022147 0.022535
0 0.331298 0.724589 0.032811 0.030666
0 0.213421 0.238680 0.026327 0.025552
0 0.307099 0.382963 0.042534 0.041324
0 0.209851 0.377526 0.036673 0.035642
0 0.742694 0.581338 0.062479 0.061161
0 0.515921 0.042328 0.024499 0.024485
