0 0.502647 0.460974 0.040506 0.040167
0 0.444880 0.582583 0.108313 0.107703
0 0.618911 0.212332 0.021345 0.021121
0 0.260209 0.644805 0.031487 0.031274
0 0.554717 0.664816 0.024995 0.025399
0 0.595405 0.805089 0.026280 0.025926
0 0.329572 0.757870 0.040106 0.040381
0 0.205982 0.674837 0.025015 0.024611
0 0.038587 0.593491 0.026292 0.026630
0 0.063619 0.721794 0.127237 0.158498
0 0.245001 0.776390 0.035763 0.035809
0 0.379481 0.887008 0.029524 0.029054
0 0.430974 0.808443 0.027411 0.026889
0 0.673629 0.944209 0.024677 0.024830
0 0.292024 0.443531 0.049340 0.049657
0 0.825519 0.852834 0.036692 0.036239
0 0.712036 0.770383 0.021185 0.021394
0 0.865678 0.880877 0.030685 0.030557
0 0.541535 0.133382 0.099924 0.098001
0 0.668285 0.676656 0.043085 0.042948
0 0.316691 0.701216 0.039714 0.039550
0 0.117121 0.583115 0.038241 0.037935
0 0.232589 0.442910 0.026870 0.027366
0 0.489242 0.397229 0.043090 0.043408
0 0.300669 0.667574 0.053256 0.054323
0 0.717649 0.896057 0.355224 0.207886
0 0.813775 0.939996 0.020776 0.021190
0 0.651667 0.090529 0.110545 0.108553
0 0.818103 0.215385 0.031057 0.030719
0 0.350245 0.900990 0.033256 0.033439
0 0.685178 0.310263 0.083603 0.083682
0 0.834848 0.585468 0.023924 0.023798
0 0.123323 0.888888 0.244801 0.219037
0 0.601751 0.174565 0.020646 0.020285
0 0.517774 0.647122 0.036367 0.036533
0 0.467251 0.150232 0.020290 0.019991
0 0.892589 0.270956 0.111096 0.110576
0 0.867218 0.179953 0.043797 0.044855
0 0.955732 0.751265 0.030978 0.030903
0 0.850855 0.015881 0.035012 0.031457
0 0.011451 0.642748 0.022902 0.104631
0 0.591047 0.235065 0.019223 0.019204
0 0.990393 0.345183 0.018910 0.052363
0 0.239589 0.692083 0.020452 0.019907
0 0.676089 0.553810 0.048046 0.048546
0 0.285808 0.408533 0.042452 0.043777
0 0.437742 0.992607 0.019338 0.014787
0 0.146960 0.716584 0.034244 0.033705
0 0.913493 0.803814 0.049822 0.051280
0 0.710448 0.899939 0.018917 0.019071
0 0.369596 0.189340 0.019844 0.019521
0 0.038899 0.401617 0.046993 0.046804
0 0.717676 0.138495 0.202966 0.200311
0 0.903936 0.820640 0.040893 0.041534
