0 0.579765 0.761067 0.053357 0.052971
0 0.476335 0.070234 0.032509 0.032230
0 0.265742 0.833551 0.043808 0.041895
0 0.061972 0.615695 0.044725 0.044770
0 0.221870 0.109305 0.040078 0.040444
0 0.283271 0.531214 0.026262 0.025131
0 0.194257 0.924179 0.028299 0.028357
0 0.138446 0.888659 0.037586 0.037683
0 0.419729 0.830721 0.078315 0.076662
0 0.247120 0.798568 0.057100 0.057178
0 0.116900 0.915401 0.037707 0.036260
0 0.556107 0.183952 0.023302 0.022634
0 0.348687 0.853655 0.056474 0.054161
0 0.166434 0.926629 0.030691 0.030314
0 0.329663 0.801415 0.098295 0.096479
0 0.320114 0.751784 0.028783 0.028048
0 0.185284 0.823167 0.035390 0.034612
0 0.309901 0.713578 0.022718 0.022263
0 0.203150 0.206505 0.033747 0.035123
0 0.441442 0.018580 0.036250 0.034841
0 0.066596 0.953388 0.025857 0.025671
0 0.403447 0.377506 0.024319 0.023989
0 0.548988 0.223238 0.031369 0.030702
0 0.156655 0.304352 0.047753 0.047522
0 0.135206 0.964679 0.026531 0.026235
0 0.568910 0.852787 0.034506 0.033090
0 0.372741 0.451780 0.025194 0.024944
0 0.239108 0.983109 0.022490 0.023701
0 0.477626 0.106072 0.021196 0.020566
0 0.497878 0.126421 0.037056 0.036492
0 0.468799 0.015493 0.022689 0.023229
0 0.465376 0.218763 0.032400 0.031935
0 0.049471 0.986450 0.098943 0.027091
0 0.119638 0.319175 0.030115 0.030067
0 0.292963 0.635762 0.091326 0.091650
0 0.282370 0.343998 0.046077 0.045806
0 0.408103 0.122769 0.020773 0.020640
0 0.013831 0.091020 0.027304 0.039916
0 0.258903 0.892583 0.042837 0.042019
0 0.172384 0.467322 0.021064 0.020676
0 0.300577 0.855659 0.031485 0.030918
0 0.546105 0.010837 0.062367 0.021675
0 0.342799 0.984268 0.023115 0.021589
0 0.284162 0.134740 0.020153 0.020327
0 0.025314 0.692074 0.048725 0.049310
0 0.324909 0.993692 0.031260 0.012427
0 0.334939 0.618595 0.167723 0.158038
0 0.531587 0.392666 0.020700 0.021126
0 0.332729 0.582906 0.035735 0.034411
