0 0.525587 0.063326 0.043572 0.043542
0 0.467584 0.102408 0.030444 0.030177
0 0.581056 0.387652 0.025135 0.024458
0 0.795597 0.578592 0.040505 0.038186
0 0.628939 0.324884 0.033804 0.032344
0 0.029026 0.284648 0.040211 0.038571
0 0.686441 0.794850 0.042916 0.040711
0 0.521231 0.175035 0.022756 0.022763
0 0.023032 0.214772 0.029758 0.028902
0 0.741793 0.827180 0.044172 0.042170
0 0.027893 0.496045 0.047722 0.046596
0 0.441360 0.766082 0.026191 0.025861
0 0.907730 0.849481 0.062175 0.058002
0 0.012563 0.257636 0.025126 0.030406
0 0.909935 0.680781 0.033066 0.032062
0 0.716197 0.262073 0.020961 0.020669
0 0.173984 0.042503 0.020845 0.020854
0 0.934170 0.605982 0.026135 0.025365
0 0.627793 0.702886 0.033109 0.031578
0 0.227922 0.570984 0.022420 0.022217
0 0.943479 0.228819 0.021385 0.021595
0 0.984178 0.896106 0.030500 0.031463
0 0.681516 0.901418 0.039427 0.037298
0 0.915165 0.443500 0.022589 0.022159
0 0.542535 0.226958 0.019706 0.019576
0 0.079067 0.139369 0.019153 0.018922
0 0.709680 0.353487 0.020752 0.020196
0 0.589916 0.708651 0.039100 0.038441
0 0.639083 0.068865 0.022034 0.022031
0 0.890669 0.894640 0.028828 0.028447
0 0.718872 0.930018 0.059090 0.056559
0 0.719352 0.809762 0.029961 0.029381
0 0.321026 0.837425 0.023252 0.022903
0 0.024885 0.533355 0.040574 0.039062
0 0.573500 0.663382 0.032363 0.032308
0 0.824728 0.647495 0.033143 0.031443
0 0.541964 0.138539 0.020320 0.020029
0 0.750863 0.314811 0.020097 0.020285
