0 0.173806 0.296791 0.321276 0.276573
0 0.220865 0.654700 0.064786 0.059469
0 0.051766 0.732909 0.052133 0.046072
0 0.777079 0.666970 0.075370 0.073824
0 0.022334 0.633453 0.044608 0.049920
0 0.068304 0.544621 0.034110 0.032764
0 0.200455 0.856606 0.061599 0.056154
0 0.346612 0.967717 0.045502 0.042387
0 0.659058 0.206593 0.026155 0.025279
0 0.159690 0.895605 0.036157 0.034533
0 0.874040 0.704720 0.029325 0.027708
0 0.649013 0.524702 0.114328 0.109101
0 0.669791 0.613730 0.031469 0.030027
0 0.494938 0.867029 0.025264 0.023719
0 0.410382 0.940964 0.027388 0.025896
0 0.977481 0.561459 0.026328 0.026349
0 0.566748 0.475932 0.089307 0.086428
0 0.144640 0.939034 0.039047 0.036525
0 0.251201 0.807824 0.024478 0.023040
0 0.595481 0.812918 0.158264 0.145666
0 0.608306 0.615429 0.073415 0.069033
0 0.850468 0.639111 0.073936 0.069691
0 0.337350 0.722179 0.022236 0.022069
0 0.428649 0.643264 0.066023 0.063372
0 0.270104 0.068145 0.297223 0.136222
0 0.050125 0.590829 0.033353 0.031570
0 0.574950 0.436143 0.299234 0.289584
0 0.068538 0.046675 0.136971 0.093351
0 0.740620 0.521966 0.050984 0.046949
0 0.575581 0.903782 0.024929 0.024033
0 0.955866 0.319941 0.024496 0.024194
0 0.489567 0.921650 0.037553 0.036428
0 0.974552 0.688756 0.050814 0.069872
0 0.246162 0.728483 0.058710 0.056095
0 0.958006 0.611899 0.083988 0.093789
0 0.497338 0.537759 0.021575 0.020810
0 0.664199 0.801136 0.027724 0.026592
