0 0.843217 0.549939 0.282177 0.280903
0 0.320478 0.385486 0.040199 0.039625
0 0.502860 0.952321 0.059731 0.059884
0 0.414105 0.906926 0.044402 0.044703
0 0.213037 0.077524 0.047380 0.047323
0 0.366133 0.959614 0.028873 0.029053
0 0.372378 0.388477 0.022091 0.022150
0 0.010295 0.626936 0.020395 0.026113
0 0.186256 0.604846 0.023066 0.023144
0 0.050962 0.320549 0.021595 0.021271
0 0.014340 0.840923 0.028681 0.031630
0 0.093238 0.653939 0.020820 0.020629
0 0.076415 0.639216 0.021050 0.021820
0 0.443072 0.025053 0.024732 0.025169
0 0.292239 0.469357 0.025454 0.025039
0 0.145599 0.064255 0.050718 0.052827
0 0.304189 0.910998 0.035098 0.034459
0 0.076073 0.496112 0.019801 0.020490
0 0.014021 0.342394 0.022920 0.023592
0 0.146262 0.028984 0.038139 0.036473
0 0.198309 0.360785 0.020066 0.020274
0 0.168503 0.125010 0.020962 0.021132
