0 0.101557 0.417446 0.144116 0.124993
0 0.296815 0.673126 0.042221 0.039186
0 0.592148 0.139616 0.060693 0.052150
0 0.088964 0.769857 0.042725 0.039254
0 0.143656 0.726630 0.070802 0.060181
0 0.631514 0.578523 0.038968 0.036367
0 0.046195 0.703427 0.045276 0.038210
0 0.867767 0.386058 0.047031 0.042119
0 0.025767 0.671345 0.037020 0.033517
0 0.103986 0.181776 0.039717 0.037823
0 0.908708 0.583861 0.109525 0.090658
0 0.040808 0.563106 0.034551 0.033172
0 0.281921 0.020284 0.057902 0.040331
0 0.008723 0.111076 0.017446 0.038154
0 0.845021 0.012428 0.038623 0.024855
0 0.404420 0.438705 0.032603 0.030433
0 0.599729 0.503491 0.029844 0.027750
0 0.844459 0.047900 0.117856 0.095576
0 0.924723 0.363059 0.036234 0.032537
0 0.492735 0.191793 0.035336 0.030863
0 0.271248 0.361757 0.039419 0.035308
0 0.415937 0.719031 0.025794 0.025032
0 0.565577 0.717375 0.032556 0.030079
0 0.377816 0.989211 0.062798 0.021373
0 0.859054 0.436448 0.037343 0.030825
0 0.146734 0.012404 0.072660 0.024350
0 0.524751 0.657411 0.028822 0.027589
0 0.432378 0.142183 0.031444 0.030496
0 0.815875 0.462038 0.032380 0.029370
0 0.148468 0.119269 0.027492 0.025496
0 0.880438 0.130603 0.033221 0.028153
0 0.066849 0.627241 0.029230 0.026546
0 0.802884 0.992455 0.062922 0.014705
0 0.328652 0.013189 0.056360 0.025589
0 0.965430 0.327721 0.040430 0.033715
0 0.493229 0.222711 0.028087 0.025885
0 0.094300 0.734683 0.033557 0.031012
0 0.052651 0.771329 0.027349 0.026385
0 0.355193 0.976329 0.041153 0.038983
0 0.444674 0.226513 0.030006 0.028021
0 0.086623 0.158632 0.074404 0.066008
0 0.687809 0.566976 0.027867 0.026608
0 0.645683 0.941996 0.028765 0.028126
0 0.152810 0.862590 0.038710 0.035956
0 0.460199 0.067566 0.026408 0.022724
0 0.523679 0.890782 0.025724 0.024516
0 0.547030 0.902525 0.025334 0.024431
0 0.046845 0.196008 0.044509 0.043130
0 0.845163 0.985020 0.030175 0.027750
