0 0.357092 0.203220 0.033174 0.032677
0 0.901557 0.084308 0.078665 0.078896
0 0.838160 0.074661 0.031942 0.031825
0 0.477769 0.140409 0.072631 0.072435
0 0.936634 0.118189 0.025225 0.024776
0 0.405108 0.804756 0.025617 0.025640
0 0.050134 0.175679 0.070376 0.069588
0 0.301005 0.627578 0.030539 0.031872
0 0.251046 0.095032 0.033634 0.033643
0 0.299290 0.180917 0.039716 0.039965
0 0.802245 0.339254 0.037167 0.036239
0 0.966266 0.153842 0.026068 0.026186
0 0.356332 0.020453 0.052543 0.040906
0 0.337602 0.794420 0.024094 0.024060
0 0.066336 0.112613 0.021002 0.020784
0 0.516532 0.633706 0.022918 0.022778
0 0.194332 0.032041 0.053040 0.053418
0 0.364861 0.108749 0.032243 0.031788
0 0.434898 0.097162 0.023373 0.023126
0 0.298046 0.344661 0.031913 0.032320
0 0.458298 0.043997 0.085444 0.084345
0 0.707073 0.023812 0.025244 0.024457
0 0.023523 0.079481 0.028030 0.027755
0 0.503795 0.013498 0.057367 0.026809
0 0.143282 0.624254 0.021162 0.021102
0 0.463783 0.090408 0.026728 0.025353
0 0.693584 0.823207 0.019666 0.020203
0 0.147251 0.904483 0.025255 0.025521
0 0.840811 0.806102 0.019649 0.019457
0 0.437985 0.568794 0.023233 0.023026
0 0.839497 0.985397 0.042307 0.029205
