0 0.171100 0.158956 0.051408 0.051730
0 0.289267 0.360216 0.053290 0.051935
0 0.864541 0.562224 0.041125 0.041081
0 0.633955 0.899183 0.033384 0.033632
0 0.193097 0.664096 0.033458 0.033670
0 0.205858 0.938242 0.036176 0.035923
0 0.618166 0.390558 0.023881 0.024560
0 0.621002 0.417858 0.023521 0.023339
0 0.979776 0.912960 0.040448 0.050654
0 0.876434 0.200002 0.025176 0.025176
0 0.213158 0.914469 0.025296 0.025093
0 0.338662 0.082387 0.025739 0.025673
0 0.570629 0.019857 0.034478 0.035401
0 0.440401 0.559535 0.029285 0.028029
0 0.053502 0.372080 0.027711 0.027863
0 0.114326 0.611271 0.023910 0.023777
0 0.943956 0.009034 0.029032 0.018004
0 0.404804 0.809657 0.023146 0.023054
0 0.771025 0.648746 0.045309 0.045368
0 0.480489 0.138482 0.037638 0.036800
0 0.230375 0.650862 0.030250 0.030658
0 0.992841 0.434935 0.014317 0.029376
0 0.039966 0.918582 0.024222 0.024010
0 0.606416 0.464319 0.025883 0.026026
0 0.012329 0.697920 0.024346 0.029309
0 0.850797 0.079968 0.029798 0.030117
0 0.218124 0.529026 0.022738 0.023243
0 0.966667 0.415595 0.021543 0.022342
0 0.518727 0.449069 0.025906 0.025767
0 0.887889 0.278272 0.021609 0.022265
0 0.552544 0.683378 0.020921 0.020800
0 0.564052 0.046385 0.028731 0.028926
0 0.303061 0.135663 0.023892 0.023636
0 0.551437 0.905753 0.020553 0.020631
0 0.170067 0.744825 0.022973 0.023371
0 0.398002 0.575660 0.020803 0.020523
0 0.164269 0.388762 0.020642 0.020757
0 0.571742 0.074127 0.021054 0.021059
0 0.152717 0.050450 0.022186 0.022101
0 0.607032 0.490584 0.020376 0.020915
0 0.553752 0.758283 0.020525 0.020591
0 0.600517 0.861599 0.034553 0.034218
0 0.129203 0.152961 0.021617 0.021670
0 0.247454 0.132256 0.028240 0.029256
0 0.473455 0.194457 0.021286 0.021173
