0 0.317753 0.368288 0.281303 0.276535
0 0.545716 0.524664 0.144890 0.142839
0 0.757555 0.750002 0.180320 0.176134
0 0.793490 0.677801 0.027772 0.027815
0 0.107015 0.860763 0.214029 0.222729
0 0.351868 0.876546 0.062211 0.061857
0 0.321630 0.185047 0.027471 0.027312
0 0.859513 0.938697 0.029759 0.029907
0 0.925976 0.677316 0.032794 0.032765
0 0.912350 0.542271 0.077850 0.077035
0 0.475350 0.435301 0.029439 0.029548
0 0.644506 0.057988 0.057709 0.057125
0 0.501447 0.888171 0.097668 0.098615
0 0.714230 0.451038 0.021692 0.021956
0 0.372113 0.685142 0.075709 0.076295
0 0.806952 0.036025 0.032946 0.032876
0 0.775127 0.864411 0.041681 0.041637
0 0.583514 0.390509 0.134567 0.133504
0 0.434919 0.499286 0.021753 0.021645
0 0.984441 0.773907 0.025940 0.025946
0 0.603834 0.020733 0.044047 0.040710
0 0.107239 0.984403 0.022979 0.022235
0 0.533392 0.830838 0.023500 0.023636
0 0.614261 0.083269 0.030183 0.029427
0 0.417967 0.907658 0.080395 0.079540
0 0.766710 0.098644 0.024199 0.024207
0 0.642850 0.819193 0.020177 0.020332
0 0.958297 0.735569 0.052484 0.053383
0 0.535611 0.315192 0.079891 0.080952
0 0.563210 0.754182 0.064474 0.064362
0 0.304503 0.652203 0.054964 0.053648
0 0.814708 0.410393 0.143439 0.144406
0 0.501629 0.771636 0.046720 0.047506
0 0.740213 0.582617 0.030757 0.030284
0 0.906111 0.838994 0.128516 0.128254
0 0.681634 0.303687 0.126307 0.127683
0 0.332220 0.932673 0.021262 0.021373
0 0.862243 0.384394 0.024674 0.023515
0 0.547780 0.583778 0.023014 0.023181
0 0.457675 0.447721 0.020712 0.020390
0 0.825296 0.868197 0.022874 0.023093
0 0.785562 0.152878 0.074447 0.075610
0 0.960564 0.379438 0.078623 0.081596
0 0.494057 0.732385 0.120495 0.124469
0 0.712319 0.981819 0.035331 0.033305
0 0.735685 0.912024 0.098384 0.100319
0 0.227147 0.088006 0.341491 0.175608
0 0.659008 0.221092 0.089671 0.090022
0 0.699917 0.854062 0.019216 0.019051
0 0.454214 0.511058 0.022283 0.022242
0 0.627854 0.256067 0.173963 0.172460
0 0.719838 0.626804 0.019724 0.019511
0 0.853753 0.542397 0.019562 0.019540
0 0.026709 0.106579 0.053417 0.088116
0 0.946902 0.141927 0.061220 0.059437
0 0.978322 0.565589 0.043355 0.068851
0 0.895805 0.778038 0.083444 0.084182
0 0.957083 0.929015 0.084574 0.141970
0 0.460097 0.609890 0.019709 0.019083
0 0.607619 0.704722 0.099059 0.104323
0 0.949130 0.471099 0.098628 0.102041
0 0.899886 0.260126 0.196465 0.201007
