0 0.672700 0.370621 0.051983 0.052041
0 0.916309 0.769632 0.039839 0.038683
0 0.389365 0.927141 0.060609 0.061221
0 0.186562 0.982615 0.040783 0.034463
0 0.270496 0.470349 0.039979 0.039212
0 0.460209 0.085244 0.036790 0.035090
0 0.959239 0.886120 0.081522 0.139083
0 0.069596 0.918033 0.039078 0.038896
0 0.480293 0.663149 0.036478 0.035602
0 0.292776 0.755978 0.048763 0.047749
0 0.769107 0.023755 0.063913 0.047355
0 0.582850 0.347706 0.036271 0.035872
0 0.864706 0.233976 0.036912 0.036039
0 0.336899 0.495964 0.042381 0.041586
0 0.130231 0.200514 0.056091 0.053181
0 0.836512 0.250532 0.035595 0.034966
0 0.067791 0.565335 0.037880 0.035689
0 0.591591 0.969716 0.025502 0.025460
0 0.511214 0.767453 0.049810 0.048528
0 0.883254 0.085430 0.056422 0.054076
0 0.101144 0.986630 0.041323 0.026740
0 0.406292 0.404953 0.072329 0.071647
0 0.801580 0.246684 0.033235 0.031983
0 0.914846 0.938631 0.043637 0.044776
0 0.138181 0.991123 0.037456 0.017302
0 0.581602 0.706353 0.034354 0.034074
0 0.494183 0.516670 0.031138 0.032475
0 0.574594 0.767369 0.085034 0.087987
