0 0.357680 0.763737 0.233479 0.193324
0 0.103869 0.442002 0.163673 0.147172
0 0.556612 0.889730 0.053002 0.043813
0 0.452496 0.448119 0.046481 0.041247
0 0.903696 0.642704 0.043542 0.035681
0 0.606303 0.468691 0.058590 0.048184
0 0.076731 0.282063 0.049800 0.038683
0 0.181537 0.233457 0.045862 0.036721
0 0.728149 0.487333 0.051331 0.040194
0 0.887705 0.749255 0.053742 0.044959
0 0.639543 0.800347 0.038100 0.031715
0 0.460979 0.571645 0.047488 0.039893
0 0.494275 0.608855 0.063963 0.056267
0 0.946531 0.235292 0.053349 0.040591
0 0.765410 0.243828 0.041718 0.033879
0 0.313417 0.410565 0.068982 0.056556
0 0.950375 0.557582 0.041818 0.034181
0 0.577289 0.585699 0.046418 0.039118
0 0.584724 0.303448 0.040959 0.036445
0 0.568433 0.635954 0.047412 0.038207
0 0.407100 0.333071 0.034759 0.030828
0 0.445997 0.936539 0.050427 0.040764
0 0.746002 0.355537 0.122054 0.097397
0 0.824817 0.383574 0.038975 0.031947
0 0.465329 0.685999 0.056513 0.046634
0 0.634818 0.066994 0.032821 0.027862
0 0.472859 0.482480 0.040605 0.036330
0 0.140121 0.032187 0.244241 0.064220
0 0.045184 0.404244 0.034313 0.027330
0 0.521639 0.688793 0.129694 0.107257
0 0.624025 0.731101 0.100716 0.083306
0 0.576595 0.937675 0.038094 0.032052
0 0.915209 0.161233 0.050735 0.041782
0 0.251840 0.287050 0.039350 0.034951
0 0.317689 0.075205 0.031643 0.028802
0 0.626532 0.098286 0.037076 0.029834
0 0.469240 0.539431 0.032848 0.028888
0 0.531878 0.686551 0.023283 0.021893
0 0.901902 0.857425 0.060047 0.046121
0 0.716616 0.086125 0.035694 0.029376
0 0.142167 0.593799 0.034678 0.029907
0 0.441988 0.376401 0.030508 0.026355
0 0.761728 0.307743 0.036038 0.030863
0 0.762287 0.695619 0.034232 0.029390
0 0.879612 0.551615 0.032047 0.025813
0 0.982156 0.029611 0.035688 0.054547
0 0.386920 0.990746 0.027511 0.018508
0 0.412958 0.253735 0.112537 0.091522
0 0.705202 0.167018 0.030367 0.024968
0 0.759251 0.625282 0.333258 0.259632
0 0.271225 0.006673 0.026470 0.013211
0 0.463273 0.980994 0.036781 0.031474
0 0.115532 0.554105 0.024462 0.022664
0 0.227729 0.103587 0.027677 0.025453
0 0.988147 0.226966 0.023119 0.042213
0 0.505404 0.660594 0.030633 0.029486
0 0.017320 0.831810 0.034499 0.048028
0 0.791978 0.779729 0.109176 0.087868
0 0.434525 0.180429 0.064112 0.055781
0 0.814124 0.754442 0.030971 0.029568
