0 0.102291 0.093287 0.035490 0.035420
0 0.897868 0.968922 0.033626 0.033365
0 0.199770 0.246895 0.027727 0.027458
0 0.239823 0.318887 0.026357 0.026370
0 0.779360 0.333553 0.022936 0.022984
0 0.385026 0.017366 0.042467 0.034580
0 0.432905 0.523022 0.052196 0.052295
0 0.354897 0.151276 0.020786 0.020891
0 0.972809 0.273571 0.031214 0.030640
0 0.934025 0.838160 0.021321 0.021367
0 0.385535 0.298420 0.042359 0.041642
0 0.596234 0.928473 0.054212 0.054511
0 0.566707 0.717230 0.022778 0.022501
0 0.768490 0.871791 0.116845 0.112896
0 0.924050 0.304298 0.151901 0.273229
0 0.329329 0.176098 0.020902 0.020797
0 0.298413 0.051474 0.024620 0.024932
0 0.299830 0.246240 0.020727 0.020973
0 0.648578 0.309708 0.022423 0.022348
0 0.033207 0.816532 0.030902 0.030800
0 0.293087 0.315802 0.019325 0.019494
0 0.459453 0.774176 0.021970 0.021829
0 0.023849 0.749360 0.020371 0.019938
0 0.741621 0.767199 0.104601 0.103926
0 0.662889 0.094902 0.022120 0.021781
0 0.554462 0.823460 0.029587 0.029270
0 0.965791 0.626816 0.019174 0.019006
0 0.213407 0.483709 0.055540 0.054531
0 0.579729 0.868803 0.071159 0.069866
0 0.344120 0.199634 0.019140 0.019592
0 0.677732 0.213268 0.069734 0.070371
0 0.493361 0.220930 0.035355 0.034316
0 0.729079 0.076171 0.028074 0.028003
0 0.926720 0.034291 0.028252 0.026865
0 0.966442 0.084734 0.041205 0.041422
0 0.918725 0.673544 0.104274 0.096259
0 0.411307 0.749240 0.037130 0.036597
