0 0.503913 0.707124 0.027665 0.027778
0 0.980240 0.248684 0.036767 0.038122
0 0.368671 0.926274 0.038616 0.037975
0 0.774790 0.067604 0.041125 0.040456
0 0.146625 0.757436 0.293249 0.305472
0 0.154678 0.970281 0.030271 0.030051
0 0.578825 0.119971 0.049399 0.048303
0 0.884448 0.735763 0.052964 0.052038
0 0.542644 0.397628 0.304736 0.317195
0 0.504500 0.989427 0.028819 0.021147
0 0.902078 0.363124 0.026697 0.026873
0 0.052441 0.475257 0.053566 0.053271
0 0.802306 0.200542 0.036014 0.036591
0 0.650929 0.011684 0.027863 0.023110
0 0.006896 0.477078 0.013704 0.050171
0 0.199615 0.816409 0.038575 0.038989
0 0.944504 0.101525 0.023363 0.022883
