0 0.438833 0.290285 0.058811 0.049363
0 0.021117 0.582900 0.035593 0.034086
0 0.733255 0.666822 0.081816 0.067215
0 0.406951 0.753715 0.063680 0.050456
0 0.150493 0.669010 0.082510 0.070446
0 0.053750 0.647848 0.107499 0.128456
0 0.011533 0.947667 0.022964 0.037033
0 0.813451 0.082551 0.042857 0.038671
0 0.914342 0.868226 0.067269 0.053636
0 0.897174 0.957893 0.046401 0.038661
0 0.605904 0.347420 0.030204 0.028660
0 0.504481 0.326177 0.029111 0.023732
0 0.347584 0.718787 0.076826 0.061631
0 0.492224 0.461958 0.022566 0.021786
0 0.269732 0.701965 0.034559 0.030981
0 0.969245 0.862227 0.038840 0.030660
0 0.578103 0.909982 0.375159 0.180036
0 0.970722 0.505861 0.058556 0.065069
0 0.021366 0.432107 0.042732 0.063873
0 0.279735 0.557036 0.035002 0.030492
0 0.418815 0.342633 0.023012 0.020229
0 0.435205 0.365839 0.870411 0.731678
0 0.933108 0.243764 0.025901 0.024770
0 0.225141 0.761230 0.026496 0.023263
0 0.663729 0.732737 0.037395 0.032258
0 0.655884 0.676534 0.075964 0.066934
0 0.086035 0.593720 0.081843 0.075674
0 0.732442 0.045956 0.041024 0.038144
