0 0.112469 0.600266 0.134228 0.127599
0 0.661573 0.067983 0.043067 0.042840
0 0.404318 0.379257 0.037748 0.037351
0 0.317017 0.134671 0.050935 0.051797
0 0.345975 0.411359 0.029138 0.028825
0 0.229065 0.397702 0.031876 0.031597
0 0.487852 0.880009 0.030239 0.029909
0 0.277270 0.571007 0.044279 0.044248
0 0.763007 0.808148 0.038581 0.037185
0 0.578206 0.314269 0.147742 0.145753
0 0.167781 0.120412 0.027822 0.029120
0 0.015316 0.532464 0.029235 0.028869
0 0.539465 0.842800 0.035505 0.034866
0 0.352009 0.097752 0.033749 0.034164
0 0.041008 0.501934 0.051416 0.049524
0 0.559032 0.793646 0.022365 0.022144
0 0.780363 0.843076 0.035957 0.035811
0 0.731178 0.499893 0.170754 0.159945
0 0.500381 0.233817 0.023038 0.023478
0 0.326672 0.588962 0.042599 0.046541
0 0.512190 0.599016 0.034250 0.036218
0 0.499056 0.449837 0.025796 0.025151
0 0.225938 0.952144 0.024626 0.024698
0 0.530167 0.396409 0.036842 0.035899
0 0.451239 0.884020 0.023185 0.022518
0 0.855308 0.336227 0.038815 0.039851
0 0.956680 0.546327 0.024243 0.024041
0 0.881186 0.082978 0.084069 0.085646
0 0.695276 0.100685 0.022510 0.022139
0 0.457471 0.384653 0.034683 0.034828
0 0.708293 0.704833 0.029878 0.029952
0 0.941723 0.015274 0.026318 0.026244
0 0.726921 0.191396 0.064363 0.065130
0 0.163696 0.947419 0.023400 0.022512
0 0.422443 0.437649 0.044374 0.043000
0 0.492237 0.173415 0.029167 0.029434
0 0.833903 0.810565 0.153145 0.143727
0 0.472146 0.472771 0.044224 0.044965
0 0.878785 0.266618 0.065725 0.063429
0 0.489077 0.636924 0.024332 0.024385
