0 0.213319 0.879185 0.080776 0.069715
0 0.536969 0.799430 0.052661 0.050105
0 0.950155 0.865208 0.045532 0.043655
0 0.884425 0.331867 0.038190 0.037066
0 0.247693 0.469043 0.218608 0.199357
0 0.130016 0.932056 0.060055 0.054125
0 0.963599 0.597766 0.068250 0.065416
0 0.728152 0.892464 0.031146 0.030609
0 0.965344 0.227506 0.036931 0.034795
0 0.550720 0.395064 0.032092 0.031167
0 0.738746 0.753126 0.037056 0.036565
0 0.810567 0.227394 0.033711 0.032660
0 0.557233 0.867847 0.042911 0.042402
0 0.690449 0.248510 0.033574 0.031637
0 0.902760 0.486669 0.036560 0.035532
0 0.260219 0.138985 0.036013 0.034685
0 0.190935 0.456860 0.044109 0.040047
0 0.656917 0.925300 0.023009 0.022702
0 0.540005 0.553467 0.262301 0.231285
0 0.880407 0.210136 0.030482 0.029484
0 0.989744 0.294068 0.020512 0.033826
0 0.958296 0.432735 0.033352 0.032149
0 0.419382 0.011504 0.063865 0.023009
0 0.741896 0.556323 0.032220 0.028587
0 0.030776 0.361420 0.061301 0.149836
0 0.713178 0.973591 0.023056 0.022579
0 0.620780 0.934181 0.022691 0.022545
0 0.742236 0.655203 0.029685 0.029192
0 0.307717 0.840870 0.027303 0.025624
0 0.862929 0.633683 0.213605 0.226529
0 0.938467 0.451365 0.046692 0.046277
0 0.708097 0.192963 0.029248 0.028796
0 0.207640 0.153619 0.036180 0.033686
0 0.705669 0.909684 0.021164 0.021341
0 0.458534 0.023988 0.023866 0.024510
0 0.602883 0.873937 0.025392 0.025436
0 0.940096 0.481345 0.024938 0.024736
0 0.287638 0.028270 0.104142 0.056337
0 0.343004 0.027582 0.027178 0.026833
