0 0.161066 0.409979 0.125918 0.122065
0 0.806845 0.766718 0.038764 0.038175
0 0.468944 0.618738 0.050311 0.048303
0 0.089179 0.118156 0.033622 0.032484
0 0.217860 0.852799 0.048177 0.046316
0 0.248502 0.173673 0.033712 0.033137
0 0.097372 0.045782 0.031295 0.030543
0 0.524508 0.884385 0.033816 0.033119
0 0.798375 0.661144 0.027165 0.026837
0 0.170634 0.763290 0.028545 0.028990
0 0.739282 0.886432 0.025264 0.025263
0 0.604321 0.891547 0.029838 0.029727
0 0.890566 0.499940 0.034656 0.033864
0 0.553283 0.843662 0.056158 0.055559
0 0.212188 0.133716 0.027655 0.026569
0 0.660068 0.005917 0.023169 0.011835
0 0.847376 0.879470 0.032270 0.031639
0 0.070939 0.096542 0.023122 0.022794
0 0.775751 0.946009 0.020830 0.020325
0 0.009718 0.935771 0.019227 0.052454
0 0.964812 0.283742 0.021403 0.020627
0 0.547806 0.929869 0.035071 0.035279
