0 0.900452 0.835591 0.115980 0.092537
0 0.666677 0.318089 0.200636 0.160228
0 0.076606 0.315943 0.051547 0.044094
0 0.225183 0.124555 0.063765 0.052242
0 0.550071 0.633173 0.086473 0.072156
0 0.022971 0.426401 0.033828 0.029971
0 0.593990 0.435739 0.099399 0.081535
0 0.067645 0.811802 0.051254 0.044829
0 0.255489 0.744097 0.063199 0.054717
0 0.643659 0.666566 0.052048 0.046167
0 0.712835 0.573067 0.076933 0.064154
0 0.827009 0.424267 0.050499 0.039094
0 0.485338 0.387114 0.032801 0.028426
0 0.230759 0.016437 0.041909 0.032772
0 0.389419 0.008391 0.039166 0.016520
0 0.518707 0.052548 0.067376 0.051947
0 0.910486 0.078333 0.179027 0.155424
0 0.153716 0.554648 0.029303 0.026084
0 0.525821 0.315867 0.028294 0.025738
0 0.349482 0.755798 0.036521 0.033361
0 0.544909 0.376600 0.095634 0.082253
0 0.334565 0.085604 0.147181 0.122536
0 0.454798 0.813781 0.029515 0.026692
0 0.411661 0.974453 0.082342 0.051095
0 0.447525 0.680551 0.026054 0.024897
0 0.675092 0.449151 0.035518 0.029512
0 0.684012 0.133638 0.116429 0.093412
0 0.773476 0.588851 0.035468 0.026757
0 0.343316 0.701858 0.064097 0.053096
0 0.897203 0.970061 0.028234 0.025448
