0 0.504820 0.217146 0.225041 0.208379
0 0.588527 0.484894 0.039049 0.037330
0 0.953824 0.765354 0.056469 0.053872
0 0.839260 0.256665 0.072421 0.069710
0 0.515435 0.032482 0.044690 0.042058
0 0.407686 0.161399 0.040244 0.038357
0 0.470250 0.083147 0.094730 0.088015
0 0.422748 0.835090 0.036526 0.035343
0 0.099086 0.345832 0.033377 0.032501
0 0.358202 0.319700 0.032185 0.031155
0 0.575051 0.798219 0.034429 0.033553
0 0.094355 0.178454 0.049225 0.045699
0 0.142226 0.549205 0.026661 0.026656
0 0.638081 0.039440 0.036515 0.034636
0 0.629101 0.380471 0.034772 0.035032
0 0.387881 0.713795 0.039231 0.037876
0 0.804785 0.694391 0.037076 0.034874
0 0.280315 0.942352 0.101633 0.095657
0 0.433660 0.892705 0.024864 0.024700
0 0.604734 0.066611 0.028556 0.026876
0 0.196474 0.594148 0.030879 0.029073
0 0.450115 0.109029 0.025999 0.025007
0 0.768952 0.816773 0.041460 0.038766
0 0.013087 0.023625 0.025885 0.029480
0 0.906125 0.782553 0.185934 0.343961
0 0.013450 0.294301 0.023442 0.023970
0 0.234892 0.548771 0.022465 0.021601
0 0.970462 0.440202 0.026692 0.025728
0 0.692630 0.193470 0.151713 0.137528
0 0.122005 0.901849 0.111696 0.109414
0 0.068416 0.958839 0.025115 0.024898
0 0.212325 0.748783 0.159311 0.146458
0 0.279946 0.809625 0.047606 0.045681
0 0.396262 0.077923 0.023915 0.022272
0 0.009529 0.382996 0.019058 0.021507
0 0.492758 0.144126 0.036823 0.036839
0 0.631327 0.958457 0.031919 0.031036
