0 0.932659 0.175591 0.050654 0.036586
0 0.107407 0.890095 0.214814 0.192729
0 0.605411 0.640428 0.063683 0.048007
0 0.751773 0.699461 0.062410 0.048938
0 0.407667 0.897717 0.374092 0.204565
0 0.381279 0.295233 0.036667 0.029407
0 0.760125 0.789188 0.049946 0.037231
0 0.701425 0.395066 0.281987 0.219390
0 0.878449 0.207087 0.094942 0.071870
0 0.223818 0.949335 0.058980 0.046168
0 0.299452 0.607587 0.048481 0.045087
0 0.955471 0.444975 0.055582 0.040367
0 0.281840 0.712859 0.037316 0.031386
0 0.012007 0.945227 0.023703 0.037342
0 0.158403 0.526734 0.050307 0.041062
0 0.438218 0.422208 0.033077 0.026027
0 0.071163 0.163469 0.117543 0.100498
0 0.156220 0.476689 0.068313 0.059324
0 0.988707 0.326405 0.022349 0.032071
