0 0.883490 0.381433 0.108437 0.107240
0 0.788163 0.233078 0.041226 0.040706
0 0.384814 0.276911 0.065951 0.064808
0 0.922145 0.688609 0.050206 0.050097
0 0.327709 0.023418 0.042321 0.041945
0 0.482427 0.879641 0.033230 0.032909
0 0.091018 0.200665 0.028991 0.028902
0 0.464920 0.650230 0.028453 0.027430
0 0.354454 0.130142 0.044801 0.044277
0 0.820891 0.728762 0.034575 0.033195
0 0.265919 0.281603 0.027366 0.027045
0 0.356197 0.320001 0.030168 0.030016
0 0.637043 0.771298 0.026457 0.026594
0 0.438355 0.538354 0.024169 0.024022
0 0.047178 0.288681 0.025066 0.024818
0 0.904185 0.250427 0.026174 0.026204
0 0.456046 0.436820 0.022868 0.022875
0 0.751172 0.402368 0.026310 0.026306
0 0.011611 0.688924 0.023086 0.026426
0 0.377239 0.807216 0.028751 0.028113
0 0.830499 0.664559 0.022674 0.022558
0 0.395398 0.713916 0.024886 0.025012
0 0.080072 0.497450 0.021611 0.021676
0 0.398298 0.062224 0.021951 0.022033
0 0.193122 0.030594 0.026058 0.025360
0 0.217676 0.610627 0.021915 0.021757
0 0.693427 0.748687 0.059875 0.059209
