0 0.377203 0.776972 0.032663 0.032429
0 0.211035 0.689860 0.193568 0.191638
0 0.793928 0.741626 0.412145 0.420297
0 0.073597 0.359014 0.033776 0.033689
0 0.194623 0.922108 0.021273 0.020489
0 0.208298 0.877380 0.051751 0.051216
0 0.617021 0.908126 0.027304 0.027784
0 0.955398 0.960424 0.027130 0.026883
0 0.374976 0.669397 0.146689 0.147405
0 0.846100 0.979337 0.058122 0.041325
0 0.638614 0.929901 0.176522 0.140198
0 0.102973 0.643174 0.025579 0.026564
0 0.514275 0.803301 0.183842 0.188070
0 0.011572 0.496438 0.023021 0.025131
0 0.242828 0.911076 0.022192 0.022307
0 0.733754 0.948029 0.023255 0.022336
0 0.614823 0.813113 0.036628 0.036667
0 0.629517 0.894741 0.027136 0.027059
0 0.281089 0.310390 0.033580 0.034553
0 0.747342 0.966130 0.022113 0.021702
0 0.029457 0.668620 0.030960 0.030141
0 0.075893 0.176663 0.033390 0.032467
0 0.569817 0.221430 0.543727 0.442861
0 0.059414 0.477127 0.027580 0.027609
0 0.347159 0.420094 0.026607 0.025658
0 0.505714 0.683548 0.108347 0.111383
