0 0.419578 0.592117 0.100770 0.101606
0 0.938959 0.755154 0.029713 0.029477
0 0.592947 0.503228 0.024595 0.024285
0 0.546082 0.686903 0.026202 0.026172
0 0.272286 0.492525 0.099998 0.100032
0 0.397951 0.752008 0.037022 0.036736
0 0.795576 0.637913 0.034857 0.034599
0 0.934045 0.124158 0.035213 0.034519
0 0.107322 0.293552 0.049791 0.050428
0 0.957678 0.140692 0.031543 0.031785
0 0.557255 0.180699 0.027696 0.027844
0 0.827860 0.555517 0.025109 0.024649
0 0.775928 0.927079 0.050896 0.051197
0 0.449653 0.156902 0.027709 0.027754
0 0.522778 0.732543 0.025992 0.025978
0 0.574601 0.478605 0.031765 0.031255
0 0.884430 0.859574 0.045505 0.044983
0 0.900803 0.177592 0.035760 0.035489
0 0.752807 0.014230 0.033073 0.028413
0 0.775958 0.291854 0.027663 0.027437
0 0.019362 0.299309 0.038530 0.056722
0 0.743065 0.585143 0.025349 0.025432
0 0.405835 0.012131 0.022788 0.022470
0 0.036253 0.134049 0.042338 0.041309
0 0.537814 0.604149 0.044714 0.045180
0 0.443879 0.887943 0.026395 0.026294
0 0.053929 0.387471 0.036931 0.036380
0 0.162744 0.731363 0.029020 0.029668
0 0.052369 0.792384 0.031407 0.030737
0 0.766231 0.793331 0.032368 0.032399
0 0.046455 0.007637 0.031512 0.015273
0 0.897723 0.552159 0.026556 0.026946
0 0.037119 0.026147 0.031911 0.031307
0 0.368372 0.049121 0.025317 0.025440
0 0.639464 0.462526 0.021942 0.021323
0 0.936189 0.885765 0.041819 0.040407
0 0.989576 0.304597 0.020278 0.040480
0 0.842598 0.912021 0.028411 0.027658
0 0.134586 0.720724 0.023953 0.024128
0 0.007813 0.728809 0.015627 0.067420
0 0.771355 0.770881 0.025898 0.026123
0 0.918871 0.394978 0.027732 0.028637
0 0.524487 0.202527 0.019502 0.019462
0 0.485584 0.872710 0.058576 0.055591
0 0.150807 0.489225 0.043100 0.042591
0 0.769854 0.877084 0.024892 0.024648
0 0.946683 0.312331 0.019198 0.018926
0 0.274046 0.227830 0.036048 0.036056
0 0.794934 0.781484 0.021088 0.021694
0 0.410276 0.198446 0.042865 0.044155
0 0.568751 0.978231 0.022510 0.022477
0 0.316905 0.590931 0.030391 0.029914
0 0.956127 0.828567 0.032836 0.033032
0 0.344490 0.102221 0.020018 0.019877
0 0.657753 0.093965 0.019150 0.018582
0 0.441066 0.460863 0.022594 0.022182
0 0.006871 0.937271 0.013741 0.027627
0 0.009997 0.422532 0.019700 0.030852
0 0.249125 0.630690 0.120217 0.121728
0 0.950843 0.942610 0.023253 0.023106
0 0.225830 0.805348 0.021624 0.021924
0 0.760310 0.268596 0.036850 0.036147
