0 0.694362 0.143454 0.041722 0.040254
0 0.784711 0.674845 0.048297 0.048314
0 0.894785 0.217884 0.030075 0.029328
0 0.737404 0.276169 0.040142 0.038706
0 0.874253 0.653478 0.026549 0.026272
0 0.342108 0.525413 0.058918 0.058839
0 0.550928 0.775394 0.037177 0.036563
0 0.413763 0.217894 0.060414 0.058271
0 0.492717 0.160347 0.068469 0.065657
0 0.540644 0.335612 0.034565 0.034338
0 0.686134 0.194263 0.029950 0.029561
0 0.735631 0.805417 0.038067 0.037446
0 0.264811 0.720634 0.026435 0.026225
0 0.979227 0.878176 0.037375 0.037307
0 0.303825 0.182013 0.029779 0.029999
0 0.282550 0.941409 0.172561 0.117183
0 0.304110 0.621859 0.024678 0.024730
0 0.259664 0.622328 0.030956 0.030336
0 0.492935 0.766864 0.027766 0.027799
0 0.486667 0.030557 0.052392 0.050060
0 0.683314 0.442433 0.025564 0.025502
0 0.553356 0.299442 0.035216 0.035321
0 0.463570 0.063641 0.037793 0.037131
0 0.849780 0.988795 0.029431 0.022411
0 0.658474 0.257895 0.022957 0.022876
0 0.883423 0.318205 0.023905 0.023577
0 0.564837 0.020538 0.056938 0.041077
0 0.352374 0.063903 0.031910 0.031948
0 0.446457 0.965855 0.034008 0.033093
0 0.017686 0.149636 0.035372 0.040057
0 0.525596 0.206795 0.029370 0.029185
0 0.955760 0.407791 0.022353 0.022177
0 0.600864 0.757129 0.032076 0.031330
0 0.627469 0.730412 0.027247 0.026445
0 0.921617 0.748286 0.154721 0.160766
0 0.289307 0.366153 0.025990 0.025530
0 0.778328 0.805779 0.027891 0.027347
0 0.599321 0.204889 0.025280 0.024479
0 0.493081 0.801905 0.030169 0.030548
0 0.387711 0.034358 0.026011 0.025702
0 0.920062 0.583370 0.021245 0.021054
0 0.737401 0.571456 0.024100 0.023620
0 0.391310 0.100677 0.029617 0.029252
0 0.746311 0.396184 0.022803 0.022117
0 0.325132 0.667812 0.023450 0.023346
0 0.163965 0.659784 0.025270 0.024553
0 0.954534 0.184713 0.025689 0.025456
0 0.241339 0.917235 0.029102 0.028235
0 0.537695 0.232042 0.027860 0.028094
0 0.424344 0.386239 0.021960 0.021749
0 0.035985 0.771349 0.024942 0.024542
0 0.929795 0.053124 0.021436 0.021264
0 0.395877 0.382741 0.026406 0.027191
0 0.537695 0.271746 0.024864 0.025034
0 0.502401 0.282555 0.022954 0.022739
0 0.751562 0.370869 0.022929 0.022528
0 0.038851 0.294822 0.077243 0.080915
0 0.065900 0.402713 0.024356 0.024205
0 0.609288 0.268933 0.020866 0.020411
0 0.920218 0.926970 0.022174 0.022071
0 0.261477 0.671528 0.023833 0.023802
0 0.979556 0.308818 0.022175 0.021825
0 0.620432 0.487658 0.020526 0.020371
0 0.882634 0.544422 0.021543 0.021149
0 0.964724 0.925715 0.031454 0.030891
0 0.375919 0.818257 0.022044 0.021976
0 0.050798 0.691224 0.024417 0.022304
0 0.066744 0.229426 0.020771 0.020371
0 0.305274 0.309538 0.071883 0.070012
0 0.019152 0.331898 0.037677 0.055209
0 0.950421 0.462998 0.018645 0.018414
0 0.399134 0.298019 0.024552 0.023977
0 0.691672 0.299099 0.021689 0.022214
0 0.482654 0.899245 0.021891 0.021771
0 0.138158 0.816391 0.022294 0.021801
0 0.401642 0.056605 0.026403 0.026078
0 0.097548 0.436493 0.036646 0.036036
0 0.454029 0.496320 0.020529 0.020153
