0 0.215776 0.468235 0.026426 0.025974
0 0.704733 0.871218 0.041579 0.041588
0 0.747599 0.351812 0.028961 0.029041
0 0.782798 0.567472 0.044598 0.044054
0 0.577952 0.958320 0.026967 0.027178
0 0.419229 0.676135 0.024937 0.024622
0 0.501357 0.837715 0.039671 0.039840
0 0.318766 0.740773 0.029892 0.030144
0 0.498664 0.639794 0.024149 0.024260
0 0.124806 0.719280 0.040889 0.041139
0 0.272242 0.674254 0.042184 0.042097
0 0.675484 0.521996 0.026739 0.027207
0 0.635785 0.560903 0.028996 0.028776
0 0.759681 0.946844 0.032698 0.031729
0 0.647757 0.698495 0.023296 0.023420
0 0.231211 0.939083 0.021447 0.021920
0 0.010767 0.065448 0.021534 0.028964
0 0.492113 0.599492 0.027557 0.027196
0 0.622358 0.264091 0.024286 0.024314
0 0.910934 0.489021 0.111123 0.112630
0 0.526733 0.958766 0.036183 0.036632
0 0.032624 0.404112 0.021349 0.021116
0 0.186942 0.407382 0.022691 0.022631
0 0.288066 0.713686 0.033367 0.033548
0 0.638761 0.782409 0.025380 0.025099
0 0.292876 0.766753 0.033424 0.033399
0 0.558865 0.476538 0.022075 0.022435
0 0.333891 0.681594 0.030643 0.031093
0 0.192365 0.663118 0.022450 0.022411
0 0.193275 0.227165 0.064652 0.065713
0 0.384662 0.600171 0.022802 0.023574
0 0.772790 0.677008 0.059384 0.057367
0 0.345894 0.978406 0.031952 0.032104
0 0.627401 0.082181 0.255787 0.163727
0 0.592466 0.053424 0.020520 0.020074
0 0.415148 0.747341 0.032152 0.032891
0 0.796772 0.688755 0.020569 0.021970
0 0.743843 0.975039 0.040634 0.040183
0 0.553923 0.948700 0.026235 0.025615
0 0.791495 0.900055 0.021329 0.021542
0 0.613348 0.901012 0.020096 0.020175
0 0.608522 0.008191 0.020711 0.016294
0 0.566554 0.576346 0.022981 0.023662
0 0.865919 0.054895 0.116517 0.109789
0 0.226327 0.354726 0.068499 0.070274
0 0.236815 0.029954 0.070125 0.059909
0 0.985583 0.298838 0.028835 0.043385
0 0.435726 0.585308 0.048636 0.048522
0 0.085862 0.342873 0.171724 0.290262
0 0.629351 0.919497 0.018891 0.019306
0 0.044158 0.895441 0.088317 0.209117
0 0.148778 0.495380 0.297557 0.335722
0 0.817791 0.424213 0.027006 0.027378
0 0.699085 0.423026 0.030571 0.032012
0 0.834871 0.419476 0.061056 0.063874
0 0.392997 0.640223 0.067975 0.067024
0 0.799834 0.620779 0.060532 0.059339
0 0.755706 0.503445 0.057235 0.058138
0 0.618914 0.582394 0.022476 0.022730
0 0.749902 0.251011 0.109384 0.113792
0 0.690332 0.181672 0.069259 0.068633
0 0.537003 0.053471 0.018172 0.018747
0 0.466893 0.569159 0.020108 0.020402
0 0.847854 0.467543 0.018706 0.019276
0 0.854476 0.159347 0.064333 0.062292
0 0.593427 0.620937 0.088166 0.088527
0 0.593261 0.575806 0.019855 0.020197
0 0.129508 0.527704 0.031079 0.031962
0 0.831095 0.489646 0.035961 0.036640
0 0.340146 0.443580 0.019605 0.020011
0 0.288139 0.533882 0.019887 0.019892
0 0.540663 0.447989 0.148906 0.151222
0 0.332559 0.953203 0.035368 0.035044
0 0.987869 0.056236 0.024086 0.029136
0 0.657388 0.477255 0.096202 0.096530
