0 0.078407 0.964372 0.089307 0.068733
0 0.546890 0.462751 0.065004 0.051808
0 0.302822 0.621539 0.050780 0.040797
0 0.258778 0.566623 0.059018 0.048692
0 0.028946 0.718909 0.054585 0.046038
0 0.335318 0.778124 0.057408 0.046347
0 0.960175 0.033636 0.079146 0.066736
0 0.762569 0.430806 0.063461 0.051530
0 0.508535 0.504048 0.073954 0.056947
0 0.222686 0.607967 0.055339 0.046045
0 0.500077 0.357092 0.055362 0.043701
0 0.752826 0.375173 0.067538 0.058485
0 0.832877 0.787903 0.060114 0.046722
0 0.944183 0.083714 0.038665 0.031450
0 0.610831 0.453146 0.037071 0.030809
0 0.408513 0.319430 0.041599 0.032251
0 0.612581 0.010766 0.085307 0.021460
0 0.820448 0.446671 0.044375 0.031580
0 0.628567 0.498382 0.040786 0.029986
0 0.638079 0.992735 0.042306 0.014122
0 0.760650 0.309117 0.044008 0.036072
0 0.066388 0.465800 0.032240 0.029532
0 0.313278 0.845928 0.035169 0.028011
0 0.551681 0.974546 0.032095 0.028238
0 0.831813 0.625394 0.040862 0.031060
0 0.376708 0.721795 0.036416 0.031429
0 0.348535 0.291503 0.029818 0.024196
0 0.469741 0.683122 0.032633 0.027960
0 0.908919 0.595372 0.039394 0.029614
0 0.251481 0.498794 0.028275 0.024919
