0 0.665439 0.528472 0.032259 0.031701
0 0.084292 0.479092 0.113777 0.116148
0 0.883316 0.899988 0.034159 0.034712
0 0.182704 0.966720 0.029580 0.029514
0 0.057683 0.597026 0.061126 0.061614
0 0.524962 0.686499 0.058296 0.057623
0 0.403894 0.425569 0.049658 0.049829
0 0.219167 0.286591 0.049095 0.049082
0 0.539209 0.025158 0.040793 0.040335
0 0.155108 0.625878 0.040157 0.039098
0 0.225066 0.751819 0.031656 0.031889
0 0.429131 0.698978 0.070974 0.071587
0 0.039900 0.675748 0.031904 0.031824
0 0.151642 0.695525 0.022199 0.022116
0 0.814801 0.933294 0.046670 0.047899
0 0.070132 0.723301 0.098550 0.099132
0 0.895414 0.842820 0.021899 0.021959
0 0.393780 0.620727 0.038433 0.038668
0 0.181162 0.713974 0.021610 0.021982
0 0.021609 0.860434 0.043217 0.046994
0 0.526174 0.068307 0.040198 0.039921
0 0.701621 0.943369 0.037312 0.036834
0 0.549629 0.959892 0.051298 0.050252
0 0.615684 0.266274 0.036706 0.036681
0 0.306637 0.098080 0.030213 0.030575
0 0.241025 0.778521 0.025911 0.026369
0 0.150110 0.544491 0.023783 0.023893
0 0.118417 0.012086 0.042230 0.024173
0 0.019035 0.515129 0.030569 0.031195
0 0.133189 0.984637 0.041640 0.030725
0 0.544004 0.593928 0.022232 0.021950
0 0.185097 0.915578 0.066558 0.065572
0 0.390671 0.028078 0.030893 0.031359
0 0.114878 0.624300 0.041292 0.041870
0 0.984731 0.216627 0.021257 0.020874
0 0.963357 0.118468 0.022301 0.022008
0 0.042414 0.953459 0.033141 0.033656
0 0.393205 0.128705 0.022319 0.022467
0 0.502153 0.637984 0.066834 0.066519
0 0.945362 0.235868 0.021292 0.021491
0 0.439553 0.069551 0.057518 0.058011
0 0.280609 0.876818 0.023339 0.023518
0 0.106722 0.209623 0.021791 0.021916
0 0.546010 0.106072 0.040247 0.039711
0 0.418107 0.956086 0.046555 0.045187
0 0.019911 0.334859 0.029000 0.029711
0 0.021732 0.771902 0.043464 0.077211
0 0.226302 0.985581 0.022523 0.022480
0 0.385108 0.391677 0.036859 0.037237
0 0.339845 0.883223 0.081988 0.078223
0 0.320092 0.944450 0.045791 0.046312
0 0.660298 0.101484 0.022766 0.022561
0 0.886518 0.179636 0.027268 0.027582
0 0.897495 0.621009 0.024411 0.024585
0 0.050616 0.981961 0.026129 0.026071
0 0.027491 0.547864 0.054982 0.081038
0 0.151376 0.656472 0.020385 0.020938
0 0.873781 0.871902 0.023788 0.024083
0 0.804796 0.127677 0.020425 0.020352
0 0.293871 0.984258 0.024539 0.025268
0 0.545856 0.143029 0.053165 0.054549
0 0.023127 0.155961 0.032682 0.033443
0 0.551087 0.981163 0.084556 0.036966
0 0.092044 0.225900 0.021087 0.020818
0 0.880875 0.465758 0.023789 0.024138
0 0.151715 0.893865 0.027899 0.027943
0 0.930198 0.502550 0.020007 0.020042
0 0.111476 0.528449 0.031716 0.031732
0 0.720982 0.964131 0.030677 0.031274
0 0.724718 0.529837 0.018811 0.018794
0 0.373164 0.102637 0.031923 0.031651
0 0.098050 0.648226 0.018701 0.019003
0 0.602155 0.521937 0.036571 0.036563
0 0.575463 0.277463 0.020415 0.021521
0 0.447718 0.257605 0.036334 0.038295
0 0.162073 0.562110 0.019876 0.019744
0 0.025391 0.978987 0.020381 0.020137
0 0.065282 0.554819 0.027064 0.027181
0 0.364976 0.889467 0.034582 0.032440
0 0.321164 0.838390 0.029461 0.029408
