0 0.755038 0.436465 0.237026 0.238509
0 0.898989 0.618356 0.033958 0.033842
0 0.088908 0.605541 0.031050 0.030974
0 0.234845 0.604747 0.040566 0.040147
0 0.647185 0.317230 0.022936 0.022676
0 0.907232 0.790744 0.080112 0.079066
0 0.430527 0.785229 0.045726 0.045439
0 0.146069 0.560309 0.042979 0.042848
0 0.739941 0.852848 0.037691 0.037695
0 0.166943 0.764588 0.030963 0.031092
0 0.328331 0.890731 0.054453 0.053937
0 0.860266 0.362234 0.025762 0.026007
0 0.584365 0.449067 0.033450 0.033002
0 0.364266 0.543463 0.028606 0.028642
0 0.267039 0.641020 0.025354 0.025843
0 0.304517 0.561804 0.023396 0.023504
0 0.503550 0.547811 0.024130 0.023846
0 0.234309 0.861840 0.036186 0.036321
0 0.571840 0.972862 0.024282 0.024694
0 0.370769 0.961294 0.047810 0.047736
0 0.976517 0.915988 0.046912 0.048769
0 0.755543 0.908128 0.053086 0.052964
0 0.282867 0.290147 0.022051 0.021869
0 0.597555 0.178564 0.036924 0.036708
0 0.534115 0.592448 0.030099 0.030285
0 0.384806 0.458805 0.027280 0.027008
0 0.050220 0.763732 0.036604 0.036548
0 0.754560 0.695311 0.052068 0.051250
0 0.780562 0.561514 0.046627 0.046367
0 0.040102 0.247271 0.026861 0.026584
0 0.973895 0.563612 0.052210 0.060316
0 0.810754 0.309706 0.031998 0.032686
0 0.703388 0.098780 0.042215 0.041539
0 0.675551 0.279493 0.027236 0.027244
0 0.408258 0.103580 0.027734 0.027362
0 0.874704 0.308695 0.021948 0.022045
0 0.864436 0.062488 0.134644 0.124650
0 0.791571 0.798318 0.049224 0.048794
0 0.489374 0.223923 0.039326 0.039548
0 0.481730 0.701622 0.021553 0.021612
0 0.858006 0.717661 0.048960 0.048695
0 0.605641 0.277854 0.020300 0.020387
0 0.949382 0.128171 0.024918 0.024700
0 0.471584 0.639457 0.020309 0.020352
0 0.059079 0.733048 0.034380 0.034308
0 0.728395 0.072108 0.045540 0.045267
0 0.472483 0.040841 0.023925 0.023806
0 0.508773 0.113919 0.042194 0.042368
0 0.988064 0.633875 0.020588 0.020989
0 0.515647 0.387596 0.021216 0.021127
0 0.573829 0.506898 0.018614 0.018581
0 0.425503 0.132141 0.025948 0.025433
0 0.251485 0.193212 0.020033 0.019808
0 0.567563 0.629786 0.055358 0.056227
0 0.630716 0.579090 0.019903 0.020039
0 0.494863 0.515157 0.019699 0.019665
0 0.676957 0.518995 0.020365 0.020036
0 0.074470 0.709461 0.021855 0.021518
0 0.058175 0.611161 0.019334 0.020110
0 0.444233 0.963682 0.135980 0.072477
0 0.461470 0.093269 0.020652 0.020890
0 0.781747 0.959902 0.029986 0.029449
0 0.499223 0.266759 0.019261 0.019308
0 0.905913 0.495839 0.039684 0.039283
0 0.509802 0.975590 0.034574 0.034879
0 0.143912 0.937597 0.286469 0.124805
0 0.663893 0.639561 0.021370 0.021551
0 0.837774 0.017167 0.074620 0.034335
0 0.696081 0.868499 0.021300 0.021140
0 0.091416 0.017883 0.074962 0.035767
0 0.856530 0.137682 0.020288 0.021102
0 0.930073 0.184817 0.018551 0.018792
0 0.763024 0.736925 0.018012 0.018309
0 0.292146 0.827309 0.018074 0.018062
0 0.104481 0.658514 0.023179 0.023202
0 0.463889 0.533140 0.017939 0.018163
0 0.445008 0.173387 0.039172 0.039181
0 0.294959 0.733865 0.020597 0.020493
0 0.725876 0.782588 0.022988 0.022724
0 0.814777 0.070041 0.020581 0.020190
