0 0.320037 0.909554 0.036429 0.036362
0 0.641459 0.739079 0.038373 0.036274
0 0.267061 0.378459 0.039044 0.038376
0 0.150967 0.275746 0.035805 0.034924
0 0.074636 0.038765 0.033798 0.033968
0 0.323773 0.594430 0.028892 0.028457
0 0.246602 0.849512 0.047423 0.047331
0 0.520726 0.443157 0.046134 0.044840
0 0.685476 0.863218 0.029773 0.029353
0 0.541889 0.772565 0.106889 0.103038
0 0.389915 0.443139 0.042848 0.041447
0 0.788145 0.569417 0.260231 0.237659
0 0.554235 0.518596 0.026518 0.025714
0 0.094621 0.921542 0.029555 0.029298
0 0.612885 0.680986 0.028084 0.027762
0 0.638277 0.517186 0.029976 0.029652
0 0.951347 0.239006 0.090451 0.086876
0 0.509349 0.562877 0.029288 0.028837
0 0.768344 0.364959 0.026375 0.025328
0 0.241343 0.324466 0.023183 0.022977
0 0.491973 0.948633 0.021768 0.021755
0 0.215976 0.305069 0.046879 0.045325
0 0.227857 0.919781 0.029741 0.030359
0 0.216330 0.135394 0.032279 0.031230
0 0.169928 0.725501 0.048942 0.049396
0 0.078924 0.088985 0.023363 0.023406
0 0.435658 0.376302 0.081599 0.078490
0 0.516448 0.489213 0.230166 0.204649
0 0.756084 0.793891 0.171571 0.163111
0 0.178214 0.085104 0.025789 0.025449
0 0.654120 0.299330 0.022483 0.022354
0 0.571402 0.356580 0.102596 0.096967
0 0.343948 0.150583 0.050065 0.048648
0 0.232452 0.878449 0.031132 0.031500
0 0.840199 0.088129 0.023428 0.022113
0 0.616984 0.736825 0.126061 0.124296
0 0.931439 0.956157 0.054542 0.052116
0 0.040975 0.410820 0.023954 0.023716
0 0.955471 0.983200 0.038311 0.032266
0 0.089146 0.966552 0.079838 0.066897
0 0.570158 0.247836 0.084802 0.081978
0 0.099327 0.829227 0.038571 0.038874
0 0.545479 0.863595 0.031100 0.030538
0 0.517324 0.292759 0.076010 0.072461
0 0.880048 0.849278 0.027403 0.026639
0 0.100704 0.244081 0.201409 0.225104
0 0.198995 0.806952 0.020371 0.020225
0 0.852352 0.725031 0.022694 0.022667
0 0.601364 0.444398 0.031983 0.031203
0 0.355380 0.697824 0.021302 0.021568
0 0.642653 0.607194 0.034625 0.036848
0 0.174019 0.446930 0.040318 0.039524
0 0.956988 0.627266 0.030602 0.030632
0 0.750093 0.333109 0.355170 0.335218
0 0.506487 0.184124 0.020156 0.020068
0 0.151384 0.925993 0.065363 0.065983
0 0.564164 0.994071 0.023785 0.011775
0 0.269292 0.961131 0.120329 0.076178
0 0.012500 0.859201 0.024648 0.036778
0 0.006219 0.989579 0.012438 0.020105
0 0.120626 0.621613 0.020932 0.020773
