0 0.622866 0.438489 0.107650 0.098382
0 0.384478 0.324566 0.051548 0.048336
0 0.376894 0.212953 0.062651 0.058205
0 0.889798 0.348706 0.046630 0.040716
0 0.734090 0.565172 0.040016 0.037744
0 0.664252 0.579596 0.041014 0.036882
0 0.500489 0.652699 0.078758 0.074093
0 0.577397 0.888062 0.138017 0.126349
0 0.878553 0.960553 0.032925 0.031251
0 0.705401 0.225579 0.036882 0.034127
0 0.453447 0.780307 0.088354 0.079857
0 0.642971 0.758713 0.027848 0.026903
0 0.896135 0.634776 0.207730 0.216868
0 0.203611 0.549901 0.046585 0.044366
0 0.304332 0.596195 0.047484 0.043496
0 0.477595 0.945121 0.031948 0.030483
0 0.892160 0.985372 0.033635 0.028222
0 0.809490 0.037088 0.058319 0.049691
0 0.859549 0.394648 0.144853 0.120095
0 0.395605 0.695620 0.170899 0.157102
0 0.405630 0.944320 0.027730 0.026474
0 0.273629 0.935263 0.028958 0.027596
0 0.433909 0.206407 0.046803 0.045300
0 0.716633 0.697626 0.029104 0.028173
0 0.414467 0.834073 0.029798 0.027505
0 0.132240 0.982758 0.033909 0.032173
0 0.808529 0.737174 0.157580 0.136951
0 0.232520 0.231822 0.031513 0.029908
0 0.111691 0.543866 0.028507 0.028005
0 0.543237 0.560480 0.184109 0.158865
0 0.293425 0.331179 0.028800 0.028364
0 0.103681 0.369070 0.207362 0.429692
0 0.553451 0.910233 0.026122 0.025692
0 0.594165 0.769761 0.043817 0.040384
0 0.278590 0.281814 0.049116 0.046910
0 0.552724 0.992656 0.024715 0.014276
0 0.256583 0.567687 0.065418 0.062736
0 0.318619 0.118981 0.027818 0.027120
0 0.076705 0.676950 0.023705 0.023573
0 0.716998 0.156899 0.144580 0.127559
0 0.679400 0.357020 0.034821 0.033241
0 0.939532 0.702413 0.025258 0.024896
0 0.222964 0.722727 0.026558 0.026102
0 0.006551 0.601143 0.013102 0.034504
0 0.570103 0.678439 0.029441 0.027449
0 0.200914 0.189801 0.028964 0.028205
0 0.824388 0.833104 0.055703 0.052249
0 0.704991 0.787742 0.056812 0.051601
0 0.739956 0.757843 0.025270 0.024619
