0 0.619483 0.868361 0.027740 0.027414
0 0.398050 0.944578 0.045066 0.045284
0 0.653702 0.369677 0.046423 0.046911
0 0.582726 0.815775 0.030056 0.030052
0 0.257407 0.425662 0.034678 0.034776
0 0.854701 0.813150 0.030225 0.030254
0 0.876756 0.712402 0.032839 0.032685
0 0.210734 0.445361 0.036495 0.036603
0 0.662441 0.295636 0.029359 0.028917
0 0.439833 0.209928 0.029820 0.029778
0 0.481766 0.173860 0.036801 0.036869
0 0.428808 0.073602 0.032553 0.032466
0 0.290247 0.583613 0.023437 0.023028
0 0.358838 0.818888 0.027523 0.028008
0 0.112293 0.097587 0.044717 0.045144
0 0.503730 0.277891 0.023194 0.023478
0 0.391072 0.035194 0.027664 0.027677
0 0.130938 0.861647 0.033111 0.033519
0 0.352055 0.667663 0.021389 0.021181
0 0.768207 0.659436 0.032310 0.032396
0 0.773205 0.482575 0.021879 0.022121
0 0.559464 0.957559 0.034425 0.034389
0 0.461501 0.380993 0.023852 0.024226
0 0.190604 0.095745 0.023557 0.023671
0 0.746562 0.939567 0.019938 0.019654
0 0.937461 0.122432 0.023602 0.024093
0 0.780599 0.991013 0.044396 0.017975
0 0.377980 0.262268 0.021590 0.021561
0 0.273778 0.354798 0.024758 0.024640
0 0.417230 0.227581 0.026101 0.026506
0 0.652214 0.767123 0.031932 0.031986
0 0.958258 0.525530 0.083475 0.212602
0 0.804295 0.909864 0.026401 0.026387
0 0.039304 0.412216 0.078609 0.083372
0 0.166531 0.028853 0.035782 0.033642
0 0.127338 0.200974 0.036733 0.037038
0 0.884680 0.411984 0.070799 0.071247
0 0.906380 0.178074 0.031418 0.031674
0 0.309918 0.770507 0.019565 0.019445
0 0.563617 0.581602 0.027068 0.027406
0 0.704951 0.872525 0.028329 0.028179
0 0.600853 0.017173 0.059059 0.034117
0 0.160360 0.979230 0.033780 0.033556
0 0.698225 0.141332 0.060971 0.061685
0 0.400046 0.061501 0.021332 0.021096
0 0.118472 0.963983 0.023319 0.023482
0 0.194454 0.041298 0.018141 0.017800
0 0.509478 0.970135 0.055720 0.055079
0 0.522674 0.141827 0.019159 0.019320
0 0.925805 0.902712 0.019556 0.019469
0 0.024516 0.019145 0.023637 0.024742
0 0.699036 0.181079 0.023207 0.023170
0 0.262527 0.898788 0.099574 0.099803
