0 0.108590 0.937131 0.085664 0.085036
0 0.721440 0.938447 0.074657 0.072223
0 0.573260 0.485136 0.042151 0.041413
0 0.861732 0.301260 0.030557 0.030666
0 0.568711 0.875307 0.062462 0.062010
0 0.834313 0.273103 0.043344 0.043110
0 0.154226 0.809309 0.062839 0.062977
0 0.754710 0.437897 0.030796 0.030764
0 0.818500 0.794253 0.035065 0.033999
0 0.071460 0.637509 0.036973 0.036492
0 0.257957 0.621640 0.033304 0.032551
0 0.033503 0.823754 0.062823 0.062259
0 0.106123 0.153091 0.090679 0.088583
0 0.760656 0.887701 0.036911 0.035709
0 0.281346 0.942504 0.103811 0.102281
0 0.915603 0.927310 0.049878 0.048475
0 0.475199 0.609665 0.045609 0.045206
0 0.941742 0.419670 0.112871 0.114442
0 0.544300 0.963214 0.031417 0.030709
0 0.702235 0.236719 0.049592 0.048298
0 0.678459 0.903482 0.045850 0.045515
0 0.692682 0.859748 0.028307 0.028165
0 0.577848 0.449322 0.036601 0.036695
0 0.421064 0.973197 0.111055 0.053606
0 0.856691 0.359490 0.042062 0.042990
0 0.358775 0.155965 0.062102 0.060668
0 0.991364 0.657463 0.017273 0.032292
0 0.183846 0.030137 0.056953 0.055712
0 0.845082 0.833905 0.031110 0.031086
0 0.616092 0.972874 0.103654 0.053871
0 0.321146 0.065279 0.073414 0.067376
0 0.742111 0.616690 0.023551 0.023527
0 0.470207 0.192177 0.037644 0.036847
0 0.740217 0.369909 0.044220 0.043493
0 0.647474 0.881399 0.034113 0.033591
0 0.814451 0.169146 0.045055 0.045200
0 0.784166 0.376796 0.041814 0.041613
0 0.197058 0.705493 0.071174 0.070944
0 0.013979 0.874945 0.027654 0.049922
0 0.602315 0.566458 0.023290 0.023420
0 0.899603 0.076916 0.100224 0.098682
0 0.723606 0.017504 0.049861 0.035007
0 0.660679 0.852316 0.030215 0.029609
0 0.591506 0.086793 0.044373 0.043062
0 0.816038 0.946853 0.099490 0.097883
0 0.572698 0.306192 0.107908 0.103381
0 0.193227 0.789503 0.025746 0.025173
0 0.035171 0.405555 0.069880 0.117438
0 0.699718 0.543322 0.021631 0.021326
0 0.010150 0.059386 0.020069 0.067257
0 0.525508 0.464220 0.059630 0.060391
0 0.743543 0.675592 0.024315 0.023944
0 0.511515 0.640710 0.039968 0.039037
0 0.109183 0.601805 0.067141 0.066287
0 0.007224 0.698411 0.014447 0.052003
0 0.616359 0.194812 0.041092 0.040145
0 0.421663 0.063577 0.020865 0.021024
0 0.398657 0.207852 0.021718 0.021750
0 0.379711 0.746070 0.037553 0.038222
0 0.752787 0.724548 0.086489 0.084785
0 0.263594 0.751401 0.107603 0.108646
0 0.562905 0.022516 0.047324 0.042591
0 0.573664 0.551127 0.036089 0.036667
0 0.708887 0.285378 0.025035 0.024794
0 0.189563 0.138852 0.040907 0.039229
0 0.978991 0.498184 0.041589 0.116912
0 0.946140 0.862570 0.090645 0.088020
0 0.847225 0.133217 0.028967 0.029061
0 0.465539 0.477322 0.053306 0.053976
0 0.507485 0.770675 0.026343 0.026155
0 0.425835 0.179072 0.020884 0.020828
0 0.501611 0.582410 0.021294 0.021250
0 0.284504 0.297330 0.078726 0.078459
0 0.309458 0.782942 0.035564 0.035583
0 0.421711 0.583868 0.068939 0.068388
0 0.450694 0.750605 0.021589 0.021847
0 0.920714 0.554605 0.133217 0.131953
0 0.767014 0.497345 0.042343 0.042705
0 0.254050 0.985983 0.052311 0.028034
0 0.231162 0.141456 0.035107 0.035338
0 0.689097 0.452678 0.054029 0.053929
0 0.023268 0.654880 0.046535 0.151921
