0 0.035872 0.675126 0.022077 0.022205
0 0.409464 0.357768 0.021018 0.021012
0 0.013071 0.648569 0.023801 0.023732
0 0.407103 0.503898 0.018938 0.019041
0 0.021634 0.182142 0.039890 0.041445
0 0.202944 0.651312 0.020044 0.019652
0 0.294738 0.367212 0.025021 0.025156
0 0.536457 0.778944 0.024216 0.023908
0 0.457500 0.409409 0.024404 0.024675
0 0.221597 0.471550 0.100629 0.099362
0 0.040744 0.115827 0.027685 0.028827
0 0.469995 0.582587 0.025241 0.025200
0 0.082027 0.726295 0.020392 0.020297
0 0.366710 0.345973 0.028560 0.029757
0 0.427425 0.368758 0.023992 0.025247
0 0.726898 0.537625 0.019331 0.019285
