0 0.698290 0.918521 0.125988 0.098429
0 0.476837 0.688309 0.167445 0.129068
0 0.608867 0.370159 0.058129 0.043485
0 0.580388 0.568488 0.062290 0.051623
0 0.775007 0.817979 0.045900 0.036674
0 0.053532 0.813675 0.077843 0.061040
0 0.517251 0.165158 0.051188 0.039650
0 0.740389 0.102412 0.055686 0.045565
0 0.680637 0.344269 0.079469 0.062239
0 0.419622 0.200213 0.042822 0.035319
0 0.426897 0.854395 0.040178 0.032181
0 0.557833 0.459248 0.042094 0.032733
0 0.788307 0.360324 0.072779 0.057320
0 0.578310 0.158159 0.039920 0.032342
0 0.461507 0.362336 0.078949 0.062304
0 0.457753 0.439654 0.044670 0.033678
0 0.901544 0.773035 0.038432 0.031929
0 0.600333 0.754986 0.164642 0.122895
0 0.383493 0.887119 0.075697 0.058729
0 0.239841 0.354404 0.039337 0.031574
0 0.727286 0.487824 0.086743 0.070992
0 0.663365 0.492104 0.066627 0.056151
0 0.799775 0.039844 0.043113 0.034318
0 0.348848 0.442851 0.057255 0.045998
0 0.136669 0.769946 0.045387 0.036053
0 0.274723 0.372827 0.036773 0.030030
0 0.964580 0.697758 0.070665 0.062816
0 0.928873 0.553375 0.142254 0.135249
0 0.911980 0.673552 0.049337 0.035822
0 0.174634 0.762198 0.038060 0.029440
0 0.134801 0.348066 0.070876 0.054177
0 0.380107 0.598374 0.095971 0.074907
0 0.842401 0.605726 0.081480 0.061463
0 0.506134 0.578442 0.157232 0.124777
0 0.265132 0.991070 0.042629 0.017269
0 0.200888 0.680773 0.044243 0.031986
0 0.940879 0.990891 0.045593 0.017841
0 0.681865 0.730074 0.041812 0.034066
0 0.719087 0.793009 0.121544 0.092615
0 0.374048 0.949068 0.035570 0.027869
0 0.063299 0.221867 0.034417 0.029379
0 0.057384 0.342602 0.070327 0.054859
0 0.213848 0.751491 0.045381 0.034862
0 0.675816 0.623552 0.035607 0.027885
0 0.097504 0.732525 0.063964 0.049678
0 0.568287 0.203609 0.033611 0.027257
0 0.138270 0.726682 0.046472 0.041202
0 0.345095 0.419346 0.035034 0.025864
0 0.822148 0.186923 0.078276 0.057788
0 0.383426 0.418059 0.036397 0.031843
0 0.423630 0.425398 0.042226 0.033360
0 0.277676 0.408550 0.036205 0.030912
0 0.310431 0.517653 0.150491 0.113561
