0 0.175570 0.214642 0.161162 0.164290
0 0.074217 0.374285 0.035586 0.035505
0 0.129910 0.460280 0.026242 0.025756
0 0.847458 0.039433 0.045760 0.045161
0 0.134614 0.106087 0.225502 0.212174
0 0.788827 0.057156 0.069585 0.068112
0 0.803836 0.285225 0.032798 0.032339
0 0.385870 0.170104 0.023907 0.024177
0 0.473731 0.152202 0.030046 0.029778
0 0.728818 0.215692 0.072449 0.072179
0 0.791724 0.160453 0.026725 0.026948
0 0.562666 0.213691 0.024803 0.025070
0 0.676897 0.780449 0.035872 0.035040
0 0.553884 0.047548 0.020900 0.020984
0 0.667744 0.107581 0.029035 0.028770
0 0.148960 0.682472 0.037726 0.038097
0 0.840457 0.022634 0.075863 0.045269
0 0.882342 0.055621 0.021445 0.021314
0 0.915322 0.374498 0.024964 0.024634
0 0.608789 0.020072 0.040331 0.038074
0 0.812326 0.398798 0.025955 0.025506
0 0.145846 0.560313 0.021140 0.021067
0 0.538632 0.177547 0.045073 0.043277
