0 0.209937 0.959477 0.060409 0.059795
0 0.372931 0.706804 0.050927 0.050842
0 0.830377 0.531022 0.030795 0.030878
0 0.205786 0.900857 0.043193 0.043623
0 0.821028 0.627700 0.040126 0.040432
0 0.883117 0.327673 0.069730 0.069179
0 0.410659 0.678071 0.028013 0.028615
0 0.850014 0.733090 0.024594 0.024557
0 0.622244 0.309599 0.033174 0.033805
0 0.460360 0.608606 0.025974 0.026193
0 0.618208 0.982772 0.032629 0.032451
0 0.672779 0.419222 0.030114 0.030336
0 0.588190 0.410710 0.029153 0.028883
0 0.851155 0.297516 0.039639 0.038784
0 0.891005 0.934786 0.026809 0.026821
0 0.108138 0.820754 0.051249 0.051014
0 0.904909 0.242843 0.025118 0.025173
0 0.449599 0.928682 0.027296 0.026960
0 0.534083 0.877941 0.026175 0.026833
0 0.367460 0.615614 0.028388 0.029164
0 0.780060 0.236638 0.025856 0.025751
0 0.901744 0.266764 0.025289 0.024891
0 0.627552 0.066136 0.027896 0.027926
0 0.322573 0.787427 0.028604 0.028552
0 0.876369 0.600901 0.026384 0.026062
0 0.576313 0.691415 0.034789 0.035665
0 0.893704 0.685656 0.027341 0.027239
0 0.600885 0.329936 0.024838 0.024857
0 0.073777 0.733258 0.048832 0.050150
0 0.509823 0.392424 0.032408 0.032131
0 0.336827 0.933553 0.024790 0.024929
0 0.642876 0.415835 0.032783 0.032681
0 0.682022 0.341698 0.063253 0.063347
0 0.392540 0.519032 0.027378 0.026906
0 0.138874 0.851824 0.021892 0.021935
0 0.830074 0.775953 0.025863 0.025837
0 0.420099 0.534163 0.027266 0.027745
0 0.096023 0.768935 0.061577 0.059089
0 0.058253 0.563724 0.026401 0.026007
0 0.954219 0.101073 0.021820 0.022115
0 0.582505 0.449882 0.034841 0.035084
0 0.814937 0.204369 0.021869 0.021950
0 0.558384 0.380212 0.023893 0.024320
0 0.241275 0.834150 0.026290 0.026339
0 0.648432 0.386206 0.021150 0.021307
0 0.973397 0.152879 0.021669 0.021761
0 0.117467 0.150268 0.232308 0.298091
0 0.899597 0.425866 0.021834 0.021779
0 0.819722 0.329507 0.049316 0.048789
0 0.624382 0.344113 0.022219 0.022320
0 0.751212 0.903314 0.024007 0.023812
0 0.833337 0.216138 0.021819 0.021494
0 0.813663 0.234572 0.359410 0.393035
0 0.806460 0.655999 0.022432 0.022569
0 0.547533 0.447216 0.029237 0.029242
0 0.853718 0.146218 0.021385 0.021438
0 0.842016 0.079529 0.113277 0.110517
0 0.990508 0.100080 0.018984 0.037046
0 0.982582 0.575601 0.032083 0.033737
0 0.497419 0.662491 0.025661 0.026085
0 0.349786 0.991497 0.023276 0.017006
0 0.244637 0.541195 0.037469 0.037054
0 0.989908 0.171888 0.019958 0.041078
0 0.580122 0.735861 0.026949 0.027966
