0 0.212690 0.793816 0.090919 0.083693
0 0.151245 0.948088 0.106541 0.095882
0 0.408894 0.590568 0.074686 0.068097
0 0.342777 0.446583 0.050212 0.046955
0 0.140372 0.595492 0.041507 0.038601
0 0.586936 0.649199 0.034838 0.033709
0 0.565743 0.606445 0.038868 0.038068
0 0.574029 0.464644 0.069642 0.064058
0 0.395258 0.717109 0.082446 0.074260
0 0.408754 0.653118 0.084616 0.078849
0 0.902052 0.227190 0.035135 0.034082
0 0.120551 0.636206 0.071692 0.066275
0 0.100097 0.136711 0.062774 0.058260
0 0.029792 0.174897 0.059473 0.078200
0 0.270350 0.018630 0.043975 0.036396
0 0.662364 0.610621 0.030651 0.029430
0 0.681184 0.254953 0.168007 0.154164
0 0.868768 0.410522 0.262411 0.339644
0 0.893847 0.602267 0.062594 0.058989
0 0.427011 0.491909 0.033083 0.031789
0 0.711336 0.699628 0.044596 0.042981
0 0.109411 0.204852 0.059838 0.054816
0 0.322131 0.180667 0.069723 0.065621
0 0.345382 0.514618 0.044535 0.038223
0 0.290245 0.572608 0.100719 0.096459
0 0.571935 0.287735 0.032295 0.031445
0 0.657833 0.666301 0.085001 0.081682
0 0.342924 0.279840 0.119033 0.109608
0 0.356222 0.554200 0.072334 0.065020
0 0.721057 0.986434 0.086429 0.027131
0 0.424477 0.036031 0.063681 0.055128
0 0.752518 0.754564 0.049443 0.047810
0 0.396394 0.920483 0.066381 0.059970
0 0.357363 0.903583 0.048093 0.045121
0 0.066136 0.078362 0.062815 0.053479
0 0.475860 0.566020 0.026433 0.025978
0 0.333485 0.048053 0.033713 0.030049
0 0.791567 0.920385 0.034718 0.033457
0 0.682666 0.545338 0.059104 0.055850
0 0.304271 0.693580 0.028789 0.027205
0 0.289266 0.326007 0.068721 0.060832
0 0.087696 0.804738 0.115039 0.101075
0 0.229276 0.291574 0.082409 0.074324
0 0.471506 0.839460 0.050825 0.046887
0 0.457650 0.019214 0.080597 0.037919
0 0.702286 0.770527 0.031178 0.030292
0 0.626571 0.452417 0.037990 0.036455
0 0.019890 0.319655 0.039779 0.075810
0 0.211729 0.484263 0.037063 0.035555
0 0.023359 0.862716 0.027425 0.025195
