0 0.584763 0.083695 0.141069 0.140009
0 0.904556 0.314206 0.038806 0.038441
0 0.726352 0.141723 0.045106 0.044313
0 0.840862 0.064281 0.027396 0.027680
0 0.895766 0.623027 0.034441 0.034745
0 0.658794 0.616247 0.027255 0.027775
0 0.410473 0.803261 0.023088 0.023201
0 0.923683 0.951262 0.029416 0.029436
0 0.459716 0.028042 0.026452 0.026068
0 0.899527 0.793796 0.025872 0.025330
0 0.165150 0.808072 0.025156 0.024040
0 0.845688 0.624676 0.022025 0.021959
0 0.441327 0.572004 0.021148 0.021545
0 0.890320 0.038508 0.021511 0.021325
0 0.809797 0.939028 0.129497 0.120523
0 0.849038 0.697203 0.026228 0.026373
0 0.988666 0.652315 0.020865 0.022749
