0 0.489767 0.533519 0.331012 0.298992
0 0.065235 0.705641 0.117651 0.112077
0 0.484025 0.117551 0.076243 0.074587
0 0.277230 0.680059 0.118227 0.115449
0 0.791764 0.249653 0.225375 0.207597
0 0.428095 0.337064 0.038519 0.037547
0 0.590289 0.297380 0.028106 0.027746
0 0.218834 0.243673 0.025719 0.025248
0 0.965186 0.151057 0.044925 0.041981
0 0.363139 0.042276 0.029567 0.029085
0 0.311219 0.215380 0.122779 0.119152
0 0.677024 0.452740 0.029714 0.028753
0 0.113336 0.515184 0.075377 0.073375
0 0.162497 0.152158 0.024144 0.023540
0 0.335193 0.895518 0.027459 0.027493
0 0.293513 0.146275 0.033753 0.033120
0 0.971502 0.657133 0.056297 0.067189
0 0.685505 0.559155 0.132353 0.130399
0 0.870717 0.124216 0.100935 0.095707
0 0.811151 0.082998 0.032404 0.032518
0 0.020207 0.442078 0.040401 0.041933
0 0.070233 0.068841 0.030068 0.029764
0 0.154728 0.439433 0.035489 0.035969
0 0.276956 0.765730 0.024775 0.024409
0 0.169800 0.604943 0.030505 0.029960
0 0.658163 0.226787 0.049517 0.049056
0 0.311825 0.087829 0.028047 0.027581
0 0.742010 0.013726 0.034470 0.027423
0 0.779773 0.124533 0.071909 0.069670
0 0.650548 0.013664 0.039492 0.027247
0 0.494964 0.902571 0.281710 0.194859
0 0.875050 0.185229 0.025927 0.024390
0 0.162365 0.008047 0.030136 0.016079
0 0.766042 0.582281 0.030727 0.029754
0 0.730256 0.072075 0.082177 0.079811
0 0.423447 0.860560 0.028411 0.028424
0 0.411264 0.837419 0.024629 0.023824
0 0.016806 0.395931 0.033611 0.056917
0 0.543441 0.749214 0.285203 0.292504
0 0.277192 0.313137 0.114566 0.112665
0 0.056873 0.047851 0.021916 0.022401
0 0.342401 0.280441 0.021583 0.021040
0 0.134637 0.364284 0.026171 0.025836
0 0.671949 0.272006 0.030147 0.030325
0 0.321765 0.232734 0.022073 0.021339
0 0.215338 0.397395 0.030680 0.030493
0 0.258689 0.564934 0.138371 0.134406
0 0.031099 0.929080 0.043654 0.042045
0 0.020989 0.112467 0.021054 0.020270
0 0.913671 0.191074 0.026629 0.025790
0 0.863240 0.254831 0.085890 0.081499
0 0.628774 0.110467 0.085976 0.076645
0 0.987889 0.428762 0.024063 0.026426
0 0.095609 0.008623 0.050775 0.017246
0 0.008143 0.553937 0.016095 0.062404
0 0.644582 0.055884 0.019367 0.018933
0 0.536216 0.846340 0.024680 0.023779
0 0.932331 0.974031 0.032565 0.031072
0 0.829676 0.155255 0.021638 0.021903
0 0.848601 0.057986 0.024610 0.023663
0 0.850941 0.345989 0.025903 0.024637
0 0.202344 0.624612 0.039030 0.037872
0 0.359407 0.982206 0.128786 0.035187
0 0.524856 0.230397 0.092752 0.088498
0 0.785638 0.048138 0.037112 0.036040
0 0.040968 0.110170 0.081936 0.163635
0 0.956253 0.588153 0.023324 0.023370
0 0.912637 0.533026 0.021839 0.021075
0 0.975219 0.375950 0.048941 0.063705
0 0.943949 0.947252 0.028990 0.029006
0 0.177756 0.950319 0.026150 0.025227
0 0.015667 0.265059 0.031141 0.179743
0 0.989005 0.404143 0.019006 0.019933
0 0.386692 0.829976 0.025000 0.024085
0 0.970611 0.322733 0.046778 0.045686
0 0.657180 0.094787 0.064486 0.066047
0 0.321101 0.023926 0.021085 0.019316
0 0.574286 0.022509 0.021386 0.021297
0 0.828435 0.209595 0.022708 0.022658
