0 0.780675 0.554212 0.177206 0.133098
0 0.293862 0.498255 0.115706 0.085120
0 0.076601 0.847313 0.095395 0.075486
0 0.070729 0.489687 0.141245 0.117291
0 0.423835 0.041384 0.079025 0.058323
0 0.339599 0.978143 0.068252 0.041879
0 0.860338 0.815166 0.275179 0.215564
0 0.215664 0.649057 0.165989 0.131633
0 0.918913 0.651665 0.123322 0.099313
0 0.697362 0.068722 0.048580 0.035302
0 0.802811 0.958669 0.113772 0.081213
0 0.387873 0.104344 0.047030 0.039038
0 0.203155 0.568996 0.050503 0.038903
0 0.320616 0.021973 0.051068 0.039535
0 0.380755 0.444819 0.039798 0.031835
0 0.774010 0.351290 0.059070 0.045214
0 0.695329 0.605703 0.053961 0.041923
0 0.022110 0.537042 0.044220 0.076099
0 0.943610 0.494869 0.040146 0.032473
0 0.456111 0.967615 0.039983 0.031775
0 0.347070 0.059923 0.061354 0.048411
0 0.102512 0.100319 0.062925 0.048479
0 0.517248 0.437952 0.438543 0.323179
0 0.146708 0.929950 0.051400 0.037281
0 0.047921 0.008392 0.050525 0.016784
0 0.153767 0.762509 0.066889 0.045614
0 0.339349 0.101045 0.044170 0.037586
0 0.085145 0.226465 0.170012 0.277136
0 0.167152 0.257794 0.043600 0.034190
0 0.756508 0.645327 0.035271 0.029248
0 0.912389 0.228998 0.174718 0.151493
0 0.785431 0.465213 0.075761 0.054541
0 0.936574 0.524768 0.030748 0.024978
0 0.816975 0.304254 0.061830 0.049511
0 0.612400 0.262319 0.054867 0.045268
0 0.940503 0.790524 0.026759 0.024039
0 0.785019 0.437252 0.064894 0.041953
0 0.392346 0.189744 0.070587 0.058002
0 0.203756 0.727186 0.033800 0.027617
0 0.133465 0.872801 0.046718 0.034841
0 0.347520 0.238695 0.082152 0.060611
0 0.082853 0.802595 0.055895 0.042152
0 0.327838 0.112916 0.044027 0.034840
0 0.487398 0.715622 0.028529 0.024133
0 0.918928 0.967175 0.035934 0.028834
0 0.026513 0.784546 0.053011 0.058563
