0 0.533405 0.515707 0.309556 0.310911
0 0.215569 0.893970 0.151897 0.152480
0 0.457916 0.157524 0.030769 0.029790
0 0.662742 0.686360 0.035127 0.035512
0 0.521515 0.263308 0.029981 0.030064
0 0.733144 0.606512 0.026462 0.027010
0 0.413186 0.252713 0.033557 0.033133
0 0.954656 0.935341 0.035702 0.035096
0 0.058099 0.111902 0.116199 0.223805
0 0.349408 0.520961 0.269079 0.258322
0 0.809004 0.209256 0.030867 0.030747
0 0.630190 0.684147 0.027448 0.026835
0 0.266037 0.261605 0.044951 0.045950
0 0.735212 0.127159 0.024371 0.024485
0 0.915337 0.498102 0.030493 0.030232
0 0.029580 0.873513 0.027944 0.028174
0 0.867420 0.282743 0.024434 0.024472
0 0.813795 0.655177 0.024648 0.024316
0 0.041738 0.704035 0.025471 0.025629
0 0.987303 0.572741 0.022612 0.022456
0 0.224501 0.655881 0.032377 0.032590
0 0.114630 0.246327 0.025345 0.025536
0 0.758621 0.335238 0.024171 0.024421
0 0.525707 0.815256 0.057913 0.058327
0 0.118093 0.049411 0.021397 0.021763
0 0.131054 0.026634 0.022334 0.023168
0 0.980312 0.079481 0.020977 0.021389
0 0.181158 0.774766 0.020469 0.020311
0 0.856076 0.019482 0.217048 0.038964
0 0.761692 0.031706 0.024021 0.024675
0 0.116153 0.947689 0.231270 0.104127
0 0.912458 0.479653 0.025630 0.022689
0 0.045201 0.566691 0.090234 0.278929
0 0.228871 0.414324 0.033279 0.032379
0 0.832039 0.136747 0.022454 0.022541
0 0.069960 0.758248 0.030213 0.030223
