0 0.410329 0.369583 0.070306 0.069503
0 0.507007 0.735419 0.033127 0.032355
0 0.789588 0.794692 0.045990 0.045256
0 0.447230 0.271405 0.040851 0.040298
0 0.676773 0.914266 0.026210 0.026204
0 0.565784 0.552428 0.022371 0.022285
0 0.752137 0.346125 0.034213 0.033154
0 0.715541 0.294973 0.041613 0.041708
0 0.517427 0.182311 0.029632 0.029569
0 0.274206 0.857518 0.027478 0.026475
0 0.210420 0.157325 0.021829 0.021777
0 0.526546 0.531518 0.022111 0.022158
0 0.539815 0.076402 0.055486 0.057348
0 0.404819 0.819860 0.025251 0.025184
0 0.946041 0.248480 0.022155 0.022214
0 0.482419 0.287070 0.029319 0.029379
0 0.614525 0.774854 0.024341 0.024116
0 0.579486 0.276669 0.026931 0.026531
0 0.523987 0.487183 0.021753 0.021883
0 0.507558 0.020175 0.029957 0.030620
0 0.664284 0.255111 0.028393 0.029033
0 0.739692 0.365498 0.027393 0.028159
0 0.468883 0.253046 0.026505 0.025878
0 0.685433 0.275529 0.025532 0.025503
0 0.729091 0.323478 0.025263 0.025780
0 0.526533 0.036442 0.028183 0.028090
0 0.976851 0.684958 0.022369 0.022728
0 0.006453 0.834540 0.012906 0.029901
0 0.568373 0.114652 0.077885 0.079591
0 0.517537 0.452093 0.026091 0.026022
0 0.936306 0.293728 0.022022 0.022077
