0 0.426119 0.152623 0.081612 0.078860
0 0.818565 0.188110 0.032773 0.032240
0 0.760909 0.224406 0.047321 0.046993
0 0.534982 0.041100 0.088343 0.081884
0 0.295703 0.210131 0.245540 0.220593
0 0.937242 0.586692 0.043885 0.043986
0 0.950656 0.442989 0.043368 0.042076
0 0.269399 0.849154 0.157914 0.140255
0 0.078825 0.307936 0.058495 0.053671
0 0.325235 0.926999 0.060231 0.054498
0 0.885124 0.459613 0.035406 0.035508
0 0.028506 0.279690 0.057013 0.054019
0 0.698570 0.039240 0.030736 0.030240
0 0.372145 0.795447 0.103057 0.101798
0 0.653857 0.931544 0.027741 0.027349
0 0.131432 0.238720 0.059673 0.056353
0 0.861998 0.545914 0.033551 0.034431
0 0.811906 0.415844 0.043125 0.038332
0 0.867800 0.633919 0.034834 0.034921
0 0.880557 0.066616 0.116978 0.112143
0 0.784003 0.840600 0.053695 0.052601
0 0.114512 0.678065 0.075371 0.069913
0 0.610862 0.176109 0.046223 0.046373
0 0.333828 0.470963 0.113642 0.105529
0 0.858039 0.511317 0.027983 0.028743
0 0.862099 0.990260 0.032941 0.019279
0 0.757064 0.123270 0.035887 0.035381
0 0.897017 0.027517 0.022501 0.022874
0 0.868395 0.422421 0.026340 0.025888
0 0.892212 0.975383 0.044442 0.040339
0 0.061938 0.227154 0.034880 0.034782
0 0.712615 0.953101 0.027243 0.026514
0 0.496013 0.127263 0.065728 0.065966
0 0.704098 0.641377 0.046335 0.045184
0 0.293495 0.755350 0.069717 0.062156
0 0.772281 0.969013 0.027302 0.026645
0 0.032474 0.879252 0.064406 0.110260
0 0.908347 0.480850 0.023961 0.023971
0 0.206776 0.952837 0.112723 0.092565
0 0.062145 0.813619 0.108584 0.100950
0 0.414083 0.018977 0.063757 0.037597
0 0.918970 0.425670 0.030784 0.030445
0 0.738389 0.517040 0.032978 0.032385
0 0.068857 0.744370 0.137481 0.135170
0 0.702147 0.091877 0.082164 0.078618
0 0.183836 0.597160 0.065886 0.061531
0 0.597114 0.948300 0.028280 0.028140
0 0.022451 0.034777 0.029511 0.028319
0 0.221056 0.006911 0.056284 0.013822
0 0.404407 0.874886 0.046000 0.046801
0 0.069340 0.978827 0.057832 0.042202
0 0.393102 0.985826 0.066744 0.028052
0 0.796372 0.100992 0.055595 0.056512
0 0.271564 0.985368 0.062170 0.029264
