0 0.090286 0.595848 0.167750 0.156753
0 0.551183 0.111311 0.048211 0.045989
0 0.541388 0.520920 0.089047 0.085540
0 0.084545 0.365061 0.050920 0.048924
0 0.404753 0.530272 0.248428 0.234956
0 0.086230 0.711865 0.034784 0.033823
0 0.207005 0.171732 0.032371 0.031811
0 0.491186 0.847618 0.057396 0.055889
0 0.438640 0.891641 0.047276 0.046499
0 0.101296 0.495389 0.037627 0.035991
0 0.514366 0.493348 0.044160 0.043081
0 0.887298 0.418585 0.225405 0.275518
0 0.876143 0.848007 0.247543 0.303864
0 0.144174 0.639692 0.031213 0.030465
0 0.671178 0.193585 0.109965 0.101690
0 0.556185 0.355484 0.032984 0.032351
0 0.378823 0.933020 0.031598 0.030400
0 0.204972 0.414140 0.033138 0.031961
0 0.356007 0.249162 0.279630 0.273613
0 0.900604 0.075239 0.198792 0.150479
0 0.919115 0.702071 0.029821 0.027313
0 0.540540 0.238936 0.138058 0.132565
0 0.020236 0.871776 0.026210 0.025453
0 0.485114 0.069596 0.031355 0.031037
0 0.496778 0.384020 0.122227 0.122949
0 0.568455 0.838159 0.028277 0.027896
0 0.859800 0.580614 0.024802 0.023214
0 0.376118 0.786961 0.035450 0.034699
0 0.983290 0.309926 0.027490 0.025407
0 0.358407 0.835555 0.023011 0.022939
