0 0.085084 0.507575 0.095252 0.077711
0 0.840129 0.946705 0.091706 0.070489
0 0.314218 0.140951 0.094112 0.079211
0 0.173248 0.112299 0.100005 0.084507
0 0.944796 0.456775 0.040153 0.034281
0 0.317888 0.301415 0.066534 0.056471
0 0.307047 0.209061 0.065210 0.058063
0 0.421877 0.778045 0.037915 0.033760
0 0.142826 0.685025 0.064342 0.054407
0 0.317210 0.372730 0.082856 0.077256
0 0.730682 0.415095 0.043144 0.036875
0 0.883490 0.020408 0.046380 0.039974
0 0.208533 0.160451 0.062481 0.048341
0 0.356645 0.824757 0.034758 0.028381
0 0.290061 0.785898 0.037698 0.032853
0 0.824911 0.817253 0.041362 0.032601
0 0.592481 0.137881 0.048561 0.042396
0 0.380244 0.116622 0.062832 0.054280
0 0.619954 0.205827 0.204157 0.188889
0 0.252991 0.365737 0.042779 0.037390
0 0.156700 0.594797 0.047780 0.038927
0 0.186824 0.641346 0.040388 0.035908
0 0.113876 0.324402 0.051897 0.042395
0 0.122131 0.614832 0.037430 0.032243
0 0.237779 0.253744 0.057747 0.048285
0 0.542417 0.031115 0.036178 0.032104
0 0.225367 0.624557 0.032235 0.027875
0 0.057681 0.227593 0.059338 0.051143
0 0.380601 0.365751 0.033365 0.030503
0 0.745347 0.597997 0.034153 0.029475
0 0.365882 0.585473 0.031781 0.027924
0 0.230885 0.305270 0.046408 0.039119
0 0.608187 0.938331 0.035355 0.028813
0 0.262107 0.207456 0.056718 0.047387
0 0.230204 0.939558 0.032464 0.029898
0 0.656986 0.078628 0.033464 0.028571
0 0.381089 0.716471 0.031181 0.026921
0 0.695101 0.792176 0.037842 0.031159
0 0.972706 0.692819 0.052795 0.048749
0 0.853611 0.451415 0.030854 0.029029
0 0.061943 0.302766 0.060515 0.049700
0 0.662233 0.969377 0.032387 0.029658
0 0.179737 0.230260 0.044243 0.037008
0 0.105646 0.257638 0.077698 0.067941
0 0.599455 0.247124 0.150615 0.123052
0 0.156118 0.873738 0.088616 0.075488
0 0.433961 0.326179 0.038318 0.034501
0 0.328976 0.436532 0.043453 0.040475
0 0.145115 0.009565 0.082562 0.019114
0 0.286087 0.476939 0.029103 0.027407
0 0.155203 0.282513 0.088121 0.077215
0 0.799546 0.107929 0.023764 0.022786
0 0.764639 0.586682 0.470722 0.441829
