0 0.785596 0.408117 0.075369 0.069934
0 0.846592 0.540792 0.158831 0.148751
0 0.842061 0.448439 0.054521 0.052908
0 0.322335 0.728535 0.044116 0.043071
0 0.853304 0.359398 0.053577 0.048936
0 0.503206 0.600480 0.030615 0.029529
0 0.654258 0.508938 0.045237 0.043162
0 0.716828 0.528761 0.042723 0.040783
0 0.572560 0.469026 0.034638 0.033138
0 0.420774 0.677863 0.041699 0.039826
0 0.237254 0.558735 0.031631 0.030113
0 0.959951 0.036364 0.040939 0.037976
0 0.031704 0.587598 0.044852 0.041649
0 0.523385 0.521924 0.033367 0.030931
0 0.621607 0.476839 0.027910 0.027104
0 0.691394 0.455478 0.027235 0.026359
0 0.777772 0.485320 0.052786 0.051326
0 0.302097 0.841854 0.026397 0.025052
0 0.537585 0.021873 0.039194 0.035714
0 0.421259 0.296641 0.032524 0.030677
0 0.106351 0.714388 0.027233 0.026685
0 0.595542 0.191875 0.028712 0.027555
0 0.801415 0.047900 0.033147 0.031239
0 0.922162 0.362136 0.028755 0.028023
0 0.731304 0.159991 0.031840 0.030075
0 0.227431 0.774495 0.025155 0.024657
0 0.611383 0.433534 0.023560 0.023645
0 0.390499 0.816269 0.023153 0.022794
0 0.164603 0.556107 0.026530 0.025135
0 0.198393 0.387558 0.024429 0.023740
0 0.175363 0.709139 0.060580 0.058914
0 0.270539 0.388380 0.024460 0.023155
0 0.399004 0.442307 0.024183 0.023335
0 0.204969 0.198913 0.027525 0.026597
0 0.829230 0.193195 0.033511 0.031710
0 0.811989 0.087271 0.035050 0.035276
0 0.914168 0.143981 0.026535 0.026112
0 0.039111 0.699009 0.032103 0.030136
0 0.992450 0.421273 0.015101 0.024370
0 0.952541 0.373521 0.028809 0.026848
0 0.936410 0.761163 0.126822 0.306851
0 0.732949 0.399249 0.023627 0.023036
0 0.603189 0.079436 0.023926 0.023692
0 0.335741 0.261066 0.021681 0.021015
0 0.552273 0.557405 0.022632 0.021899
0 0.933472 0.987931 0.073483 0.024139
0 0.568673 0.071492 0.055092 0.052509
0 0.328530 0.644481 0.021429 0.021279
0 0.067881 0.607010 0.025032 0.025075
0 0.287610 0.862528 0.076747 0.072227
0 0.327123 0.451545 0.022597 0.021540
