0 0.371402 0.878658 0.033986 0.033469
0 0.255618 0.718818 0.132315 0.127957
0 0.412538 0.816426 0.044857 0.044436
0 0.450621 0.487570 0.038788 0.038435
0 0.251960 0.228145 0.030220 0.030291
0 0.515465 0.894269 0.033760 0.034005
0 0.911115 0.310366 0.045850 0.045898
0 0.336918 0.919675 0.027992 0.027427
0 0.315996 0.753101 0.027709 0.027140
0 0.177875 0.472736 0.036147 0.035521
0 0.638792 0.275451 0.040406 0.039489
0 0.922006 0.911541 0.096510 0.095517
0 0.151794 0.914094 0.032399 0.032017
0 0.803799 0.848183 0.034791 0.034323
0 0.193827 0.760644 0.035632 0.035221
0 0.909720 0.622827 0.033104 0.033078
0 0.438549 0.354996 0.030813 0.030154
0 0.472252 0.380543 0.034054 0.033915
0 0.373169 0.695823 0.038823 0.038164
0 0.409589 0.220598 0.031214 0.030993
0 0.122821 0.711611 0.035138 0.033413
0 0.413835 0.962778 0.024681 0.025127
0 0.950125 0.372076 0.072648 0.073411
0 0.970894 0.228907 0.058213 0.076083
0 0.111615 0.673638 0.059021 0.053764
0 0.472110 0.580770 0.106292 0.105566
0 0.766386 0.325513 0.067227 0.066183
0 0.730938 0.493475 0.034012 0.033566
0 0.136277 0.348793 0.076137 0.072762
0 0.704317 0.343828 0.028132 0.027513
0 0.445678 0.634064 0.026180 0.026219
0 0.614489 0.596064 0.024247 0.023819
0 0.964719 0.140848 0.025383 0.025096
0 0.497289 0.658547 0.027480 0.027444
0 0.681808 0.213923 0.025466 0.025005
0 0.196078 0.398617 0.031551 0.031107
0 0.824794 0.690912 0.038806 0.039199
0 0.400818 0.082004 0.035594 0.035045
0 0.604308 0.857938 0.032896 0.031261
0 0.935493 0.649840 0.040209 0.038036
0 0.479061 0.506222 0.030454 0.030346
0 0.584527 0.873207 0.057006 0.055116
0 0.178126 0.553914 0.102203 0.100463
0 0.086059 0.796585 0.021926 0.021532
0 0.637655 0.990610 0.021901 0.018763
0 0.210689 0.921611 0.023580 0.023468
0 0.279831 0.822261 0.095118 0.094893
0 0.204095 0.862993 0.029300 0.028304
0 0.333331 0.005751 0.032642 0.011477
0 0.383794 0.185336 0.024864 0.023618
0 0.835276 0.844125 0.329448 0.311750
0 0.992033 0.441559 0.015672 0.069089
0 0.902937 0.678489 0.047670 0.048440
0 0.826235 0.080436 0.089152 0.087064
0 0.501872 0.215875 0.021576 0.021137
0 0.263013 0.594199 0.024248 0.024254
0 0.910051 0.861767 0.022547 0.022510
0 0.338916 0.507084 0.021118 0.021148
0 0.991643 0.572374 0.016255 0.020952
0 0.455327 0.925966 0.108807 0.107079
0 0.562268 0.396491 0.023668 0.023506
0 0.657276 0.350272 0.022898 0.022384
0 0.904364 0.471817 0.032102 0.032331
0 0.063012 0.296815 0.065921 0.062613
0 0.890543 0.705525 0.039759 0.040673
0 0.966473 0.172631 0.022488 0.021988
0 0.408965 0.064504 0.030437 0.029251
0 0.107410 0.089927 0.021147 0.020745
0 0.774685 0.202620 0.023199 0.022668
0 0.504016 0.979246 0.029714 0.029925
0 0.965925 0.641102 0.019551 0.019363
0 0.949383 0.045777 0.019260 0.019240
0 0.741659 0.530757 0.019389 0.018981
