0 0.649374 0.273839 0.176365 0.158392
0 0.737074 0.718603 0.178454 0.162088
0 0.274239 0.960986 0.047493 0.044269
0 0.567741 0.846581 0.040446 0.039572
0 0.587926 0.717518 0.036732 0.035573
0 0.956169 0.578059 0.052195 0.047741
0 0.415922 0.448257 0.126178 0.115960
0 0.432408 0.033556 0.089949 0.066776
0 0.297608 0.795216 0.034726 0.033152
0 0.360107 0.521471 0.105190 0.097270
0 0.352376 0.836920 0.044846 0.041577
0 0.883392 0.283925 0.090859 0.080977
0 0.212313 0.635949 0.064476 0.058633
0 0.118011 0.935986 0.035263 0.033887
0 0.102838 0.383488 0.090317 0.082389
0 0.810723 0.396785 0.044907 0.039754
0 0.522790 0.458339 0.028937 0.028185
0 0.147118 0.669381 0.090502 0.083519
0 0.049797 0.349796 0.035439 0.033018
0 0.235805 0.199353 0.045910 0.042549
0 0.907709 0.633395 0.181177 0.172112
0 0.198031 0.844698 0.063605 0.057851
0 0.736032 0.779309 0.042512 0.039648
0 0.318546 0.349542 0.028635 0.027813
0 0.943895 0.085757 0.099639 0.091813
0 0.952477 0.973722 0.067134 0.051795
0 0.569939 0.770268 0.029009 0.027918
0 0.710400 0.947929 0.035380 0.032899
0 0.402490 0.972236 0.097637 0.054246
0 0.031185 0.281157 0.062370 0.063477
0 0.487541 0.199543 0.028194 0.027063
0 0.270213 0.879351 0.135639 0.119708
0 0.571099 0.147983 0.184658 0.162677
0 0.588834 0.598799 0.098962 0.091839
0 0.303003 0.060025 0.177498 0.120050
0 0.896930 0.589614 0.030439 0.029457
0 0.168480 0.562191 0.077539 0.069951
0 0.424419 0.670567 0.141894 0.135110
0 0.494668 0.991626 0.033959 0.016748
0 0.041656 0.185707 0.030205 0.029318
0 0.819396 0.878088 0.028434 0.026975
0 0.402855 0.287111 0.103692 0.095810
0 0.031584 0.220154 0.042532 0.040857
0 0.816237 0.304948 0.073281 0.068306
0 0.918050 0.495499 0.027709 0.026640
0 0.051631 0.619442 0.100466 0.092209
0 0.491317 0.253593 0.128203 0.116798
0 0.416698 0.562136 0.030068 0.029170
0 0.267459 0.757948 0.032259 0.029849
0 0.871535 0.247484 0.040577 0.036935
0 0.866076 0.336151 0.031122 0.029346
0 0.561497 0.144544 0.023258 0.023306
0 0.300336 0.259765 0.117288 0.107735
0 0.972077 0.284822 0.055846 0.085728
0 0.458565 0.223075 0.081855 0.072296
0 0.565527 0.493240 0.022845 0.021766
0 0.761856 0.120545 0.261679 0.222037
0 0.031908 0.574879 0.044675 0.041645
0 0.209527 0.531979 0.030962 0.028677
0 0.242606 0.604534 0.047213 0.042102
0 0.611419 0.928132 0.025159 0.024579
0 0.524263 0.492350 0.032831 0.032938
0 0.768097 0.590704 0.028660 0.027139
0 0.970222 0.251319 0.053234 0.046998
0 0.326453 0.108525 0.043069 0.039986
0 0.322927 0.611337 0.059744 0.053449
0 0.922147 0.047853 0.023466 0.022513
0 0.678360 0.548782 0.087640 0.081264
0 0.152656 0.508015 0.070739 0.065952
0 0.261116 0.777721 0.256258 0.251399
