0 0.461041 0.839036 0.301984 0.297438
0 0.440368 0.330686 0.050138 0.050573
0 0.720849 0.355313 0.040775 0.040442
0 0.122666 0.545443 0.034618 0.034555
0 0.250404 0.911091 0.050952 0.051108
0 0.242664 0.297456 0.038651 0.038536
0 0.942502 0.290474 0.038226 0.037583
0 0.461028 0.203435 0.040956 0.040009
0 0.737823 0.841119 0.040885 0.041219
0 0.379939 0.053498 0.039518 0.039849
0 0.532577 0.089310 0.034709 0.034527
0 0.867842 0.895684 0.028334 0.028814
0 0.144259 0.702455 0.032243 0.032234
0 0.991450 0.196000 0.017014 0.048759
0 0.565968 0.320886 0.034744 0.035009
0 0.593885 0.976810 0.030198 0.029879
0 0.234608 0.968750 0.030666 0.030238
0 0.332876 0.418861 0.027188 0.027255
0 0.176182 0.829207 0.029771 0.030084
0 0.188771 0.857904 0.036620 0.035568
0 0.472901 0.432093 0.036049 0.036288
0 0.269424 0.121744 0.034238 0.033038
0 0.387557 0.492575 0.030157 0.030272
0 0.968490 0.908634 0.027939 0.027717
0 0.305664 0.529737 0.025836 0.025373
0 0.260311 0.598901 0.027389 0.027274
0 0.280773 0.249219 0.030494 0.030180
0 0.481633 0.105260 0.029701 0.029648
0 0.680227 0.515625 0.024811 0.024837
0 0.631516 0.914450 0.027335 0.027022
0 0.919125 0.183925 0.025747 0.025711
0 0.129630 0.422109 0.024982 0.024810
0 0.929125 0.716873 0.026612 0.026571
0 0.608782 0.580097 0.028741 0.028865
0 0.510439 0.491925 0.023640 0.024057
0 0.186514 0.097470 0.026875 0.026837
0 0.571845 0.990348 0.027405 0.019305
0 0.520273 0.339779 0.025381 0.025667
0 0.028918 0.909096 0.031750 0.031385
0 0.534338 0.240861 0.026257 0.026610
0 0.434833 0.232999 0.027585 0.027092
0 0.042318 0.745843 0.027816 0.027580
0 0.954416 0.816684 0.028936 0.028046
0 0.956331 0.702557 0.028410 0.028481
0 0.891745 0.739787 0.027604 0.027694
0 0.516499 0.628589 0.025698 0.026216
0 0.891036 0.963410 0.022479 0.022666
0 0.793206 0.777932 0.025429 0.025325
0 0.149471 0.935207 0.025068 0.024772
0 0.360557 0.365584 0.024405 0.024496
0 0.501363 0.983255 0.022064 0.022900
0 0.326430 0.682388 0.024151 0.024109
0 0.485093 0.821774 0.033206 0.033957
0 0.845713 0.608562 0.047834 0.048606
0 0.466607 0.491524 0.022591 0.022378
0 0.134090 0.012635 0.040547 0.025271
0 0.944591 0.830179 0.029513 0.028234
0 0.075523 0.768991 0.023529 0.023349
0 0.480381 0.992150 0.023245 0.015701
0 0.407122 0.989307 0.041789 0.021385
0 0.529364 0.598521 0.024808 0.024733
0 0.923306 0.261608 0.021804 0.021471
0 0.106310 0.495927 0.027193 0.027803
0 0.700604 0.154413 0.022885 0.022686
0 0.231170 0.877532 0.022347 0.022500
