0 0.552493 0.796990 0.091729 0.079675
0 0.104577 0.654751 0.057085 0.053913
0 0.641259 0.327675 0.073778 0.066388
0 0.510795 0.301886 0.050271 0.045955
0 0.161764 0.488228 0.052604 0.047385
0 0.497407 0.864143 0.039641 0.036648
0 0.713429 0.335274 0.077218 0.066608
0 0.209794 0.713195 0.141326 0.126436
0 0.303663 0.780609 0.064261 0.060155
0 0.390364 0.372255 0.037774 0.034452
0 0.711461 0.163017 0.052905 0.046006
0 0.290521 0.625559 0.052287 0.047195
0 0.197884 0.911638 0.046877 0.045656
0 0.864927 0.542102 0.270146 0.257660
0 0.836319 0.420188 0.088624 0.077763
0 0.403590 0.955574 0.050391 0.046101
0 0.489112 0.152274 0.036874 0.033561
0 0.858746 0.816367 0.087290 0.077353
0 0.415897 0.056588 0.052371 0.047295
0 0.421596 0.434742 0.037081 0.034676
0 0.545309 0.725670 0.030738 0.025537
0 0.337833 0.324146 0.055151 0.045998
0 0.852457 0.080852 0.057814 0.048688
0 0.433491 0.660452 0.138429 0.119216
0 0.305558 0.505915 0.037220 0.032066
0 0.096993 0.979757 0.065256 0.039938
0 0.885881 0.703794 0.152599 0.123514
0 0.454947 0.737019 0.034540 0.031721
0 0.209918 0.717059 0.054205 0.050221
0 0.166889 0.955414 0.043363 0.041259
0 0.720521 0.402853 0.110255 0.096545
0 0.402727 0.217585 0.043090 0.037104
0 0.376791 0.009641 0.027757 0.018987
0 0.661761 0.464333 0.058821 0.050050
0 0.513867 0.216154 0.052006 0.047522
0 0.982003 0.065068 0.035995 0.034078
0 0.382458 0.172159 0.045565 0.039958
0 0.299018 0.660836 0.054107 0.048075
0 0.960805 0.913057 0.077417 0.116058
0 0.903446 0.394881 0.045382 0.039311
0 0.789839 0.010609 0.046511 0.020870
0 0.977829 0.799520 0.034775 0.029737
0 0.777184 0.619508 0.040304 0.035400
0 0.210160 0.845610 0.041328 0.038429
0 0.447865 0.361465 0.038764 0.035147
0 0.530817 0.068971 0.034330 0.030396
0 0.676426 0.876636 0.047808 0.040245
0 0.293280 0.013726 0.031834 0.027035
0 0.701504 0.009473 0.051398 0.018945
0 0.038680 0.344073 0.040338 0.037676
0 0.127545 0.362576 0.038888 0.034972
0 0.729503 0.635459 0.250859 0.209237
0 0.066246 0.929239 0.075727 0.072119
0 0.884424 0.374443 0.047772 0.039613
0 0.085372 0.336659 0.170564 0.296129
0 0.062342 0.659929 0.023075 0.022627
0 0.744196 0.817421 0.030256 0.028573
0 0.442355 0.591581 0.102522 0.091030
0 0.943506 0.029343 0.033494 0.030666
0 0.610739 0.224350 0.038595 0.034159
0 0.315060 0.875240 0.168280 0.151091
0 0.125434 0.604013 0.023874 0.023446
0 0.444715 0.822618 0.149714 0.129676
0 0.282276 0.444690 0.033694 0.030297
0 0.891451 0.134540 0.038907 0.031016
0 0.327300 0.859484 0.022594 0.022889
0 0.277162 0.305209 0.026904 0.025055
0 0.484413 0.905419 0.067078 0.058524
0 0.783724 0.333713 0.038345 0.034166
0 0.615151 0.682162 0.028406 0.027273
0 0.937008 0.776204 0.092912 0.079180
0 0.301355 0.362360 0.028432 0.024807
0 0.818202 0.962805 0.047543 0.043635
0 0.975683 0.457051 0.047145 0.046003
0 0.612067 0.837877 0.051765 0.048611
0 0.989316 0.306793 0.021125 0.024963
0 0.399189 0.461290 0.034470 0.028960
0 0.645225 0.900826 0.036998 0.034951
0 0.592310 0.482315 0.035772 0.031139
0 0.175782 0.823802 0.029918 0.028936
0 0.774293 0.096829 0.036143 0.032078
0 0.371224 0.719678 0.027169 0.025195
0 0.552943 0.429658 0.050919 0.047263
0 0.200940 0.192597 0.026698 0.024776
0 0.364694 0.884410 0.078302 0.072072
0 0.565480 0.862060 0.089929 0.071307
0 0.589420 0.669419 0.022079 0.021888
0 0.986726 0.335813 0.025513 0.053187
0 0.871463 0.135618 0.038293 0.029627
0 0.913426 0.103474 0.027955 0.025188
0 0.306457 0.974240 0.024419 0.023520
0 0.042696 0.800943 0.022617 0.021808
0 0.100705 0.299868 0.024924 0.024526
0 0.416398 0.727714 0.052927 0.047038
0 0.156761 0.763428 0.033063 0.029966
0 0.256388 0.907130 0.024705 0.023799
0 0.458686 0.412604 0.040048 0.037152
0 0.235610 0.809057 0.022961 0.022270
0 0.482672 0.177769 0.043958 0.037481
