0 0.850811 0.930511 0.121578 0.120959
0 0.699878 0.096660 0.048124 0.047465
0 0.498331 0.092956 0.054654 0.054328
0 0.318497 0.710136 0.053016 0.052671
0 0.286187 0.941603 0.037083 0.036769
0 0.822691 0.661498 0.040506 0.040241
0 0.129337 0.602352 0.084031 0.085172
0 0.278572 0.182246 0.027630 0.027714
0 0.465772 0.611178 0.027232 0.027013
0 0.591136 0.896460 0.028141 0.028165
0 0.584232 0.436829 0.029527 0.029557
0 0.026181 0.703805 0.035534 0.035602
0 0.598074 0.408848 0.030133 0.029680
0 0.870284 0.670707 0.036713 0.036882
0 0.772785 0.273676 0.025421 0.025371
0 0.343709 0.535478 0.032535 0.031949
0 0.182308 0.173199 0.042639 0.042429
0 0.800123 0.097424 0.030660 0.030382
0 0.516892 0.801640 0.027483 0.027934
0 0.883069 0.628531 0.038940 0.038690
0 0.885082 0.269626 0.026667 0.026272
0 0.795763 0.589258 0.025928 0.025802
0 0.872251 0.430460 0.026027 0.025628
0 0.807578 0.449877 0.028182 0.027837
0 0.612220 0.651324 0.023490 0.024000
0 0.012084 0.962070 0.024168 0.027128
0 0.186296 0.843485 0.027213 0.027121
0 0.211125 0.734894 0.027058 0.026968
0 0.270264 0.681761 0.025816 0.025881
0 0.527209 0.510299 0.029444 0.029710
0 0.552430 0.523365 0.026476 0.026685
0 0.611319 0.825590 0.019604 0.019691
0 0.446447 0.200814 0.024557 0.024032
0 0.589263 0.682099 0.022856 0.023055
0 0.820212 0.006524 0.025469 0.013048
0 0.318364 0.126514 0.023485 0.023227
0 0.757897 0.478614 0.020694 0.020508
0 0.930497 0.284147 0.068838 0.066736
0 0.547851 0.492423 0.024885 0.024882
0 0.142103 0.011891 0.023087 0.022808
0 0.463898 0.473233 0.025136 0.025219
0 0.821549 0.432145 0.022273 0.022835
