0 0.631944 0.877255 0.097660 0.097739
0 0.306662 0.754302 0.064326 0.064778
0 0.057474 0.662406 0.044943 0.045297
0 0.255765 0.497910 0.046713 0.046837
0 0.650225 0.945403 0.038236 0.038121
0 0.171277 0.508070 0.069826 0.071659
0 0.757912 0.322735 0.025111 0.024740
0 0.330811 0.346500 0.057985 0.058435
0 0.410441 0.841157 0.030357 0.030518
0 0.537755 0.480370 0.035197 0.035425
0 0.768767 0.256194 0.027598 0.027466
0 0.847265 0.084039 0.040227 0.040663
0 0.569248 0.368483 0.030960 0.030946
0 0.780845 0.312362 0.025939 0.025972
0 0.212032 0.809023 0.028311 0.028269
0 0.830643 0.303138 0.026813 0.026849
0 0.832769 0.115463 0.040135 0.040336
0 0.217295 0.689185 0.080456 0.081610
0 0.858413 0.897411 0.024912 0.025008
0 0.720523 0.212123 0.029181 0.029122
0 0.513084 0.045021 0.030444 0.029811
0 0.547656 0.528018 0.022886 0.022902
0 0.039427 0.358070 0.060264 0.062616
0 0.740945 0.865092 0.026871 0.027093
0 0.450310 0.986526 0.042583 0.026897
0 0.216982 0.780908 0.038476 0.038721
0 0.621485 0.558562 0.023414 0.023371
0 0.065761 0.395413 0.036593 0.036563
0 0.762336 0.192519 0.024071 0.024500
0 0.453643 0.770782 0.027009 0.027396
0 0.756978 0.365093 0.021948 0.021809
0 0.861658 0.183413 0.022662 0.022936
0 0.106939 0.984929 0.022838 0.023576
0 0.302463 0.405272 0.020759 0.020493
0 0.251544 0.889579 0.041778 0.042343
0 0.203689 0.618436 0.113783 0.112393
0 0.817643 0.789529 0.025329 0.025538
0 0.169824 0.453988 0.072203 0.075641
0 0.231050 0.074355 0.021400 0.022079
0 0.094150 0.097313 0.053775 0.054307
0 0.017945 0.988119 0.022086 0.021643
0 0.240870 0.409901 0.036777 0.038280
0 0.186048 0.267003 0.024295 0.024419
0 0.393600 0.314897 0.052207 0.051537
0 0.256184 0.975220 0.043205 0.041521
0 0.920659 0.504713 0.021069 0.021129
0 0.737534 0.962832 0.026628 0.026800
0 0.783977 0.796948 0.023433 0.023664
0 0.901973 0.060103 0.025337 0.025381
0 0.014589 0.272252 0.028767 0.036901
0 0.127550 0.940744 0.072810 0.071442
0 0.051952 0.490298 0.059114 0.058670
0 0.370031 0.757280 0.021633 0.021858
0 0.799208 0.570010 0.024784 0.024912
0 0.078636 0.054652 0.054297 0.053708
0 0.131010 0.296839 0.054342 0.054778
0 0.673090 0.922350 0.021156 0.022005
0 0.103651 0.135605 0.047439 0.047298
0 0.271106 0.844898 0.021272 0.020930
0 0.179169 0.548502 0.067051 0.067913
0 0.954858 0.608497 0.020764 0.021107
0 0.473185 0.901278 0.022303 0.022477
0 0.706161 0.401412 0.020636 0.020771
0 0.811226 0.936471 0.022216 0.022117
0 0.949469 0.795765 0.024087 0.024206
0 0.110756 0.165161 0.032001 0.031859
0 0.261516 0.333501 0.083314 0.079745
0 0.327603 0.890275 0.020943 0.020796
0 0.424572 0.483742 0.027467 0.028363
0 0.396457 0.282160 0.034652 0.035802
0 0.831513 0.977899 0.036767 0.034651
0 0.125220 0.992378 0.026484 0.015245
0 0.167386 0.405222 0.051258 0.049396
