0 0.194476 0.465151 0.057368 0.056464
0 0.199433 0.340341 0.102154 0.100279
0 0.835047 0.402141 0.086751 0.083927
0 0.498509 0.029068 0.076204 0.058136
0 0.519099 0.132472 0.045177 0.044679
0 0.337698 0.608840 0.217861 0.217596
0 0.740106 0.239949 0.090478 0.088119
0 0.178203 0.238461 0.276770 0.260069
0 0.761393 0.124589 0.058465 0.057349
0 0.574136 0.195744 0.064109 0.063193
0 0.437617 0.134242 0.035492 0.034708
0 0.873368 0.329068 0.035958 0.034606
0 0.543219 0.042529 0.044720 0.044973
0 0.263588 0.483348 0.036818 0.035300
0 0.969330 0.199397 0.054271 0.052193
0 0.481173 0.753078 0.031933 0.030702
0 0.519947 0.184963 0.031940 0.031373
0 0.051792 0.317454 0.062369 0.060798
0 0.841009 0.309080 0.031994 0.029824
0 0.011696 0.340736 0.023392 0.036806
0 0.086074 0.082931 0.169653 0.165861
0 0.357821 0.708862 0.233406 0.193090
0 0.461790 0.777996 0.030709 0.030087
0 0.008444 0.602785 0.016887 0.049338
0 0.752701 0.489540 0.068851 0.065619
0 0.649926 0.146303 0.054920 0.054409
0 0.861219 0.651279 0.077960 0.074997
0 0.441890 0.073878 0.028317 0.027551
0 0.958909 0.132542 0.080693 0.096628
0 0.362098 0.450859 0.033417 0.030849
0 0.590933 0.328954 0.210519 0.202024
0 0.881604 0.159640 0.027210 0.026426
0 0.621066 0.179027 0.035370 0.034377
0 0.033002 0.567975 0.029619 0.028990
