0 0.869102 0.384267 0.054793 0.053126
0 0.073224 0.157621 0.077534 0.070408
0 0.279814 0.200679 0.045092 0.044010
0 0.093062 0.582116 0.041256 0.038325
0 0.750039 0.798446 0.447243 0.389277
0 0.337055 0.164659 0.047456 0.046960
0 0.517421 0.708603 0.033870 0.033162
0 0.985781 0.403115 0.028437 0.036843
0 0.158390 0.772324 0.035156 0.033640
0 0.429308 0.972970 0.028014 0.027194
0 0.485258 0.232124 0.028931 0.027715
0 0.342534 0.543653 0.025994 0.024124
0 0.138829 0.111452 0.027899 0.027231
0 0.307859 0.708057 0.050698 0.048164
0 0.631641 0.502365 0.031990 0.030295
0 0.535852 0.434847 0.026429 0.025983
0 0.279886 0.634586 0.031326 0.029830
0 0.876786 0.113381 0.031960 0.031545
0 0.100610 0.682900 0.027817 0.027103
0 0.860394 0.663468 0.032966 0.030726
0 0.572635 0.260238 0.023020 0.022958
0 0.007308 0.293982 0.014460 0.034672
0 0.219967 0.478623 0.028582 0.027061
0 0.301611 0.853896 0.025229 0.024927
0 0.100168 0.528487 0.026126 0.025379
0 0.667951 0.556075 0.162906 0.141178
0 0.348623 0.969011 0.053996 0.051719
0 0.171613 0.716695 0.024620 0.024272
0 0.638892 0.749394 0.022603 0.022252
0 0.815898 0.789641 0.024414 0.023512
0 0.217260 0.245010 0.022852 0.022389
0 0.667263 0.282830 0.029402 0.029031
0 0.975832 0.240014 0.037421 0.038283
0 0.335059 0.497870 0.020815 0.020475
0 0.302984 0.007431 0.043409 0.014863
0 0.028433 0.014820 0.056866 0.029640
0 0.063896 0.497274 0.023878 0.023921
0 0.918488 0.198916 0.029186 0.028501
0 0.604987 0.393996 0.046180 0.044415
0 0.063170 0.383140 0.020741 0.020375
0 0.518023 0.823341 0.046899 0.044939
0 0.329118 0.888095 0.033552 0.032893
0 0.814545 0.009613 0.054419 0.019174
