0 0.516183 0.461256 0.130808 0.131383
0 0.106086 0.337050 0.179618 0.176625
0 0.257809 0.825307 0.038593 0.037441
0 0.959503 0.091550 0.069784 0.069580
0 0.317192 0.365747 0.034621 0.034033
0 0.360875 0.309327 0.068442 0.067867
0 0.628141 0.934623 0.036821 0.036321
0 0.679854 0.304691 0.044837 0.045490
0 0.291245 0.562757 0.085830 0.086190
0 0.208294 0.875078 0.033372 0.033506
0 0.077376 0.798641 0.028808 0.028790
0 0.326794 0.963025 0.118064 0.073606
0 0.659313 0.344733 0.031846 0.032601
0 0.794361 0.164356 0.032158 0.032083
0 0.613753 0.544421 0.248257 0.261281
0 0.211886 0.742451 0.026109 0.026282
0 0.110963 0.271688 0.026713 0.027249
0 0.241107 0.468625 0.025686 0.025319
0 0.082550 0.612420 0.030701 0.030715
0 0.551562 0.016416 0.035281 0.032588
0 0.819855 0.583224 0.043606 0.044057
0 0.284134 0.679185 0.025447 0.025362
0 0.396360 0.073912 0.030934 0.030847
0 0.365017 0.056622 0.027689 0.027983
0 0.644582 0.908111 0.030361 0.030452
0 0.209874 0.076436 0.024418 0.024743
0 0.455324 0.583442 0.023298 0.023475
0 0.235750 0.989511 0.069796 0.020978
0 0.845486 0.229922 0.027829 0.027480
0 0.928752 0.026628 0.025919 0.026226
0 0.926369 0.660154 0.031476 0.032150
0 0.945776 0.276695 0.025930 0.025971
0 0.165036 0.143921 0.036385 0.037308
0 0.744034 0.108164 0.388829 0.216328
0 0.887439 0.579435 0.046006 0.046353
0 0.713644 0.802095 0.024207 0.024307
0 0.583576 0.601654 0.023274 0.022652
0 0.676427 0.516209 0.024776 0.024576
0 0.870222 0.046514 0.022987 0.022799
0 0.818644 0.807195 0.022925 0.023076
0 0.244250 0.263753 0.142304 0.145405
0 0.065648 0.171311 0.131297 0.275940
0 0.620983 0.545691 0.021592 0.021432
0 0.987737 0.225865 0.021890 0.022053
0 0.158554 0.054261 0.092391 0.097188
0 0.480940 0.270506 0.063998 0.067895
0 0.728240 0.921889 0.022777 0.022912
0 0.260629 0.702506 0.023241 0.023679
0 0.274725 0.720701 0.022687 0.022952
0 0.559587 0.588237 0.020919 0.021285
0 0.397393 0.406956 0.022923 0.023518
0 0.873573 0.765360 0.022080 0.022053
0 0.805486 0.517830 0.024325 0.023391
0 0.931239 0.900621 0.062060 0.061660
0 0.008454 0.197933 0.016684 0.019941
0 0.219830 0.851685 0.021133 0.021403
0 0.409706 0.992992 0.033747 0.014016
0 0.056987 0.656328 0.025543 0.025114
0 0.507299 0.759283 0.020120 0.020259
