0 0.204820 0.099767 0.103365 0.102991
0 0.842905 0.257861 0.048249 0.048486
0 0.928735 0.446957 0.027789 0.027678
0 0.613816 0.201384 0.026960 0.026996
0 0.293728 0.438796 0.050457 0.050016
0 0.130295 0.836158 0.030907 0.029960
0 0.063311 0.865430 0.036650 0.036458
0 0.172521 0.735987 0.030135 0.030542
0 0.959955 0.322562 0.023204 0.023230
0 0.969498 0.383789 0.020967 0.021025
0 0.211685 0.804690 0.026198 0.026510
0 0.104742 0.590764 0.023118 0.023297
0 0.956708 0.165553 0.048256 0.048225
0 0.218188 0.780230 0.022679 0.022650
0 0.270625 0.358064 0.063034 0.063161
0 0.492387 0.780437 0.034594 0.034736
0 0.283563 0.100112 0.024259 0.024674
0 0.803779 0.830499 0.021354 0.021478
0 0.213830 0.168314 0.045495 0.045765
0 0.400581 0.902436 0.024477 0.023821
0 0.262398 0.151494 0.041410 0.041273
0 0.911321 0.953849 0.034374 0.034299
0 0.071607 0.632646 0.020552 0.020238
0 0.164436 0.497922 0.023284 0.023150
0 0.066661 0.805905 0.021126 0.021390
0 0.171428 0.882529 0.019624 0.019376
0 0.032137 0.657180 0.021485 0.021221
0 0.846512 0.121321 0.028856 0.027974
0 0.246092 0.648942 0.020825 0.020720
0 0.870506 0.612779 0.029273 0.029591
0 0.081321 0.120583 0.020627 0.020645
0 0.076269 0.095194 0.019714 0.019831
