0 0.816093 0.191840 0.039353 0.038821
0 0.458985 0.427083 0.035025 0.034602
0 0.796297 0.392930 0.033154 0.033085
0 0.051665 0.800610 0.047443 0.046417
0 0.918470 0.192401 0.163060 0.253204
0 0.789780 0.233341 0.034381 0.034266
0 0.707319 0.565741 0.031190 0.030386
0 0.077686 0.520965 0.042151 0.040981
0 0.337240 0.419247 0.034485 0.032919
0 0.228265 0.748381 0.029244 0.028573
0 0.195779 0.695410 0.029831 0.029552
0 0.871120 0.358307 0.038682 0.038943
0 0.688678 0.181288 0.045628 0.044938
0 0.423759 0.056438 0.028785 0.027702
0 0.483635 0.301299 0.027820 0.027660
0 0.139906 0.038834 0.024052 0.023992
0 0.709269 0.858683 0.027886 0.027801
0 0.377915 0.545841 0.025316 0.025110
0 0.052325 0.066646 0.027548 0.027043
0 0.282922 0.333242 0.030923 0.030030
0 0.357986 0.655390 0.025837 0.025635
0 0.197398 0.398600 0.027597 0.027349
0 0.194618 0.331226 0.027032 0.027236
