0 0.301825 0.573926 0.167031 0.164711
0 0.152708 0.063180 0.032141 0.031369
0 0.537253 0.791080 0.078550 0.077241
0 0.445202 0.067229 0.065707 0.067187
0 0.696614 0.364736 0.030516 0.030963
0 0.034914 0.322687 0.029960 0.029448
0 0.910218 0.132893 0.061549 0.061367
0 0.397599 0.058649 0.026344 0.026605
0 0.719277 0.702001 0.035188 0.034954
0 0.050971 0.040085 0.028782 0.028203
0 0.722628 0.168758 0.052002 0.052634
0 0.343268 0.082503 0.048737 0.049093
0 0.332607 0.175587 0.033899 0.034131
0 0.723408 0.127472 0.078396 0.078146
0 0.796678 0.141697 0.062248 0.061611
0 0.651299 0.284584 0.189841 0.186213
0 0.542724 0.371054 0.054742 0.054141
0 0.779194 0.068609 0.052967 0.052778
0 0.714551 0.746842 0.028699 0.028589
0 0.205318 0.026339 0.042499 0.042246
0 0.494075 0.019535 0.044643 0.038641
0 0.470397 0.952363 0.048318 0.047241
0 0.049075 0.571955 0.029601 0.029276
0 0.906906 0.273969 0.141648 0.136632
0 0.810776 0.635628 0.100879 0.100066
0 0.972443 0.967272 0.042457 0.041309
0 0.957004 0.911884 0.027110 0.026932
0 0.470351 0.383856 0.092596 0.094849
0 0.103188 0.412748 0.023847 0.023871
0 0.843481 0.105444 0.054844 0.054646
0 0.146999 0.336156 0.024381 0.024346
0 0.981472 0.747061 0.029444 0.028457
0 0.537643 0.032132 0.026886 0.027371
0 0.799489 0.088110 0.043818 0.044220
0 0.588896 0.527043 0.035827 0.034803
0 0.877218 0.517084 0.064517 0.063856
0 0.758968 0.717055 0.026792 0.026313
0 0.925308 0.843324 0.024903 0.024710
0 0.404228 0.905395 0.108691 0.103726
0 0.988645 0.463214 0.022711 0.033230
0 0.570846 0.078502 0.117316 0.120541
0 0.571672 0.922993 0.024424 0.024476
0 0.883068 0.058969 0.036440 0.036376
0 0.844270 0.394427 0.255178 0.241511
0 0.977630 0.575467 0.044740 0.074919
0 0.026072 0.357659 0.020383 0.020095
0 0.859503 0.642954 0.085436 0.085381
0 0.474498 0.530892 0.175832 0.172240
0 0.701303 0.992527 0.030574 0.014947
0 0.515483 0.980258 0.066656 0.039087
0 0.894984 0.770576 0.033719 0.034068
0 0.731857 0.655303 0.026979 0.026911
0 0.034470 0.401085 0.021273 0.020893
