0 0.712386 0.469029 0.045203 0.042262
0 0.722803 0.357983 0.032162 0.031033
0 0.769174 0.774401 0.039377 0.036297
0 0.055159 0.550103 0.037292 0.035884
0 0.224624 0.644407 0.037951 0.034953
0 0.055082 0.790507 0.023688 0.023538
0 0.020076 0.434681 0.039351 0.053154
0 0.010897 0.570662 0.021413 0.024527
0 0.592746 0.518667 0.089881 0.085805
0 0.972187 0.398933 0.026150 0.025629
0 0.167242 0.656493 0.033260 0.030517
0 0.115638 0.586976 0.026741 0.025785
0 0.386821 0.659401 0.026648 0.025883
0 0.826738 0.704494 0.061607 0.058892
0 0.013064 0.200454 0.025659 0.026376
0 0.333252 0.696922 0.027448 0.025822
0 0.468917 0.845842 0.051779 0.048661
0 0.045953 0.456864 0.020341 0.019782
0 0.936886 0.932912 0.035836 0.029567
0 0.061035 0.326734 0.074875 0.070756
0 0.007664 0.637416 0.015163 0.022175
0 0.112813 0.605689 0.023555 0.022611
0 0.160728 0.603278 0.022705 0.022109
0 0.262267 0.644011 0.020729 0.020482
0 0.515735 0.582133 0.020838 0.019882
0 0.362965 0.982326 0.041547 0.034253
0 0.768279 0.508146 0.048398 0.046903
0 0.563995 0.026655 0.030107 0.029381
0 0.457531 0.895034 0.062946 0.057124
