0 0.979457 0.123707 0.041086 0.045095
0 0.578942 0.046277 0.132506 0.092554
0 0.164510 0.309379 0.061021 0.047909
0 0.328328 0.658360 0.039282 0.031032
0 0.457887 0.280922 0.074510 0.066880
0 0.384472 0.293052 0.087921 0.076108
0 0.562034 0.353256 0.049461 0.041091
0 0.518761 0.206283 0.080977 0.064569
0 0.805776 0.183764 0.046611 0.041767
0 0.038688 0.359484 0.038674 0.028531
0 0.879313 0.276017 0.060704 0.054130
0 0.130662 0.279473 0.038294 0.029514
0 0.157154 0.717444 0.048657 0.037374
0 0.037499 0.781128 0.040064 0.031803
0 0.971250 0.284950 0.029653 0.027970
0 0.770699 0.651619 0.040402 0.033293
0 0.516769 0.526406 0.049212 0.037025
0 0.677798 0.689938 0.040131 0.029625
0 0.023975 0.411968 0.040314 0.031905
0 0.970688 0.394236 0.050939 0.045445
0 0.527697 0.577245 0.086834 0.070952
0 0.678618 0.571291 0.118170 0.094163
0 0.954508 0.311186 0.030133 0.028314
0 0.172055 0.749434 0.050958 0.040441
0 0.156939 0.380296 0.035971 0.026839
0 0.477561 0.603318 0.043062 0.037606
0 0.410298 0.232776 0.068320 0.058474
0 0.185820 0.959690 0.044000 0.032641
0 0.568758 0.181719 0.060363 0.047431
0 0.798374 0.049221 0.050262 0.044106
0 0.466920 0.971754 0.054366 0.042255
0 0.912289 0.312416 0.042250 0.038238
0 0.970626 0.916579 0.058748 0.067409
