0 0.506128 0.264750 0.126678 0.115068
0 0.661889 0.094889 0.175837 0.151375
0 0.115049 0.696201 0.054142 0.050302
0 0.760446 0.551337 0.201537 0.178475
0 0.887658 0.959949 0.052711 0.046053
0 0.579377 0.349596 0.159876 0.139550
0 0.272221 0.775475 0.047165 0.045939
0 0.823724 0.621289 0.122238 0.110157
0 0.922833 0.219990 0.069295 0.060197
0 0.121389 0.524042 0.038885 0.035424
0 0.047228 0.809284 0.094457 0.115346
0 0.266894 0.056673 0.050253 0.042621
0 0.278612 0.902205 0.048892 0.046591
0 0.331847 0.597323 0.103029 0.094666
0 0.589845 0.672183 0.051507 0.045939
0 0.700107 0.645828 0.066778 0.057540
0 0.929663 0.404374 0.122758 0.102085
0 0.919742 0.863886 0.159760 0.225022
0 0.333413 0.980198 0.058863 0.039566
0 0.453155 0.766255 0.033558 0.033491
0 0.658010 0.578664 0.033892 0.031072
0 0.885787 0.712543 0.043931 0.039429
0 0.409175 0.751283 0.083812 0.078133
0 0.057340 0.681443 0.082647 0.078945
0 0.319171 0.845348 0.059114 0.053324
0 0.990657 0.034518 0.017679 0.051977
0 0.787144 0.985662 0.029150 0.026654
0 0.114534 0.790363 0.034715 0.033904
0 0.688576 0.472298 0.125312 0.103062
0 0.615561 0.643195 0.054628 0.050465
0 0.694429 0.550478 0.066995 0.058744
0 0.049213 0.422958 0.026244 0.026247
0 0.207932 0.471366 0.037223 0.035272
0 0.637690 0.203403 0.106683 0.095549
0 0.259304 0.931230 0.023265 0.022632
0 0.579838 0.610784 0.054043 0.051476
0 0.355804 0.492551 0.027777 0.026555
0 0.864214 0.988441 0.026813 0.022958
0 0.693806 0.506137 0.052357 0.049480
