0 0.582754 0.206224 0.246589 0.247580
0 0.149665 0.899656 0.026752 0.027350
0 0.108966 0.786436 0.034011 0.033408
0 0.853547 0.083321 0.031711 0.032245
0 0.493960 0.465004 0.034512 0.034326
0 0.893747 0.128588 0.026843 0.026953
0 0.924305 0.316843 0.036465 0.036487
0 0.235057 0.388742 0.088896 0.090091
0 0.216456 0.526400 0.027853 0.027782
0 0.177704 0.111826 0.086733 0.086677
0 0.032036 0.781965 0.028740 0.028874
0 0.719995 0.393452 0.041406 0.041332
0 0.082840 0.939158 0.031565 0.032065
0 0.063639 0.619772 0.025135 0.024461
0 0.371640 0.872857 0.030431 0.030330
0 0.609747 0.078003 0.038969 0.038668
0 0.404238 0.911320 0.056267 0.056175
0 0.121410 0.735068 0.078267 0.077276
0 0.062034 0.052987 0.052710 0.051650
0 0.283457 0.856178 0.066736 0.065983
0 0.183569 0.739432 0.026588 0.026805
0 0.254220 0.199799 0.025184 0.025465
0 0.398250 0.311183 0.025974 0.025471
0 0.163086 0.193327 0.043900 0.043925
0 0.448509 0.157710 0.033774 0.033723
0 0.406503 0.596502 0.062604 0.061936
0 0.245815 0.622112 0.025888 0.026198
0 0.406136 0.821919 0.028906 0.028780
0 0.197554 0.802281 0.055841 0.055747
0 0.167061 0.778439 0.026669 0.026594
0 0.808330 0.288663 0.030219 0.030085
0 0.040565 0.281378 0.038208 0.037662
0 0.014598 0.177886 0.028603 0.030337
0 0.268037 0.169111 0.025840 0.025901
0 0.406756 0.794326 0.027360 0.027014
0 0.234678 0.587569 0.028527 0.028477
0 0.916704 0.147471 0.033432 0.033863
0 0.426229 0.659432 0.042756 0.043251
0 0.780120 0.175081 0.035181 0.034761
0 0.519524 0.338489 0.040279 0.041631
0 0.268054 0.483829 0.059488 0.058601
0 0.090667 0.249242 0.043660 0.042998
0 0.529720 0.390313 0.127142 0.137747
0 0.497988 0.568566 0.027156 0.026927
0 0.620654 0.553015 0.055359 0.056019
0 0.446955 0.235866 0.029365 0.029896
0 0.292262 0.075918 0.236908 0.150222
0 0.639967 0.099248 0.026161 0.026322
0 0.406052 0.209331 0.026642 0.027075
0 0.270116 0.892024 0.032820 0.032132
0 0.054244 0.728830 0.033044 0.033705
0 0.433629 0.330295 0.025400 0.025738
0 0.742708 0.707199 0.077958 0.077564
0 0.584073 0.873219 0.067943 0.066869
0 0.200739 0.226992 0.025241 0.025862
0 0.544264 0.711201 0.055102 0.053580
0 0.327741 0.267833 0.026007 0.025978
0 0.144395 0.516451 0.023829 0.023340
0 0.056978 0.407539 0.026819 0.027484
0 0.790873 0.446404 0.034566 0.034862
0 0.084090 0.189789 0.047522 0.047467
0 0.038115 0.515907 0.021663 0.021686
0 0.318374 0.485419 0.026586 0.026240
0 0.953550 0.082042 0.024157 0.025291
0 0.592585 0.350963 0.021443 0.021467
0 0.348180 0.457282 0.025498 0.026328
0 0.463136 0.401567 0.026316 0.025965
0 0.804923 0.411625 0.028162 0.027347
0 0.840035 0.545028 0.025330 0.025486
0 0.934539 0.669939 0.035337 0.034933
0 0.010944 0.470414 0.020448 0.020603
0 0.682523 0.257028 0.021965 0.022420
0 0.687308 0.127328 0.022205 0.022744
0 0.704420 0.466524 0.026435 0.027029
0 0.970348 0.039115 0.023269 0.023513
0 0.580194 0.677677 0.056605 0.057261
0 0.176219 0.716606 0.021875 0.021876
0 0.410896 0.115964 0.028312 0.028152
0 0.408965 0.379910 0.032708 0.031595
0 0.328672 0.729838 0.035608 0.035651
0 0.819957 0.081121 0.020572 0.020690
0 0.373400 0.454605 0.028824 0.027983
0 0.098665 0.131264 0.070096 0.070413
0 0.793137 0.052424 0.025879 0.025961
0 0.735358 0.848841 0.044429 0.044332
0 0.425919 0.273322 0.023859 0.024551
0 0.855344 0.165875 0.021634 0.022080
0 0.023674 0.533504 0.021195 0.021775
0 0.773103 0.140938 0.025911 0.025353
0 0.053261 0.491372 0.021361 0.021045
0 0.316432 0.708731 0.024758 0.025239
0 0.540562 0.657536 0.026740 0.026142
0 0.853677 0.405765 0.022408 0.022527
0 0.172622 0.279949 0.021426 0.021215
0 0.488558 0.345650 0.038929 0.040664
0 0.973619 0.403259 0.029872 0.029641
0 0.829919 0.418157 0.023886 0.024274
0 0.769383 0.524531 0.048964 0.049762
0 0.574646 0.502859 0.023426 0.023868
0 0.071753 0.218323 0.020215 0.020352
0 0.358185 0.806116 0.018748 0.018989
0 0.025396 0.834684 0.020057 0.020075
0 0.606577 0.249537 0.030898 0.029829
0 0.901752 0.635778 0.020260 0.020406
0 0.344688 0.556532 0.021280 0.021808
0 0.751457 0.117302 0.020958 0.021213
0 0.550777 0.974557 0.046595 0.045508
0 0.858825 0.980131 0.045725 0.039422
0 0.193510 0.984102 0.022460 0.022531
0 0.356404 0.435401 0.024353 0.023605
0 0.950399 0.648812 0.031723 0.032344
0 0.586970 0.329870 0.019416 0.019677
0 0.594273 0.467341 0.052734 0.054363
0 0.093919 0.562062 0.045840 0.045683
0 0.757922 0.160209 0.024501 0.024080
0 0.751936 0.204812 0.028329 0.027636
0 0.147476 0.022260 0.028511 0.027888
0 0.275124 0.386146 0.022462 0.021804
0 0.023519 0.397825 0.022353 0.022176
0 0.201925 0.379834 0.022904 0.023261
0 0.027108 0.322342 0.021545 0.022218
0 0.244590 0.352669 0.018770 0.019596
0 0.093620 0.475661 0.020779 0.021405
0 0.699560 0.574760 0.023994 0.023318
0 0.296461 0.436011 0.039007 0.038953
0 0.635790 0.898651 0.034739 0.034155
0 0.445289 0.861818 0.024874 0.024874
0 0.576278 0.059466 0.030427 0.030167
