0 0.173592 0.068260 0.086098 0.086298
0 0.738500 0.153063 0.039934 0.040114
0 0.635441 0.084185 0.067682 0.067884
0 0.592069 0.564264 0.030109 0.030287
0 0.196461 0.518288 0.081890 0.082706
0 0.736962 0.568272 0.034224 0.034509
0 0.091110 0.763762 0.043269 0.043138
0 0.230730 0.793746 0.030822 0.031095
0 0.953047 0.591479 0.032800 0.033027
0 0.944862 0.020739 0.056602 0.041478
0 0.846737 0.279125 0.030880 0.030433
0 0.868347 0.977699 0.029878 0.029688
0 0.145433 0.511903 0.033755 0.033983
0 0.082410 0.135826 0.032987 0.032387
0 0.482135 0.137520 0.027796 0.028045
0 0.782697 0.424657 0.026517 0.025465
0 0.301865 0.305386 0.029225 0.029064
0 0.295594 0.389142 0.028589 0.028880
0 0.793650 0.967436 0.022781 0.022865
0 0.488089 0.593013 0.032504 0.032390
0 0.220868 0.329001 0.058369 0.057919
0 0.334761 0.415448 0.024018 0.024023
0 0.133507 0.148994 0.027259 0.026736
0 0.733890 0.302740 0.031623 0.030099
0 0.249795 0.192248 0.032841 0.033027
0 0.383177 0.255724 0.026294 0.025450
0 0.504655 0.475033 0.022029 0.022198
0 0.964304 0.437575 0.025469 0.025752
0 0.827927 0.367482 0.032172 0.032180
0 0.956782 0.102529 0.024586 0.024461
0 0.463458 0.120160 0.020895 0.020562
0 0.914534 0.690232 0.022251 0.022107
0 0.120999 0.520413 0.027191 0.027872
0 0.258410 0.453005 0.021043 0.021317
0 0.512211 0.194551 0.021365 0.021499
