0 0.530624 0.637223 0.040062 0.039766
0 0.981692 0.285914 0.034761 0.036686
0 0.840485 0.093837 0.034590 0.034630
0 0.622596 0.329767 0.035401 0.035385
0 0.981965 0.019918 0.036071 0.039836
0 0.752852 0.523326 0.032304 0.032039
0 0.692437 0.233772 0.031338 0.031886
0 0.856332 0.818880 0.030270 0.030152
0 0.897254 0.560043 0.029383 0.029303
0 0.715163 0.377661 0.025192 0.025252
0 0.627970 0.259200 0.025039 0.025183
0 0.982912 0.763507 0.026042 0.025544
0 0.585963 0.008159 0.023265 0.016317
0 0.852620 0.597763 0.026863 0.027689
0 0.990217 0.740433 0.019499 0.023490
