0 0.606675 0.351294 0.234404 0.232183
0 0.283736 0.487406 0.028790 0.028885
0 0.327831 0.543852 0.027703 0.027678
0 0.857772 0.377459 0.058608 0.058555
0 0.853700 0.925415 0.033240 0.033284
0 0.764848 0.895988 0.036917 0.036670
0 0.696869 0.892495 0.028543 0.028375
0 0.546398 0.830073 0.040576 0.039661
0 0.761173 0.940551 0.025657 0.025906
0 0.413966 0.696250 0.026974 0.026725
0 0.099876 0.010171 0.037275 0.020342
0 0.082479 0.187949 0.066330 0.065309
0 0.507691 0.811760 0.035628 0.035039
0 0.987919 0.615438 0.024162 0.028675
0 0.158912 0.557507 0.032764 0.032543
0 0.757182 0.589030 0.065810 0.065501
0 0.228184 0.684050 0.023520 0.023277
0 0.936264 0.052640 0.038124 0.038995
0 0.755372 0.865990 0.024654 0.025062
0 0.469740 0.319917 0.021333 0.021277
0 0.659867 0.689259 0.092176 0.092391
0 0.131042 0.182362 0.036276 0.035311
0 0.561830 0.991563 0.027159 0.016552
0 0.193658 0.942019 0.023015 0.022303
0 0.180342 0.680958 0.026997 0.027388
0 0.006486 0.365681 0.012972 0.022428
0 0.355586 0.809059 0.103822 0.100306
0 0.094033 0.586121 0.023641 0.023711
0 0.414045 0.100406 0.021192 0.021235
0 0.653006 0.951603 0.020059 0.020611
0 0.892907 0.882169 0.027331 0.024388
0 0.388425 0.788880 0.023377 0.021858
0 0.367928 0.416421 0.098390 0.097866
0 0.021250 0.663601 0.027906 0.027277
0 0.421384 0.520734 0.093798 0.093124
0 0.787482 0.033836 0.070019 0.065541
0 0.964359 0.043095 0.026153 0.027005
