0 0.480777 0.731043 0.091688 0.081770
0 0.644138 0.917635 0.067510 0.059286
0 0.154679 0.301183 0.040771 0.034558
0 0.290988 0.888357 0.041059 0.036495
0 0.401346 0.080070 0.108883 0.090067
0 0.367522 0.880146 0.041527 0.035452
0 0.430759 0.217337 0.120733 0.095847
0 0.270846 0.986446 0.037453 0.026106
0 0.541045 0.686120 0.037569 0.032447
0 0.133265 0.453637 0.029697 0.026580
0 0.888112 0.353662 0.038682 0.033352
0 0.236977 0.026724 0.038411 0.030941
0 0.126114 0.776201 0.038153 0.034006
0 0.335276 0.047729 0.048455 0.038550
0 0.781797 0.356622 0.065511 0.060319
0 0.508280 0.336708 0.029973 0.028622
0 0.420926 0.676841 0.089201 0.078272
0 0.038538 0.192460 0.035806 0.031018
0 0.279726 0.139725 0.092245 0.073073
