0 0.874503 0.127592 0.106982 0.106287
0 0.484672 0.175618 0.301022 0.311087
0 0.289009 0.185429 0.104942 0.105577
0 0.671677 0.510668 0.033356 0.033343
0 0.300374 0.038339 0.035797 0.035597
0 0.651065 0.225947 0.054630 0.054156
0 0.828639 0.024295 0.031830 0.031325
0 0.854195 0.691047 0.036410 0.036882
0 0.104471 0.064311 0.073458 0.072535
0 0.133018 0.292245 0.062055 0.060599
0 0.036369 0.093207 0.031141 0.030602
0 0.257753 0.212709 0.033937 0.033585
0 0.368131 0.547590 0.265150 0.259610
0 0.950343 0.530969 0.026446 0.026442
0 0.456673 0.395924 0.028586 0.029007
0 0.521017 0.191196 0.051382 0.051197
0 0.277639 0.519542 0.048079 0.047203
0 0.541005 0.538879 0.025159 0.026021
0 0.274417 0.838174 0.024431 0.024413
0 0.092959 0.619241 0.022498 0.022719
0 0.207471 0.151290 0.024611 0.024539
0 0.604006 0.453824 0.051791 0.050850
0 0.271449 0.015074 0.022483 0.022418
0 0.901880 0.034497 0.020699 0.021440
0 0.218191 0.748567 0.086374 0.085138
0 0.187348 0.059074 0.026975 0.027579
0 0.867631 0.983144 0.039142 0.033314
0 0.011041 0.740582 0.019441 0.019955
0 0.571687 0.576136 0.038319 0.038515
0 0.515277 0.561589 0.028328 0.028434
0 0.505970 0.727242 0.021239 0.021410
0 0.770268 0.616494 0.024386 0.024584
