0 0.209037 0.438805 0.028531 0.028614
0 0.332190 0.430651 0.049107 0.047711
0 0.862100 0.036437 0.036807 0.036507
0 0.341922 0.227796 0.235372 0.229187
0 0.674699 0.571751 0.054809 0.054271
0 0.919716 0.259509 0.095421 0.096296
0 0.579279 0.660660 0.045873 0.046609
0 0.873226 0.476717 0.025762 0.025845
0 0.338621 0.501616 0.041879 0.042052
0 0.405898 0.068509 0.038168 0.038599
0 0.491370 0.671380 0.097269 0.096933
0 0.516897 0.553921 0.091074 0.091206
0 0.648668 0.187455 0.037623 0.036724
0 0.152915 0.335604 0.055929 0.055759
0 0.345984 0.092023 0.028224 0.028320
0 0.230547 0.112839 0.029145 0.029241
0 0.979292 0.936885 0.041416 0.045023
0 0.688009 0.353791 0.027412 0.027112
0 0.833402 0.713537 0.064339 0.063541
0 0.401682 0.372437 0.086480 0.084931
0 0.178894 0.452429 0.023542 0.023577
0 0.298973 0.464416 0.040862 0.041120
0 0.081643 0.564281 0.037486 0.037261
0 0.243071 0.380086 0.034666 0.034963
0 0.529562 0.468472 0.078728 0.078534
0 0.789027 0.474280 0.031078 0.031134
0 0.214283 0.088267 0.031990 0.031976
0 0.986684 0.427128 0.026631 0.029712
0 0.732781 0.493787 0.027131 0.027950
0 0.690871 0.185814 0.028299 0.026217
0 0.800824 0.799595 0.047933 0.048515
0 0.952475 0.655267 0.022800 0.022960
0 0.465705 0.749028 0.030968 0.031381
0 0.635789 0.733138 0.056629 0.056543
0 0.265913 0.319406 0.023573 0.023193
0 0.921675 0.531076 0.071350 0.074303
0 0.952358 0.417994 0.025419 0.025140
0 0.091211 0.252729 0.181466 0.321609
0 0.328380 0.528176 0.027008 0.026638
0 0.760235 0.492383 0.029080 0.029160
0 0.412344 0.338923 0.043851 0.045894
0 0.985951 0.467994 0.022774 0.023091
0 0.631408 0.696897 0.019657 0.019685
0 0.678422 0.324686 0.036286 0.037231
0 0.624664 0.039176 0.077370 0.074513
0 0.180923 0.043449 0.020013 0.020040
0 0.665606 0.014656 0.026926 0.026985
0 0.107013 0.547429 0.022381 0.022099
0 0.965433 0.404853 0.030738 0.033098
0 0.204799 0.623991 0.059912 0.060632
0 0.109713 0.047787 0.018987 0.019199
0 0.561683 0.015843 0.072900 0.031592
0 0.829601 0.325080 0.088154 0.090245
0 0.353433 0.017739 0.033372 0.032860
0 0.025273 0.392906 0.019591 0.019540
0 0.199176 0.530266 0.036821 0.037432
0 0.489166 0.399583 0.031068 0.030763
0 0.097136 0.716515 0.043865 0.043755
0 0.452782 0.360635 0.050846 0.052112
0 0.856471 0.547155 0.077288 0.077434
0 0.149644 0.041411 0.021727 0.021299
0 0.617935 0.497208 0.021414 0.021480
0 0.040041 0.067747 0.024646 0.024565
0 0.138771 0.078205 0.025974 0.026124
0 0.333420 0.223228 0.032010 0.032211
0 0.256726 0.023898 0.031977 0.031843
0 0.903268 0.674357 0.081199 0.082560
0 0.941556 0.466828 0.037433 0.037748
0 0.516468 0.778167 0.055424 0.055284
0 0.459407 0.466162 0.062406 0.062680
0 0.247661 0.131937 0.041193 0.042958
0 0.611197 0.631541 0.038297 0.038218
0 0.978836 0.867350 0.042162 0.051816
0 0.522039 0.363521 0.034372 0.034589
0 0.845275 0.137730 0.019403 0.019320
0 0.358636 0.403507 0.020717 0.020904
0 0.274380 0.504455 0.022725 0.022677
0 0.828633 0.987163 0.049250 0.025674
