0 0.601386 0.685095 0.045188 0.044273
0 0.724997 0.749029 0.051638 0.051266
0 0.012098 0.292063 0.023899 0.044292
0 0.640833 0.041401 0.039951 0.038097
0 0.851484 0.927277 0.031900 0.031928
0 0.652224 0.461317 0.035128 0.034785
0 0.548548 0.732037 0.033171 0.032063
0 0.120387 0.438937 0.024211 0.024109
0 0.849343 0.297044 0.030128 0.029443
0 0.479076 0.878833 0.044579 0.044840
0 0.081110 0.380586 0.024962 0.024968
0 0.784398 0.754807 0.029933 0.029772
0 0.119022 0.552946 0.023709 0.023132
0 0.013110 0.382818 0.022117 0.022036
0 0.299995 0.991634 0.025959 0.016732
0 0.614421 0.989395 0.024765 0.020995
0 0.412239 0.718180 0.022695 0.022774
0 0.771969 0.909369 0.021646 0.021542
0 0.841335 0.449630 0.024131 0.023955
0 0.409437 0.344905 0.024589 0.024913
0 0.679467 0.678605 0.037696 0.037542
0 0.970836 0.391723 0.027011 0.026298
0 0.599555 0.026799 0.023615 0.023110
0 0.933231 0.250748 0.025201 0.024683
0 0.423879 0.332139 0.023742 0.023698
0 0.461429 0.761234 0.022829 0.023032
