0 0.061859 0.660949 0.120074 0.120194
0 0.231444 0.602734 0.091367 0.089817
0 0.164495 0.910952 0.047780 0.047902
0 0.115367 0.955600 0.034411 0.034699
0 0.015960 0.922078 0.031748 0.038931
0 0.073991 0.906428 0.024143 0.024330
0 0.877202 0.338799 0.029837 0.030537
0 0.115905 0.745915 0.027929 0.027798
0 0.193424 0.882386 0.022876 0.023641
0 0.049927 0.783767 0.030362 0.030581
0 0.843159 0.322002 0.029754 0.029484
0 0.884631 0.989603 0.043548 0.020795
0 0.144791 0.838948 0.022391 0.022526
0 0.256639 0.932261 0.024248 0.024549
