0 0.517629 0.312522 0.029493 0.024932
0 0.972138 0.424713 0.034224 0.030126
0 0.944035 0.450301 0.033267 0.027506
0 0.322862 0.144663 0.031433 0.025050
0 0.125545 0.264091 0.029539 0.026043
0 0.193779 0.555257 0.036989 0.032751
0 0.102426 0.540564 0.144834 0.131995
0 0.415532 0.970482 0.027365 0.024445
0 0.034887 0.352340 0.068485 0.074232
0 0.394215 0.168158 0.027986 0.025398
0 0.051301 0.645891 0.102181 0.121694
0 0.103053 0.973093 0.115503 0.052171
0 0.942600 0.405871 0.027999 0.026226
0 0.014516 0.474933 0.027594 0.028684
0 0.416331 0.204963 0.023338 0.020839
0 0.912099 0.548459 0.023106 0.021478
0 0.884337 0.450026 0.023903 0.021639
0 0.209479 0.932468 0.038824 0.038694
