0 0.850113 0.111488 0.171130 0.167767
0 0.725097 0.148296 0.038827 0.038403
0 0.572993 0.839655 0.244472 0.223630
0 0.680989 0.189294 0.040113 0.040112
0 0.985851 0.198017 0.028297 0.033075
0 0.763826 0.007169 0.034531 0.014230
0 0.896571 0.750027 0.029110 0.029477
0 0.651249 0.728244 0.035957 0.034922
0 0.439103 0.831955 0.027489 0.028096
0 0.852306 0.749815 0.022994 0.022998
0 0.679347 0.541284 0.077794 0.076085
0 0.551980 0.715812 0.035842 0.035707
0 0.937181 0.963862 0.023492 0.022772
0 0.742205 0.488504 0.023211 0.022999
0 0.929667 0.635401 0.021695 0.021643
0 0.896184 0.719738 0.024879 0.026066
0 0.917622 0.659196 0.022187 0.022058
0 0.513620 0.952844 0.022636 0.022171
0 0.844009 0.773323 0.045871 0.045255
0 0.832945 0.772652 0.024305 0.028788
0 0.960221 0.213442 0.027714 0.027757
0 0.873311 0.702753 0.032102 0.031252
0 0.622103 0.926550 0.042386 0.041768
0 0.768322 0.020210 0.019881 0.021349
