0 0.514217 0.288845 0.059063 0.052236
0 0.268823 0.053018 0.063590 0.053012
0 0.660206 0.601117 0.057163 0.050799
0 0.451194 0.159229 0.048137 0.042734
0 0.840514 0.214015 0.043346 0.039226
0 0.976153 0.034967 0.047694 0.049243
0 0.503739 0.839447 0.035942 0.031684
0 0.498691 0.785108 0.047228 0.042580
0 0.360156 0.910973 0.051214 0.042240
0 0.657912 0.642351 0.038468 0.036753
0 0.058536 0.167514 0.034580 0.032287
0 0.161881 0.366809 0.037126 0.032317
0 0.515130 0.237786 0.055700 0.049813
0 0.243423 0.406429 0.032855 0.029287
0 0.225606 0.012382 0.037071 0.024459
0 0.829074 0.156171 0.030589 0.028250
0 0.094878 0.169952 0.028434 0.026617
0 0.942065 0.988662 0.055762 0.022611
0 0.582595 0.174542 0.030924 0.026590
0 0.483356 0.894713 0.029091 0.026033
0 0.529822 0.658885 0.091646 0.079929
0 0.625493 0.173417 0.026992 0.024336
