0 0.790446 0.062711 0.125197 0.098608
0 0.895897 0.209201 0.093689 0.069101
0 0.241886 0.340383 0.137297 0.108975
0 0.466587 0.730568 0.117400 0.082436
0 0.420073 0.552567 0.080120 0.060940
0 0.944429 0.596699 0.065701 0.050865
0 0.572362 0.480529 0.060340 0.045617
0 0.959678 0.837296 0.045709 0.033179
0 0.244603 0.802122 0.178572 0.118776
0 0.707537 0.097318 0.046277 0.036556
0 0.891722 0.902801 0.047084 0.035020
0 0.860229 0.954632 0.056801 0.041059
0 0.728236 0.026996 0.135399 0.053425
0 0.260756 0.617124 0.082755 0.060475
0 0.269055 0.661758 0.055690 0.039204
0 0.686412 0.793486 0.049584 0.038917
0 0.736644 0.956635 0.054698 0.040718
0 0.727011 0.194324 0.047709 0.035909
0 0.888243 0.502973 0.060820 0.042277
0 0.940675 0.471574 0.080276 0.059109
0 0.441648 0.220774 0.060986 0.047897
0 0.406755 0.072293 0.336422 0.143932
0 0.758911 0.217019 0.049235 0.034718
0 0.877399 0.045143 0.067448 0.053012
0 0.670583 0.203228 0.052000 0.036914
0 0.299102 0.948488 0.079768 0.059184
0 0.982555 0.340699 0.034890 0.040928
0 0.841085 0.173775 0.097714 0.070262
0 0.764281 0.166786 0.061261 0.047189
0 0.281167 0.166687 0.111548 0.080018
0 0.378194 0.185838 0.091587 0.067982
0 0.306190 0.282427 0.049023 0.036311
0 0.970881 0.191043 0.058238 0.061056
0 0.160785 0.042908 0.039909 0.031123
0 0.401259 0.927603 0.059075 0.041333
0 0.948990 0.087007 0.085025 0.059897
0 0.966025 0.375732 0.041747 0.032617
0 0.601282 0.552238 0.036210 0.027815
0 0.926514 0.282461 0.040457 0.033406
0 0.220866 0.676311 0.040839 0.030202
0 0.948997 0.006540 0.049180 0.013081
0 0.323177 0.371172 0.072136 0.056182
0 0.044095 0.510517 0.088190 0.091227
0 0.468431 0.162233 0.077605 0.056177
0 0.383069 0.667889 0.090142 0.064556
0 0.376625 0.217404 0.067167 0.045683
0 0.698106 0.620901 0.041324 0.031792
0 0.626463 0.718988 0.075193 0.050629
