0 0.731811 0.726107 0.142914 0.112141
0 0.375793 0.299895 0.076024 0.064052
0 0.089889 0.089513 0.175870 0.144524
0 0.060814 0.862309 0.043860 0.037156
0 0.409649 0.554359 0.049230 0.040750
0 0.898494 0.519183 0.047979 0.037618
0 0.688627 0.042077 0.148657 0.084107
0 0.423507 0.271397 0.046967 0.034789
0 0.825041 0.148672 0.063924 0.049065
0 0.772877 0.549614 0.088989 0.068593
0 0.359400 0.424651 0.040117 0.031875
0 0.379640 0.010561 0.053072 0.021123
0 0.484442 0.430632 0.040274 0.036386
0 0.227513 0.015772 0.059809 0.031544
0 0.391467 0.133002 0.072963 0.052274
0 0.503500 0.880069 0.036101 0.029899
0 0.819256 0.498120 0.036340 0.030429
0 0.107771 0.198706 0.140018 0.111187
0 0.541217 0.189359 0.035056 0.029013
0 0.444784 0.438720 0.034870 0.026307
0 0.940547 0.457863 0.118404 0.126646
0 0.461874 0.542842 0.043957 0.035721
0 0.121255 0.599398 0.062681 0.048661
0 0.698621 0.458232 0.043801 0.034207
0 0.386276 0.386521 0.032312 0.028676
