0 0.954449 0.538590 0.028704 0.028476
0 0.628995 0.814594 0.049856 0.050174
0 0.770275 0.595710 0.024593 0.024423
0 0.491598 0.945202 0.021302 0.021386
0 0.119531 0.235060 0.048014 0.048576
0 0.471283 0.123053 0.022888 0.022757
0 0.421961 0.988552 0.042563 0.022896
0 0.088772 0.332891 0.026355 0.026705
0 0.534855 0.275735 0.041331 0.041396
0 0.586671 0.810342 0.034425 0.034377
0 0.140182 0.496368 0.022224 0.022358
0 0.631646 0.194830 0.025642 0.025631
0 0.048774 0.642012 0.026318 0.026691
0 0.492454 0.186973 0.023562 0.023190
