0 0.831136 0.225958 0.036326 0.036323
0 0.855852 0.972136 0.038120 0.038688
0 0.380869 0.205795 0.042098 0.042246
0 0.174439 0.513149 0.055605 0.055783
0 0.831579 0.145760 0.056500 0.055478
0 0.428208 0.281461 0.068375 0.068476
0 0.794095 0.664446 0.034821 0.035304
0 0.294722 0.920482 0.049885 0.050026
0 0.775372 0.481069 0.029404 0.029391
0 0.095911 0.545294 0.025624 0.025300
0 0.552496 0.877861 0.053488 0.053294
0 0.895834 0.699679 0.024842 0.024885
0 0.237114 0.527890 0.022964 0.022806
0 0.439814 0.821971 0.045813 0.046043
0 0.181745 0.586210 0.034814 0.035140
0 0.330101 0.492320 0.035977 0.035938
0 0.330298 0.649289 0.029749 0.029867
0 0.433450 0.750861 0.197660 0.197928
0 0.789757 0.569380 0.045873 0.045700
0 0.073378 0.064300 0.025257 0.025436
0 0.684014 0.567266 0.050798 0.052031
0 0.811859 0.598204 0.030322 0.030077
0 0.605938 0.409609 0.022000 0.022343
0 0.692396 0.235866 0.030613 0.030455
0 0.183663 0.453836 0.021484 0.021334
0 0.900278 0.229052 0.049174 0.049599
0 0.580171 0.492084 0.032433 0.032547
0 0.886810 0.426388 0.036324 0.036546
0 0.261236 0.939138 0.024542 0.024681
0 0.781135 0.273588 0.022430 0.022517
0 0.355858 0.355214 0.028949 0.028306
0 0.326531 0.356554 0.028086 0.028250
0 0.549365 0.268106 0.029168 0.028994
0 0.687313 0.408210 0.021800 0.021873
0 0.519234 0.334507 0.028500 0.029131
0 0.115156 0.277104 0.022433 0.022561
0 0.321428 0.703040 0.059921 0.060395
0 0.964230 0.766802 0.025809 0.025004
0 0.374361 0.848710 0.077166 0.076889
0 0.661089 0.329348 0.029450 0.029860
0 0.569158 0.429916 0.021012 0.021167
0 0.113838 0.920632 0.080406 0.078569
0 0.729371 0.510401 0.029325 0.029257
0 0.828530 0.331197 0.041577 0.041234
0 0.682126 0.016108 0.026159 0.027276
0 0.509301 0.985840 0.060360 0.028320
0 0.941516 0.010955 0.032219 0.021877
0 0.818799 0.977545 0.034255 0.034682
0 0.862236 0.064378 0.025909 0.026328
0 0.828247 0.354287 0.025257 0.025031
0 0.884178 0.533903 0.022163 0.023030
0 0.066364 0.959384 0.041356 0.041498
0 0.251794 0.118749 0.293533 0.237497
0 0.987166 0.146966 0.025375 0.036980
0 0.227291 0.855271 0.032240 0.032496
0 0.727680 0.556778 0.025280 0.024349
0 0.023691 0.577244 0.021906 0.020600
0 0.837038 0.290535 0.027965 0.027879
0 0.655769 0.675181 0.069850 0.072722
0 0.557504 0.822720 0.024038 0.024368
0 0.797122 0.960684 0.027903 0.029188
0 0.285530 0.982682 0.031605 0.031682
0 0.961564 0.789945 0.045690 0.046251
0 0.827536 0.108345 0.060933 0.060567
0 0.960849 0.183829 0.073722 0.073044
0 0.941666 0.465604 0.022053 0.022564
0 0.161297 0.738330 0.300779 0.323111
0 0.581322 0.306485 0.019787 0.020037
0 0.671813 0.635518 0.020837 0.021019
0 0.170184 0.980014 0.099523 0.039972
0 0.769296 0.832714 0.034042 0.033830
0 0.230979 0.912285 0.027364 0.028257
0 0.767479 0.544207 0.025825 0.026701
0 0.607855 0.739515 0.184093 0.177959
0 0.857583 0.745011 0.027097 0.026972
0 0.067706 0.138027 0.024265 0.024239
0 0.824899 0.506268 0.039979 0.041022
0 0.609471 0.348484 0.020164 0.020124
0 0.084439 0.464144 0.023736 0.023465
0 0.766462 0.789787 0.032499 0.032315
0 0.740057 0.483673 0.031472 0.031842
0 0.671456 0.377688 0.020632 0.021148
0 0.205859 0.300956 0.156188 0.158059
0 0.190543 0.668561 0.190079 0.189099
0 0.205141 0.963361 0.024184 0.024119
0 0.421047 0.460950 0.021032 0.020261
0 0.583860 0.126871 0.020027 0.020189
0 0.218639 0.513346 0.023584 0.023202
0 0.183670 0.951138 0.021721 0.021866
0 0.392769 0.341918 0.019538 0.020031
0 0.318155 0.735650 0.029745 0.029076
0 0.984661 0.896152 0.019103 0.019132
0 0.467551 0.734896 0.021794 0.021237
0 0.486105 0.195610 0.192683 0.196014
0 0.920984 0.888137 0.155833 0.165832
0 0.418634 0.121489 0.021653 0.021915
0 0.381517 0.888284 0.152936 0.157749
0 0.391427 0.533444 0.253791 0.261546
0 0.572600 0.972120 0.075422 0.055310
0 0.501396 0.012724 0.020152 0.021207
0 0.603322 0.678850 0.265170 0.285076
0 0.043705 0.343408 0.087411 0.229044
0 0.452048 0.718155 0.021548 0.021579
0 0.400907 0.030751 0.058360 0.056164
0 0.156351 0.078333 0.025377 0.025751
0 0.685658 0.543734 0.023251 0.021336
0 0.979887 0.022461 0.038833 0.044921
0 0.674726 0.137619 0.019077 0.019222
0 0.032045 0.873366 0.064090 0.200126
0 0.453649 0.908356 0.019218 0.019362
0 0.870225 0.468301 0.056348 0.057079
