0 0.860700 0.223476 0.029130 0.029843
0 0.659093 0.718802 0.274182 0.268301
0 0.908451 0.488761 0.025837 0.025906
0 0.830823 0.033083 0.037848 0.037494
0 0.512334 0.617883 0.024717 0.024461
0 0.191382 0.620789 0.022805 0.022806
0 0.741322 0.014850 0.034049 0.029701
0 0.951073 0.285716 0.077152 0.077858
0 0.832680 0.756023 0.092596 0.092451
0 0.635787 0.301385 0.032785 0.033015
0 0.783690 0.380619 0.029868 0.029902
0 0.218181 0.374557 0.052671 0.052977
0 0.605146 0.169575 0.088092 0.088274
0 0.556657 0.943692 0.115278 0.110902
0 0.256995 0.637120 0.064506 0.064257
0 0.138999 0.201982 0.134201 0.134581
0 0.184201 0.341645 0.029047 0.028800
0 0.486658 0.690534 0.045641 0.045311
0 0.882450 0.412411 0.052320 0.051137
0 0.313158 0.362535 0.032090 0.032347
0 0.804917 0.441415 0.025623 0.025390
0 0.383277 0.902795 0.025079 0.024604
0 0.504779 0.327180 0.023021 0.022950
0 0.136691 0.030106 0.062364 0.060107
0 0.015131 0.142740 0.030198 0.042057
0 0.394921 0.285840 0.079612 0.081613
0 0.347734 0.767733 0.060208 0.059304
0 0.249529 0.314733 0.042548 0.042142
0 0.079644 0.281049 0.041897 0.041506
0 0.317685 0.160516 0.034337 0.034765
0 0.907577 0.833969 0.107434 0.105806
0 0.142004 0.520651 0.042493 0.042633
0 0.073896 0.138835 0.049347 0.049031
0 0.313714 0.426215 0.021430 0.020818
0 0.756362 0.170409 0.033524 0.033743
0 0.046488 0.309671 0.021040 0.021051
0 0.325301 0.295660 0.047963 0.047941
0 0.933244 0.900594 0.089916 0.089387
0 0.220927 0.463447 0.024036 0.023845
0 0.973741 0.678814 0.052519 0.073155
0 0.440554 0.095614 0.074883 0.074753
0 0.260315 0.382123 0.029240 0.028594
0 0.529901 0.170354 0.039477 0.039350
0 0.774226 0.339407 0.029572 0.028943
0 0.343307 0.145427 0.032502 0.031661
0 0.141214 0.586626 0.028489 0.028836
0 0.279317 0.506060 0.040948 0.039555
0 0.008262 0.350569 0.015930 0.046065
0 0.580587 0.817231 0.053926 0.054302
0 0.276217 0.277526 0.018741 0.018823
0 0.378507 0.294511 0.026494 0.023859
0 0.979284 0.630788 0.041324 0.049476
0 0.261783 0.485967 0.020068 0.019936
0 0.396086 0.414388 0.030039 0.030283
0 0.223147 0.229109 0.059737 0.061018
0 0.367193 0.983542 0.096240 0.032916
0 0.984734 0.746927 0.030532 0.079373
0 0.383740 0.124088 0.048371 0.048501
0 0.992734 0.062435 0.014374 0.018735
0 0.389835 0.073291 0.163630 0.146582
0 0.976065 0.369279 0.026388 0.025876
0 0.486881 0.259645 0.066710 0.064041
0 0.990961 0.339567 0.018002 0.022999
0 0.792019 0.350150 0.019080 0.018950
0 0.046557 0.663113 0.093114 0.103295
0 0.830705 0.516538 0.018821 0.018907
0 0.498927 0.233149 0.074432 0.073464
0 0.016321 0.301390 0.022691 0.022936
0 0.185050 0.502257 0.037497 0.037491
0 0.937330 0.570746 0.077587 0.079345
0 0.875460 0.191414 0.021948 0.020961
0 0.932957 0.596767 0.080371 0.079463
0 0.065612 0.827842 0.130947 0.344316
0 0.344822 0.577436 0.037385 0.037626
