0 0.750734 0.764924 0.048015 0.034929
0 0.129017 0.679150 0.068850 0.047550
0 0.764189 0.169642 0.072519 0.056295
0 0.318320 0.277168 0.062706 0.045394
0 0.650680 0.222609 0.047234 0.035394
0 0.757082 0.208658 0.051533 0.038933
0 0.302067 0.018240 0.043458 0.035699
0 0.879829 0.197660 0.066730 0.051251
0 0.010559 0.943536 0.021119 0.036180
0 0.369401 0.278312 0.040313 0.031805
0 0.277021 0.242656 0.042279 0.032655
0 0.297399 0.213161 0.047115 0.034061
0 0.405934 0.424728 0.107697 0.081333
0 0.318799 0.198119 0.037387 0.028200
0 0.570010 0.199770 0.038910 0.027657
0 0.858109 0.597374 0.095493 0.074635
0 0.894726 0.921446 0.036473 0.027015
