0 0.644845 0.931322 0.035833 0.034282
0 0.401706 0.602678 0.028608 0.028821
0 0.445905 0.250312 0.157807 0.156257
0 0.332760 0.133897 0.034127 0.034082
0 0.385071 0.550568 0.040103 0.038909
0 0.784675 0.800162 0.032227 0.032460
0 0.767420 0.690041 0.044945 0.044035
0 0.933993 0.906646 0.041498 0.040099
0 0.511760 0.553225 0.052761 0.052556
0 0.799395 0.717682 0.034801 0.033742
0 0.513744 0.894460 0.022180 0.022174
0 0.525683 0.440174 0.043043 0.043134
0 0.238215 0.299808 0.165841 0.165609
0 0.373112 0.514246 0.023897 0.023578
0 0.757652 0.932998 0.026771 0.026292
0 0.023298 0.153335 0.026936 0.026005
0 0.110690 0.402525 0.023220 0.023557
0 0.768255 0.773443 0.024130 0.023793
0 0.630004 0.092010 0.022040 0.021870
0 0.979096 0.859310 0.041809 0.048201
0 0.054218 0.394453 0.029286 0.029962
0 0.394972 0.525758 0.024029 0.023710
0 0.190384 0.703661 0.021035 0.020949
0 0.383448 0.306619 0.022332 0.022285
0 0.466920 0.469347 0.021397 0.021621
0 0.530928 0.988250 0.021535 0.021404
0 0.728869 0.141634 0.022382 0.022863
0 0.076371 0.062438 0.078947 0.081256
0 0.342450 0.057263 0.109956 0.106819
0 0.147544 0.645419 0.019904 0.019857
0 0.672415 0.076422 0.019753 0.019703
0 0.941042 0.931192 0.025369 0.025537
0 0.663545 0.464512 0.076474 0.075009
0 0.608998 0.147964 0.024248 0.024430
0 0.471591 0.077136 0.156232 0.144953
0 0.927115 0.386959 0.031018 0.031262
0 0.580568 0.416292 0.065858 0.063451
0 0.960426 0.093977 0.018629 0.018838
