0 0.139890 0.109814 0.025500 0.025719
0 0.383373 0.390617 0.025131 0.025386
0 0.566816 0.448194 0.036116 0.036726
0 0.070681 0.506713 0.032587 0.032687
0 0.505831 0.554558 0.024260 0.023900
0 0.251174 0.945020 0.106687 0.104318
0 0.214696 0.293792 0.025837 0.025871
0 0.177002 0.975811 0.023232 0.023349
0 0.540053 0.498926 0.039505 0.039790
0 0.858026 0.724862 0.034296 0.034554
0 0.073437 0.927849 0.031679 0.031276
0 0.423496 0.126408 0.050157 0.049788
0 0.116178 0.199668 0.023191 0.023196
0 0.392747 0.275984 0.057825 0.057876
0 0.500678 0.669710 0.024190 0.024219
0 0.705870 0.525213 0.028901 0.028549
0 0.670114 0.954201 0.023394 0.023838
0 0.068381 0.740248 0.024290 0.024339
0 0.148603 0.780407 0.023916 0.024162
0 0.025430 0.063129 0.034042 0.033898
0 0.020514 0.907362 0.027214 0.027223
0 0.286881 0.754357 0.040584 0.040481
0 0.795951 0.372094 0.023333 0.023228
0 0.812011 0.417311 0.037824 0.038087
0 0.415764 0.511389 0.023908 0.024137
0 0.677699 0.906977 0.029126 0.028617
0 0.878232 0.225954 0.022879 0.022834
0 0.876782 0.887929 0.023429 0.023606
0 0.399977 0.708802 0.037689 0.037767
0 0.255294 0.581748 0.020739 0.020636
0 0.226698 0.261887 0.020359 0.020218
0 0.612008 0.687592 0.022146 0.021926
0 0.354905 0.872448 0.030698 0.030928
0 0.298145 0.475057 0.048906 0.048572
0 0.828160 0.868621 0.024794 0.024230
0 0.870841 0.446253 0.020109 0.019897
0 0.809642 0.665585 0.021933 0.022037
0 0.307615 0.249058 0.037113 0.037300
0 0.261226 0.437669 0.052094 0.052014
0 0.062004 0.444724 0.042215 0.042427
0 0.286396 0.841242 0.097033 0.098772
0 0.328179 0.888030 0.021863 0.022612
0 0.722052 0.382309 0.021431 0.021792
0 0.100456 0.462235 0.036539 0.036904
0 0.446206 0.427555 0.037678 0.037843
0 0.644973 0.987733 0.068760 0.024533
0 0.802212 0.850581 0.196967 0.202249
0 0.957818 0.599613 0.020264 0.020370
0 0.689171 0.275536 0.019312 0.019249
0 0.057571 0.641404 0.029015 0.030751
0 0.668472 0.209424 0.019111 0.018864
0 0.722080 0.580617 0.025850 0.025537
0 0.662693 0.924372 0.019891 0.019700
0 0.954738 0.109699 0.020949 0.021138
0 0.355446 0.251737 0.025269 0.025649
0 0.019842 0.202230 0.039202 0.102380
0 0.893699 0.596161 0.020962 0.020794
0 0.486430 0.789922 0.019521 0.019169
0 0.773423 0.434307 0.033186 0.033661
0 0.133260 0.241708 0.211523 0.217398
0 0.848419 0.971861 0.018754 0.018932
0 0.385613 0.146469 0.036307 0.036959
0 0.488613 0.483045 0.021160 0.021335
0 0.176855 0.574602 0.146919 0.150177
0 0.365874 0.839213 0.065756 0.066683
0 0.304310 0.988863 0.059956 0.022254
0 0.634599 0.325476 0.018245 0.018190
0 0.750899 0.681663 0.022426 0.022387
0 0.052764 0.392129 0.029841 0.029461
0 0.115097 0.021945 0.170923 0.043076
0 0.624577 0.303457 0.215965 0.222588
0 0.098103 0.518345 0.138997 0.146335
0 0.344122 0.724974 0.018779 0.019192
0 0.441238 0.988592 0.031542 0.022816
0 0.689685 0.940090 0.019171 0.018867
0 0.787880 0.900688 0.020696 0.021234
0 0.492361 0.988641 0.036280 0.022718
0 0.189331 0.762624 0.036491 0.036242
0 0.577709 0.692156 0.022783 0.022600
0 0.339080 0.156753 0.018764 0.018430
0 0.025726 0.548167 0.021449 0.021299
0 0.771851 0.616079 0.025165 0.024920
0 0.158531 0.146420 0.021286 0.021682
0 0.632161 0.883307 0.041403 0.040561
0 0.156074 0.747321 0.026838 0.026859
0 0.498084 0.144731 0.086660 0.085580
0 0.777588 0.989878 0.018801 0.018357
0 0.744343 0.130485 0.111338 0.115018
