0 0.185131 0.214234 0.102981 0.083170
0 0.936185 0.890824 0.111620 0.094540
0 0.410715 0.274237 0.079126 0.061723
0 0.391666 0.356818 0.049677 0.039347
0 0.772047 0.306484 0.049780 0.040860
0 0.586075 0.372076 0.039862 0.032502
0 0.227948 0.110839 0.051014 0.041482
0 0.545596 0.390547 0.053373 0.040446
0 0.027272 0.272540 0.037469 0.034227
0 0.542138 0.751968 0.049639 0.039272
0 0.522556 0.620333 0.043807 0.036289
0 0.754645 0.078837 0.040319 0.032550
0 0.561610 0.474711 0.032410 0.026843
0 0.114855 0.732277 0.034381 0.028324
0 0.220375 0.336416 0.060370 0.049948
0 0.635505 0.006664 0.040150 0.013328
0 0.504582 0.514211 0.091963 0.078777
0 0.517029 0.817146 0.125887 0.102273
0 0.503695 0.586845 0.062883 0.054277
