0 0.292079 0.035112 0.087854 0.070184
0 0.197192 0.516303 0.023915 0.023476
0 0.038252 0.558982 0.026550 0.026823
0 0.182779 0.355262 0.033486 0.033675
0 0.768272 0.561911 0.023844 0.023565
0 0.302711 0.510846 0.078907 0.079514
0 0.209292 0.936828 0.041345 0.041232
0 0.114543 0.890703 0.093753 0.095627
0 0.736882 0.980396 0.064089 0.039207
0 0.699618 0.185327 0.023791 0.023934
0 0.154332 0.807098 0.032006 0.031904
0 0.552283 0.951544 0.026062 0.026068
0 0.751498 0.788365 0.022930 0.022806
0 0.474794 0.991610 0.032236 0.016781
0 0.009149 0.347562 0.018297 0.030863
0 0.786416 0.402635 0.021556 0.021446
0 0.257434 0.207149 0.027228 0.027341
0 0.164390 0.778951 0.032235 0.030801
0 0.105965 0.548628 0.058735 0.059460
0 0.064183 0.455996 0.125584 0.133645
0 0.541674 0.972852 0.021253 0.021980
0 0.404172 0.500376 0.049223 0.049290
0 0.418506 0.751119 0.022017 0.022690
0 0.205239 0.974485 0.028636 0.028817
0 0.185137 0.908519 0.025826 0.024760
0 0.258168 0.654304 0.068318 0.069461
0 0.470089 0.577639 0.076808 0.079826
0 0.848692 0.814157 0.086577 0.089097
0 0.047444 0.346243 0.082712 0.083096
0 0.418855 0.899292 0.021812 0.022094
0 0.112957 0.052150 0.078737 0.079291
0 0.089204 0.958589 0.045790 0.046109
0 0.849870 0.199458 0.021792 0.021843
0 0.739321 0.074101 0.021654 0.021574
0 0.238492 0.816148 0.098631 0.098652
0 0.843822 0.065157 0.070887 0.070796
0 0.962231 0.354401 0.023009 0.023836
0 0.882486 0.600437 0.067180 0.065981
0 0.582232 0.282121 0.079964 0.081091
