0 0.722373 0.851166 0.028006 0.028156
0 0.106682 0.775673 0.027601 0.026975
0 0.653442 0.766149 0.034661 0.034397
0 0.881536 0.341245 0.042948 0.043256
0 0.652775 0.904352 0.027101 0.026797
0 0.647113 0.168761 0.035180 0.033873
0 0.654684 0.025679 0.047890 0.045686
0 0.600650 0.423630 0.027160 0.027826
0 0.359465 0.712964 0.034074 0.033887
0 0.583153 0.300044 0.034246 0.033759
0 0.110242 0.292625 0.063479 0.062273
0 0.085716 0.113965 0.085279 0.083749
0 0.791981 0.093133 0.031600 0.031054
0 0.515947 0.683128 0.085523 0.083993
0 0.567846 0.875076 0.070288 0.070693
0 0.103302 0.234439 0.073793 0.066090
0 0.602848 0.917404 0.066841 0.066375
0 0.802046 0.755399 0.022468 0.022584
0 0.606696 0.441937 0.152347 0.154025
0 0.180280 0.303872 0.080416 0.079817
0 0.621942 0.303109 0.021928 0.021739
0 0.541211 0.442855 0.264226 0.195283
0 0.020281 0.849116 0.032214 0.032603
0 0.311467 0.464583 0.022566 0.023184
