0 0.380768 0.235965 0.026748 0.026487
0 0.961214 0.300919 0.037862 0.038476
0 0.711608 0.273748 0.029954 0.029821
0 0.252834 0.832251 0.033598 0.033373
0 0.299360 0.094955 0.036541 0.035963
0 0.336287 0.189934 0.048275 0.047701
0 0.175864 0.816462 0.029377 0.029142
0 0.103336 0.705330 0.035144 0.035668
0 0.536433 0.672809 0.026806 0.026604
0 0.046385 0.817584 0.023314 0.023245
0 0.480881 0.239539 0.028340 0.028398
0 0.510403 0.384477 0.044076 0.043947
0 0.621804 0.926785 0.027437 0.026663
0 0.255080 0.345798 0.028735 0.028166
0 0.166452 0.324669 0.025066 0.025260
0 0.129429 0.246379 0.026420 0.026934
0 0.460628 0.887493 0.023435 0.023667
0 0.428105 0.418792 0.025319 0.025310
0 0.070421 0.949159 0.027326 0.027433
0 0.188083 0.022657 0.025991 0.025556
0 0.472720 0.579463 0.025965 0.025497
0 0.161444 0.298901 0.019976 0.019992
0 0.366375 0.101883 0.026544 0.025985
0 0.403984 0.344441 0.027318 0.026840
0 0.546357 0.822683 0.021623 0.022023
0 0.789308 0.872835 0.022679 0.022409
0 0.705420 0.417511 0.022041 0.022214
0 0.535382 0.847206 0.025143 0.024782
0 0.885685 0.982448 0.025741 0.025759
0 0.680022 0.211828 0.023931 0.023721
0 0.580381 0.701898 0.020885 0.020988
0 0.241030 0.008990 0.021915 0.017979
0 0.263184 0.965985 0.020806 0.020298
0 0.348121 0.014620 0.021169 0.021349
0 0.534118 0.051945 0.037397 0.037617
0 0.353743 0.678916 0.022855 0.023069
0 0.292710 0.470385 0.044908 0.044853
0 0.621356 0.868802 0.020482 0.020708
0 0.742444 0.046058 0.024151 0.024283
0 0.661620 0.667839 0.019856 0.019880
0 0.305487 0.019706 0.020690 0.020090
0 0.766748 0.189581 0.025520 0.026229
0 0.147037 0.472157 0.117164 0.113153
0 0.506454 0.846556 0.025742 0.025679
0 0.794660 0.668516 0.020140 0.020581
0 0.505005 0.873565 0.027794 0.028077
0 0.743195 0.651147 0.020339 0.020424
0 0.222286 0.632192 0.196578 0.197043
0 0.053130 0.705197 0.026200 0.027658
0 0.847684 0.727860 0.156259 0.158884
0 0.473839 0.328207 0.019307 0.019401
0 0.174334 0.689424 0.061044 0.060674
0 0.154033 0.240231 0.020534 0.020989
0 0.125624 0.854554 0.025139 0.025053
0 0.795187 0.435472 0.020187 0.020061
