0 0.747583 0.567210 0.080059 0.071713
0 0.033712 0.680719 0.030689 0.028791
0 0.282539 0.923140 0.038123 0.037087
0 0.367676 0.281506 0.022771 0.021973
0 0.744321 0.007331 0.035391 0.014662
0 0.331229 0.829130 0.297932 0.244104
0 0.093811 0.956114 0.051800 0.048516
0 0.145417 0.328392 0.025403 0.023429
0 0.060720 0.898533 0.084623 0.070823
0 0.130459 0.067133 0.065992 0.056028
0 0.195173 0.918984 0.119192 0.111311
0 0.416917 0.400074 0.326449 0.292702
0 0.677851 0.844515 0.022192 0.021836
0 0.468684 0.063653 0.033026 0.032193
0 0.648529 0.530681 0.020936 0.020505
0 0.477753 0.236541 0.083662 0.078520
0 0.655660 0.161550 0.022029 0.021031
0 0.388511 0.223881 0.020368 0.020158
