0 0.277780 0.138475 0.040032 0.039181
0 0.503391 0.165117 0.036268 0.035485
0 0.583603 0.423092 0.098400 0.091793
0 0.294340 0.494583 0.047640 0.044572
0 0.162209 0.246750 0.098485 0.091878
0 0.128950 0.065604 0.083641 0.079584
0 0.024401 0.193369 0.038244 0.036196
0 0.019034 0.072745 0.030577 0.030083
0 0.060467 0.518880 0.044765 0.042534
0 0.462440 0.754865 0.040659 0.038795
0 0.329000 0.459330 0.041511 0.039111
0 0.257441 0.647436 0.028868 0.028377
0 0.262230 0.408193 0.037014 0.034950
0 0.715219 0.086219 0.031274 0.031057
0 0.165742 0.303004 0.036765 0.034323
0 0.693063 0.267408 0.152964 0.137161
0 0.312191 0.535849 0.034311 0.032499
0 0.193530 0.418807 0.031485 0.030553
0 0.245956 0.150388 0.036743 0.033643
0 0.988501 0.050980 0.022997 0.032748
0 0.553262 0.514125 0.042844 0.040811
0 0.463259 0.068915 0.026382 0.024518
0 0.574782 0.148950 0.058423 0.057300
0 0.130775 0.522334 0.033159 0.030621
0 0.262464 0.036059 0.029796 0.028510
0 0.303207 0.164988 0.030627 0.030012
0 0.829433 0.860513 0.033764 0.032814
0 0.079246 0.036013 0.033144 0.032731
0 0.353776 0.373855 0.085848 0.076862
0 0.452462 0.050538 0.025526 0.024184
0 0.437120 0.337810 0.027831 0.025496
0 0.450158 0.471534 0.062750 0.057005
0 0.277976 0.696184 0.024843 0.023561
0 0.015026 0.150441 0.029638 0.030804
0 0.406201 0.219614 0.056850 0.054432
0 0.795786 0.085598 0.027030 0.026498
0 0.079197 0.969827 0.158012 0.060345
0 0.045272 0.174875 0.027390 0.026178
0 0.472531 0.197285 0.021548 0.021232
0 0.079044 0.727654 0.025477 0.023448
0 0.986638 0.740073 0.026500 0.037841
0 0.107375 0.044446 0.025851 0.027947
0 0.798784 0.189067 0.024506 0.023847
0 0.235272 0.310321 0.029066 0.027598
0 0.156985 0.415733 0.038803 0.037024
0 0.756741 0.106325 0.036764 0.035818
0 0.168679 0.623933 0.027023 0.025944
0 0.727534 0.975077 0.027297 0.026942
0 0.232454 0.796928 0.057082 0.052818
0 0.644500 0.039695 0.021158 0.020296
0 0.164483 0.808409 0.066094 0.060802
