0 0.936055 0.691466 0.102411 0.101472
0 0.236805 0.110486 0.071193 0.071388
0 0.858229 0.030743 0.040578 0.040858
0 0.795311 0.871042 0.038903 0.037807
0 0.064162 0.170738 0.027956 0.028066
0 0.804610 0.820840 0.046582 0.046693
0 0.049327 0.371521 0.034188 0.034791
0 0.974317 0.265479 0.022631 0.022162
0 0.951908 0.768216 0.043579 0.044112
0 0.529452 0.076482 0.145490 0.143308
0 0.659248 0.879274 0.031629 0.031985
0 0.652940 0.015817 0.045516 0.031633
0 0.778974 0.350657 0.033494 0.033538
0 0.334621 0.573355 0.041083 0.041644
0 0.213653 0.423217 0.037910 0.037504
0 0.642890 0.463936 0.034312 0.033835
0 0.261873 0.654582 0.033307 0.032745
0 0.744529 0.455036 0.050614 0.051424
0 0.289061 0.160304 0.035539 0.035403
0 0.595840 0.509999 0.102133 0.101716
0 0.432243 0.599355 0.029153 0.028991
0 0.262733 0.318925 0.078764 0.078430
0 0.119148 0.343476 0.023356 0.023511
0 0.576308 0.580033 0.048278 0.047859
0 0.645568 0.853241 0.026925 0.027378
0 0.244708 0.816971 0.048935 0.048442
0 0.620984 0.620846 0.129117 0.131504
0 0.138055 0.113235 0.031588 0.031908
0 0.038196 0.759211 0.036478 0.036732
0 0.928649 0.121486 0.033763 0.034146
0 0.711802 0.187550 0.023385 0.023785
0 0.019929 0.467686 0.026629 0.026656
0 0.182194 0.438827 0.029558 0.029855
0 0.488864 0.034860 0.054023 0.054249
0 0.566226 0.331195 0.074080 0.074155
0 0.953410 0.879297 0.069595 0.066950
0 0.270888 0.282591 0.031297 0.030733
0 0.909216 0.756560 0.048108 0.047624
0 0.885197 0.850459 0.030543 0.030111
0 0.421660 0.259160 0.035038 0.034964
0 0.720987 0.385160 0.027646 0.027721
0 0.444568 0.338628 0.023157 0.023401
0 0.188816 0.332441 0.029541 0.029322
0 0.352965 0.545114 0.039884 0.040867
0 0.606547 0.831192 0.026242 0.026309
0 0.299662 0.127448 0.033451 0.033048
0 0.865104 0.634061 0.036296 0.036056
0 0.741172 0.346517 0.035400 0.035695
0 0.303542 0.187543 0.030288 0.030624
0 0.434923 0.552220 0.047171 0.048228
0 0.528711 0.214052 0.036099 0.035812
0 0.231924 0.933847 0.046431 0.047985
0 0.505271 0.364351 0.064645 0.063251
0 0.263846 0.144618 0.042026 0.041855
0 0.612926 0.766442 0.031209 0.031691
0 0.689321 0.626597 0.064743 0.068053
0 0.195459 0.562617 0.036817 0.036811
0 0.152246 0.965487 0.095017 0.069026
0 0.278741 0.617416 0.035657 0.035479
0 0.455102 0.422157 0.028320 0.029276
0 0.639046 0.426756 0.035012 0.035980
0 0.613707 0.596636 0.029932 0.030652
0 0.771012 0.568456 0.048869 0.050497
0 0.446981 0.886381 0.080751 0.081259
0 0.693768 0.709554 0.020153 0.020155
0 0.263465 0.748979 0.046939 0.046348
0 0.527266 0.766343 0.046836 0.045687
0 0.715104 0.060020 0.023022 0.023442
0 0.765118 0.091751 0.023790 0.024404
0 0.872987 0.600315 0.042378 0.043102
0 0.429208 0.086066 0.023988 0.024036
0 0.841405 0.417200 0.049470 0.051032
0 0.308104 0.644411 0.023800 0.023361
0 0.441097 0.467011 0.048953 0.050084
0 0.728991 0.771830 0.039435 0.040040
0 0.287560 0.795762 0.021731 0.021685
0 0.276881 0.699086 0.033322 0.033366
0 0.969033 0.608554 0.056245 0.058633
0 0.623976 0.795979 0.028212 0.028040
0 0.794081 0.663070 0.115526 0.115432
0 0.790092 0.042923 0.037368 0.036936
0 0.034474 0.629238 0.022258 0.022289
0 0.596675 0.991935 0.027945 0.015913
0 0.660420 0.781970 0.025330 0.026036
0 0.703502 0.894915 0.022003 0.022291
0 0.244061 0.777676 0.042346 0.042099
0 0.315001 0.457850 0.024712 0.025337
0 0.412839 0.104596 0.026199 0.026321
0 0.729281 0.577481 0.051273 0.052315
0 0.559409 0.559466 0.035682 0.039926
0 0.958370 0.924799 0.033285 0.033539
0 0.269505 0.539262 0.041311 0.040788
0 0.310890 0.906480 0.035440 0.035161
0 0.283086 0.453584 0.035044 0.034511
0 0.532506 0.865269 0.035212 0.037097
0 0.979651 0.649905 0.023226 0.023281
0 0.281112 0.504599 0.084923 0.083450
0 0.720624 0.594167 0.030952 0.029435
0 0.106159 0.176294 0.024521 0.025742
0 0.537962 0.698398 0.028178 0.028855
0 0.757604 0.817612 0.026563 0.026816
0 0.266048 0.931242 0.034977 0.037521
0 0.958507 0.746395 0.035717 0.033932
0 0.305001 0.401566 0.025709 0.026705
0 0.508461 0.008234 0.044494 0.016467
0 0.308641 0.603971 0.038720 0.039307
0 0.853360 0.765131 0.065808 0.064193
0 0.756463 0.011875 0.020264 0.020323
0 0.323124 0.304835 0.046785 0.047484
0 0.468908 0.084761 0.052591 0.051447
0 0.498249 0.875544 0.040762 0.042796
0 0.007079 0.639358 0.013960 0.026264
0 0.487337 0.448921 0.043792 0.042728
0 0.561098 0.870623 0.025531 0.026101
0 0.804017 0.148380 0.023295 0.023337
0 0.059183 0.644264 0.035845 0.035072
0 0.858934 0.741615 0.109139 0.113206
0 0.529696 0.553822 0.031784 0.031339
0 0.391779 0.578224 0.026021 0.026308
0 0.241172 0.285329 0.022028 0.023057
0 0.532666 0.437727 0.092284 0.092665
0 0.069270 0.697430 0.022264 0.022034
0 0.220542 0.243610 0.021159 0.021485
0 0.338052 0.130116 0.046346 0.048952
0 0.007201 0.302552 0.014402 0.022869
0 0.940847 0.146423 0.027020 0.027572
0 0.540349 0.395048 0.036060 0.035098
0 0.648754 0.844227 0.025149 0.026372
0 0.299179 0.260776 0.020757 0.020747
0 0.060498 0.627215 0.035593 0.033355
0 0.270214 0.898237 0.039250 0.041054
0 0.274090 0.506594 0.024071 0.026739
0 0.699164 0.839027 0.020120 0.020129
0 0.764117 0.794337 0.039044 0.037941
0 0.624099 0.850746 0.020229 0.020737
0 0.418503 0.926955 0.049040 0.048578
0 0.780455 0.697108 0.047912 0.048348
0 0.062728 0.525467 0.020673 0.020734
0 0.161107 0.598333 0.041940 0.042309
0 0.523654 0.897698 0.028005 0.029475
0 0.616026 0.357191 0.027670 0.026485
0 0.984622 0.830263 0.029174 0.032695
0 0.505889 0.533959 0.027862 0.028088
0 0.405933 0.982047 0.028373 0.028416
0 0.985147 0.762594 0.028928 0.034161
0 0.318931 0.104263 0.024375 0.024569
0 0.411006 0.651849 0.027831 0.028057
0 0.246157 0.308036 0.043036 0.039657
0 0.552918 0.176651 0.022460 0.022254
0 0.463482 0.497043 0.034927 0.035156
0 0.149109 0.502582 0.022000 0.022210
0 0.835022 0.244404 0.027094 0.027771
0 0.342452 0.486843 0.037073 0.036285
0 0.321873 0.706534 0.020899 0.021050
0 0.375177 0.031404 0.038341 0.036174
0 0.870674 0.662864 0.030666 0.031000
0 0.517716 0.232047 0.035322 0.033979
0 0.764035 0.232769 0.027557 0.027973
0 0.784002 0.679653 0.070727 0.083025
0 0.688608 0.067345 0.023002 0.022474
0 0.293526 0.604153 0.061958 0.059956
0 0.559679 0.681495 0.034794 0.031296
0 0.133420 0.384339 0.023128 0.022271
0 0.042462 0.334266 0.036725 0.038164
0 0.731121 0.870318 0.019882 0.020630
0 0.923323 0.564069 0.042360 0.042307
0 0.594293 0.848630 0.024971 0.025731
0 0.697773 0.586474 0.027333 0.028155
