0 0.774663 0.639519 0.049140 0.047950
0 0.114405 0.417072 0.042258 0.041327
0 0.716718 0.546718 0.038833 0.038751
0 0.797674 0.404681 0.071091 0.068900
0 0.161841 0.630292 0.035799 0.035825
0 0.334118 0.438578 0.036412 0.036738
0 0.103772 0.201335 0.056448 0.055435
0 0.588465 0.518380 0.047472 0.046146
0 0.176191 0.590876 0.028337 0.027950
0 0.685984 0.946078 0.112086 0.103238
0 0.111550 0.819534 0.032302 0.032379
0 0.409378 0.698839 0.029833 0.029706
0 0.621527 0.669922 0.034330 0.033831
0 0.535210 0.285829 0.034820 0.034022
0 0.970665 0.961015 0.049290 0.048317
0 0.458137 0.119090 0.029232 0.029074
0 0.271715 0.768564 0.166066 0.174103
0 0.495043 0.766203 0.025559 0.025053
0 0.848640 0.195921 0.026831 0.026507
0 0.340789 0.483925 0.033506 0.033038
0 0.893962 0.667495 0.024352 0.023742
0 0.793099 0.745262 0.028684 0.028025
0 0.135761 0.652327 0.030686 0.030362
0 0.441044 0.020438 0.026927 0.026903
0 0.777950 0.790916 0.118673 0.113827
0 0.431419 0.065024 0.022056 0.022088
0 0.184251 0.222932 0.022519 0.022699
0 0.244333 0.769128 0.027387 0.027975
0 0.369613 0.377591 0.029763 0.030849
0 0.273927 0.990685 0.025527 0.018534
0 0.055708 0.418098 0.021117 0.020567
0 0.955696 0.058554 0.088609 0.102685
0 0.315404 0.743517 0.042989 0.042082
0 0.641954 0.950816 0.055444 0.053923
0 0.370844 0.731532 0.024138 0.023088
0 0.892126 0.254647 0.213635 0.223045
0 0.593405 0.796500 0.024702 0.024558
0 0.916618 0.942536 0.064697 0.059904
0 0.352399 0.130443 0.041705 0.041154
0 0.464355 0.583833 0.029590 0.030470
0 0.973996 0.418717 0.050129 0.077835
0 0.211775 0.007546 0.036755 0.014790
0 0.564139 0.343973 0.021893 0.022055
0 0.179144 0.402493 0.024507 0.024787
0 0.007181 0.543255 0.014362 0.021346
0 0.550042 0.405966 0.023240 0.023178
0 0.143316 0.098462 0.158693 0.156819
0 0.986822 0.180270 0.026357 0.044540
0 0.283186 0.359087 0.069286 0.069763
