0 0.230980 0.599185 0.093439 0.086219
0 0.545253 0.069047 0.038852 0.035023
0 0.343817 0.288587 0.039061 0.035627
0 0.879581 0.609213 0.040403 0.038235
0 0.172631 0.947004 0.040413 0.037180
0 0.234864 0.242037 0.041300 0.036005
0 0.662990 0.722243 0.030773 0.030125
0 0.410937 0.742943 0.174741 0.161668
0 0.684294 0.246783 0.037396 0.036279
0 0.602258 0.317464 0.338115 0.293288
0 0.884846 0.364332 0.230307 0.355731
0 0.586363 0.656067 0.033324 0.029801
0 0.491643 0.231513 0.030942 0.028286
0 0.949928 0.186229 0.037092 0.031687
0 0.139932 0.760045 0.033520 0.032569
0 0.352003 0.607919 0.028227 0.026344
0 0.097087 0.992943 0.036334 0.013691
0 0.820887 0.542783 0.105215 0.094959
0 0.015252 0.517636 0.030504 0.031006
0 0.383024 0.067347 0.129019 0.110084
0 0.609246 0.595425 0.035729 0.032343
0 0.396006 0.884176 0.028915 0.027205
0 0.889058 0.571372 0.042462 0.039520
0 0.453872 0.150946 0.116292 0.101044
0 0.944585 0.716212 0.110064 0.232873
0 0.537939 0.007978 0.030642 0.015904
0 0.624129 0.295172 0.044072 0.040314
0 0.200535 0.320946 0.031880 0.026783
0 0.027777 0.115573 0.030082 0.027010
0 0.727701 0.966212 0.033003 0.030780
0 0.263899 0.714055 0.074629 0.064337
0 0.288243 0.439789 0.167955 0.149058
0 0.970211 0.169149 0.029278 0.027036
