0 0.183537 0.876820 0.285370 0.246360
0 0.745577 0.494489 0.053078 0.050877
0 0.953996 0.459196 0.061277 0.060214
0 0.418302 0.483776 0.046676 0.045421
0 0.601721 0.643173 0.030400 0.030610
0 0.225060 0.650158 0.060545 0.059079
0 0.544287 0.708592 0.027203 0.026768
0 0.593005 0.424330 0.071946 0.071973
0 0.874336 0.135089 0.025482 0.025085
0 0.606003 0.882343 0.042685 0.041952
0 0.635096 0.450130 0.034814 0.035137
0 0.677468 0.135661 0.034929 0.034837
0 0.952402 0.093427 0.023202 0.023019
0 0.384336 0.079121 0.027027 0.026215
0 0.132335 0.711332 0.023461 0.022814
0 0.810843 0.170787 0.031798 0.031012
0 0.564681 0.840629 0.033755 0.032817
0 0.475458 0.427224 0.025066 0.024886
0 0.242518 0.399837 0.028604 0.027640
0 0.659319 0.600220 0.021576 0.021316
0 0.532874 0.538198 0.044003 0.043532
0 0.662791 0.022087 0.041288 0.041283
0 0.394083 0.899830 0.031068 0.031163
0 0.516384 0.469028 0.021428 0.021173
0 0.661395 0.354022 0.021999 0.021881
0 0.770496 0.247240 0.022486 0.022842
0 0.636858 0.351308 0.023119 0.023018
0 0.287233 0.491999 0.034982 0.034757
0 0.524561 0.764152 0.023480 0.023538
0 0.478529 0.962928 0.025744 0.024882
0 0.740321 0.201777 0.027249 0.026830
0 0.616805 0.698192 0.029858 0.029928
0 0.348152 0.326046 0.022481 0.022348
0 0.135532 0.213855 0.270690 0.389187
0 0.296780 0.297294 0.024445 0.024372
0 0.238651 0.009233 0.050216 0.018467
0 0.428244 0.910344 0.038029 0.037694
0 0.619896 0.617278 0.022840 0.022545
0 0.645091 0.515766 0.052330 0.051994
0 0.867404 0.935998 0.082384 0.079780
0 0.566821 0.671243 0.021259 0.021587
0 0.160032 0.533936 0.033293 0.033604
0 0.603550 0.324314 0.062053 0.061052
0 0.930675 0.413844 0.019419 0.019457
0 0.150683 0.379502 0.071530 0.071094
0 0.422541 0.815636 0.022358 0.022768
0 0.519960 0.970041 0.020556 0.020028
0 0.102849 0.526197 0.205505 0.389854
0 0.697163 0.240995 0.031258 0.031020
0 0.634194 0.269427 0.023696 0.023540
0 0.812646 0.421993 0.019870 0.019369
0 0.737007 0.190688 0.024874 0.023460
0 0.988297 0.083828 0.023406 0.030185
0 0.499004 0.714325 0.054060 0.053614
0 0.787476 0.978156 0.019276 0.019158
0 0.513665 0.372737 0.019497 0.019770
0 0.495769 0.551282 0.019893 0.019490
0 0.816060 0.054699 0.357572 0.108765
0 0.356617 0.789729 0.019866 0.019847
0 0.958154 0.208889 0.083693 0.151246
0 0.834141 0.643256 0.033517 0.034004
0 0.554467 0.961687 0.041155 0.039256
