0 0.077304 0.726289 0.055712 0.055389
0 0.306713 0.280292 0.081055 0.081926
0 0.607270 0.162906 0.024120 0.024105
0 0.483765 0.892300 0.042533 0.042491
0 0.311506 0.331411 0.027423 0.027238
0 0.510301 0.282279 0.038562 0.038844
0 0.412457 0.231313 0.039559 0.039347
0 0.334051 0.463808 0.023804 0.024033
0 0.758849 0.071875 0.034649 0.034707
0 0.671353 0.119353 0.026871 0.027555
0 0.356095 0.496952 0.028916 0.028606
0 0.216467 0.511216 0.024503 0.024463
0 0.415914 0.808896 0.021412 0.021520
0 0.765793 0.802611 0.031819 0.031754
0 0.094489 0.624084 0.025313 0.025481
0 0.680481 0.034418 0.028300 0.028472
0 0.430976 0.423248 0.023611 0.023455
0 0.769004 0.021806 0.034446 0.034640
0 0.685589 0.178017 0.032018 0.031878
0 0.159108 0.982597 0.033725 0.032791
0 0.591643 0.373908 0.022895 0.022787
0 0.687453 0.579834 0.036947 0.036853
0 0.065617 0.444911 0.021325 0.021665
0 0.291393 0.138583 0.021661 0.021491
0 0.039057 0.072265 0.021537 0.021252
0 0.847960 0.734048 0.021724 0.021555
0 0.350146 0.033832 0.023157 0.022806
0 0.871822 0.967718 0.030201 0.030684
0 0.045416 0.987214 0.070328 0.025573
0 0.678587 0.929920 0.026700 0.025985
0 0.464211 0.278363 0.029241 0.028955
0 0.934985 0.704470 0.020932 0.020923
0 0.518197 0.113884 0.023580 0.023835
0 0.595412 0.106825 0.020410 0.020511
0 0.322215 0.110928 0.022118 0.022091
0 0.039041 0.378491 0.026719 0.026150
0 0.374190 0.343215 0.022967 0.023440
0 0.172076 0.745751 0.018381 0.018363
0 0.134249 0.139637 0.252934 0.266337
0 0.544110 0.918077 0.069645 0.069601
0 0.872094 0.429074 0.100450 0.099481
0 0.641163 0.629145 0.058782 0.058370
0 0.810135 0.011461 0.038493 0.022921
0 0.615234 0.804681 0.034383 0.034417
0 0.437017 0.073392 0.020365 0.020262
0 0.008471 0.427168 0.016713 0.018743
0 0.701283 0.641742 0.070054 0.070051
0 0.298469 0.439137 0.028397 0.027849
