0 0.086206 0.642365 0.171193 0.178542
0 0.685811 0.588730 0.023709 0.023910
0 0.388629 0.837981 0.024643 0.024926
0 0.355131 0.288464 0.089833 0.091352
0 0.292411 0.368573 0.115725 0.116155
0 0.334873 0.883220 0.083430 0.084445
0 0.604268 0.406714 0.212730 0.206397
0 0.897138 0.653174 0.024731 0.024706
0 0.183152 0.430316 0.040640 0.040382
0 0.242576 0.130285 0.032004 0.032079
0 0.571536 0.130482 0.032474 0.032678
0 0.472210 0.453358 0.036086 0.036083
0 0.259489 0.228797 0.065087 0.064816
0 0.490960 0.301085 0.041997 0.042305
0 0.449321 0.560365 0.019997 0.020042
0 0.593194 0.300860 0.022453 0.022532
0 0.897216 0.281484 0.032484 0.032517
0 0.863461 0.655072 0.047889 0.047312
0 0.749383 0.485298 0.052090 0.051801
0 0.130204 0.431694 0.081112 0.079285
0 0.795328 0.600020 0.031233 0.031499
0 0.242045 0.925841 0.027756 0.028149
0 0.980897 0.432840 0.034512 0.035479
0 0.243088 0.188237 0.030224 0.029631
0 0.366033 0.354368 0.038295 0.039098
0 0.271640 0.942749 0.024617 0.024539
0 0.898826 0.090655 0.020977 0.021175
0 0.242513 0.032216 0.027370 0.027317
0 0.811610 0.418370 0.029001 0.029125
0 0.928035 0.240557 0.019311 0.019075
0 0.741104 0.938035 0.038787 0.039213
0 0.050551 0.208399 0.100548 0.176558
0 0.989551 0.738837 0.019884 0.021288
0 0.696382 0.214477 0.034450 0.034124
0 0.224766 0.296917 0.029411 0.029820
0 0.698764 0.803854 0.113667 0.112661
0 0.874200 0.693821 0.077370 0.078674
0 0.203219 0.614833 0.019983 0.019982
0 0.318836 0.764174 0.018732 0.019049
0 0.105743 0.033639 0.035037 0.033868
0 0.760955 0.416084 0.079975 0.080588
0 0.156991 0.908280 0.019498 0.019295
0 0.552921 0.623326 0.018222 0.018184
0 0.882463 0.765637 0.018580 0.019111
0 0.442923 0.810977 0.019323 0.019048
0 0.582888 0.248873 0.028063 0.028893
0 0.878940 0.914672 0.087449 0.089528
0 0.860133 0.918136 0.022816 0.021627
0 0.646471 0.157288 0.018403 0.018843
0 0.097261 0.142217 0.045262 0.045615
0 0.952662 0.364383 0.094677 0.153623
0 0.670800 0.229261 0.026568 0.026057
0 0.665497 0.089323 0.018792 0.018821
0 0.737653 0.764800 0.029023 0.029314
0 0.838489 0.407870 0.033609 0.032804
0 0.014411 0.069782 0.028298 0.031501
0 0.065662 0.551694 0.017761 0.017874
0 0.956872 0.915293 0.035676 0.036069
0 0.479116 0.239425 0.089955 0.090214
0 0.155423 0.032452 0.145098 0.064483
0 0.800479 0.252079 0.038188 0.038554
0 0.532399 0.259048 0.018107 0.018231
0 0.950132 0.172094 0.049332 0.049180
0 0.300646 0.098532 0.035774 0.034262
0 0.663889 0.944018 0.306519 0.111828
0 0.057055 0.523091 0.114110 0.249539
0 0.656094 0.757731 0.065760 0.066211
0 0.045497 0.800315 0.017386 0.017365
0 0.666084 0.751262 0.042450 0.045108
0 0.984013 0.953684 0.031974 0.079431
0 0.148987 0.156860 0.029058 0.030070
