0 0.068123 0.611972 0.032912 0.031780
0 0.457945 0.231000 0.036598 0.035106
0 0.971063 0.675071 0.036596 0.034596
0 0.617393 0.084917 0.096921 0.094578
0 0.867262 0.263609 0.023807 0.023755
0 0.429005 0.957615 0.026997 0.026710
0 0.923420 0.106866 0.043898 0.043235
0 0.013546 0.991199 0.027091 0.016841
0 0.397818 0.974451 0.034591 0.034494
0 0.945805 0.209258 0.040200 0.039133
0 0.947908 0.137615 0.042374 0.041484
0 0.813590 0.483477 0.022731 0.022654
0 0.952902 0.694471 0.022435 0.021604
0 0.941759 0.191652 0.050398 0.050766
0 0.876974 0.493103 0.094965 0.092974
0 0.990107 0.651753 0.019786 0.026816
0 0.913891 0.945543 0.066469 0.063072
0 0.151727 0.912715 0.028468 0.027367
0 0.776451 0.497269 0.020043 0.019802
