0 0.546666 0.391851 0.187393 0.189688
0 0.870329 0.234569 0.098982 0.098257
0 0.648422 0.756297 0.041632 0.041495
0 0.370781 0.719762 0.095862 0.096560
0 0.414226 0.381072 0.024875 0.024942
0 0.741445 0.848093 0.024293 0.024384
0 0.622950 0.540942 0.081369 0.084316
0 0.100498 0.947501 0.066840 0.066356
0 0.022406 0.380330 0.027256 0.027107
0 0.859153 0.358680 0.054072 0.054664
0 0.054565 0.390636 0.029207 0.029553
0 0.886958 0.622464 0.026225 0.027255
0 0.891491 0.748593 0.028723 0.028551
0 0.684186 0.034956 0.067911 0.066933
0 0.789054 0.378053 0.071741 0.071941
0 0.010323 0.455498 0.020646 0.031595
0 0.029857 0.320970 0.030423 0.029787
0 0.887944 0.668031 0.020968 0.021019
0 0.336090 0.640902 0.023387 0.023334
0 0.609919 0.059924 0.048616 0.049436
0 0.266800 0.736814 0.033392 0.034212
0 0.678764 0.466493 0.040694 0.040949
0 0.582419 0.785022 0.033618 0.034611
0 0.693213 0.192293 0.034166 0.035245
0 0.034441 0.807293 0.034566 0.034589
0 0.936239 0.046648 0.064685 0.064949
0 0.796426 0.933988 0.022167 0.022398
0 0.982381 0.723517 0.023356 0.023347
0 0.211696 0.799854 0.037132 0.037532
0 0.663852 0.157546 0.066821 0.067884
0 0.079468 0.716506 0.049957 0.049261
0 0.735791 0.437873 0.022273 0.022468
0 0.296846 0.121706 0.052361 0.052046
0 0.689986 0.787111 0.025644 0.025035
0 0.786334 0.113554 0.031076 0.031170
0 0.285139 0.580844 0.022689 0.022288
0 0.938238 0.126226 0.033444 0.033650
0 0.568452 0.020098 0.071499 0.040196
0 0.766102 0.182311 0.023658 0.023416
0 0.685311 0.102945 0.055898 0.055646
0 0.116534 0.805640 0.023034 0.023613
0 0.466203 0.550195 0.021184 0.021476
0 0.197611 0.763198 0.055618 0.056560
0 0.837374 0.763637 0.025047 0.025250
0 0.049540 0.982958 0.024703 0.025441
0 0.898936 0.829833 0.021813 0.021652
0 0.106352 0.864080 0.026344 0.026990
0 0.607951 0.688937 0.030206 0.030991
0 0.635267 0.916341 0.028364 0.028625
0 0.749387 0.959983 0.033026 0.032603
0 0.090433 0.255976 0.031156 0.031100
0 0.888421 0.509472 0.021603 0.022064
0 0.851458 0.313385 0.055043 0.055410
0 0.957242 0.214992 0.020804 0.021074
0 0.154690 0.069517 0.023984 0.023769
0 0.704799 0.843336 0.027419 0.027568
0 0.639599 0.893713 0.025323 0.025474
0 0.452629 0.912254 0.025777 0.025780
0 0.945981 0.656149 0.023825 0.023863
0 0.731659 0.699841 0.028295 0.027680
0 0.202527 0.972246 0.054475 0.054079
0 0.213919 0.007736 0.042091 0.015332
0 0.745426 0.398120 0.022186 0.021810
0 0.268584 0.044351 0.042014 0.041307
0 0.322351 0.770316 0.034216 0.034472
0 0.719272 0.153508 0.035654 0.035959
0 0.671486 0.215514 0.030969 0.031419
0 0.482301 0.464686 0.027998 0.026852
0 0.830428 0.988091 0.031782 0.023818
0 0.636186 0.802844 0.022586 0.023496
0 0.858057 0.040887 0.049853 0.046865
0 0.448537 0.966518 0.037189 0.036924
0 0.573904 0.557317 0.029491 0.029803
0 0.458246 0.955112 0.026768 0.027099
0 0.629884 0.979956 0.066733 0.040088
0 0.866620 0.607806 0.023682 0.023696
0 0.412480 0.162908 0.031503 0.030933
0 0.815491 0.032704 0.035530 0.034473
0 0.912397 0.260656 0.020275 0.019692
0 0.285566 0.009829 0.022015 0.019649
0 0.449204 0.618806 0.020313 0.020254
0 0.617384 0.775690 0.024250 0.024243
0 0.739371 0.528767 0.020567 0.020919
0 0.358443 0.054070 0.019977 0.021034
0 0.525427 0.248934 0.022680 0.022262
0 0.868745 0.311882 0.026923 0.034365
0 0.091519 0.052684 0.175828 0.102997
0 0.058547 0.681072 0.115956 0.277185
0 0.918123 0.014535 0.058940 0.028351
0 0.959737 0.478822 0.029633 0.030668
0 0.586248 0.951626 0.028853 0.029443
0 0.185009 0.007166 0.021250 0.014332
0 0.308894 0.575167 0.021753 0.022514
0 0.916743 0.414111 0.056067 0.055137
0 0.757785 0.941028 0.021984 0.021740
0 0.400353 0.574636 0.020136 0.019691
0 0.240359 0.782295 0.030559 0.030567
0 0.852724 0.405520 0.031016 0.030421
0 0.777500 0.460001 0.018946 0.018840
0 0.514337 0.550691 0.018288 0.018803
0 0.985990 0.528745 0.022090 0.021793
0 0.877055 0.391471 0.022917 0.023626
0 0.771072 0.990468 0.027622 0.019063
0 0.495622 0.379680 0.020327 0.020276
0 0.755628 0.913295 0.025037 0.024993
0 0.722972 0.123144 0.022176 0.022184
0 0.698572 0.449222 0.030617 0.031702
0 0.159340 0.868834 0.025480 0.025890
0 0.467669 0.857127 0.026210 0.026482
0 0.061086 0.062544 0.019664 0.019589
0 0.956464 0.513167 0.024138 0.024905
0 0.975406 0.340815 0.021113 0.021016
0 0.151557 0.984275 0.032522 0.030375
0 0.403067 0.319372 0.019311 0.019334
0 0.125140 0.278250 0.019589 0.019389
0 0.820205 0.399588 0.019506 0.019536
0 0.151943 0.230297 0.022425 0.022812
0 0.858702 0.076198 0.080277 0.079169
0 0.113367 0.889012 0.020275 0.021817
0 0.992418 0.434258 0.015165 0.026501
0 0.678750 0.265336 0.028357 0.027508
0 0.351202 0.021309 0.030895 0.030690
0 0.546016 0.418912 0.019265 0.019599
0 0.446172 0.770089 0.200951 0.203460
0 0.931418 0.249407 0.018773 0.019984
