0 0.798904 0.942861 0.115701 0.111605
0 0.731723 0.496795 0.234751 0.227453
0 0.238788 0.359088 0.088222 0.086939
0 0.928426 0.178419 0.030364 0.030266
0 0.121969 0.261118 0.048625 0.046518
0 0.419474 0.824452 0.288965 0.275686
0 0.449270 0.361487 0.047013 0.045993
0 0.545664 0.334446 0.040010 0.039246
0 0.405901 0.597980 0.034522 0.034471
0 0.656853 0.274152 0.029931 0.029374
0 0.068157 0.312277 0.026300 0.025757
0 0.580506 0.782777 0.033288 0.033071
0 0.833403 0.841286 0.032038 0.031163
0 0.635603 0.184320 0.034124 0.033952
0 0.266539 0.088964 0.028661 0.028379
0 0.613960 0.771789 0.029908 0.029057
0 0.976330 0.057006 0.047341 0.052351
0 0.328243 0.420895 0.025950 0.025584
0 0.534752 0.622292 0.118588 0.118776
0 0.556168 0.758213 0.031000 0.030702
0 0.856753 0.046795 0.031180 0.029695
0 0.746694 0.096724 0.033054 0.033101
0 0.443522 0.505205 0.024821 0.024343
0 0.311741 0.305783 0.089159 0.088135
0 0.888100 0.401281 0.028977 0.028300
0 0.495337 0.346565 0.028479 0.027973
0 0.420601 0.976028 0.071383 0.047801
0 0.990888 0.507234 0.018223 0.024778
0 0.489870 0.921385 0.027662 0.027226
0 0.456328 0.954829 0.031570 0.031131
0 0.965388 0.718138 0.025077 0.024887
0 0.695414 0.135924 0.022745 0.022155
0 0.559579 0.382761 0.039609 0.038397
0 0.278418 0.160692 0.119542 0.116686
0 0.489286 0.558659 0.100979 0.099995
0 0.176612 0.988370 0.046445 0.023259
0 0.101988 0.801330 0.037786 0.034659
0 0.013556 0.076624 0.026895 0.028638
0 0.904358 0.174630 0.025335 0.025342
0 0.631642 0.115984 0.022753 0.022767
0 0.520630 0.230016 0.025289 0.024706
0 0.142591 0.054466 0.023051 0.023148
0 0.123343 0.301406 0.023668 0.023801
0 0.390397 0.137852 0.062764 0.060941
0 0.877287 0.078495 0.025515 0.025631
0 0.713979 0.122808 0.079071 0.075415
0 0.880544 0.577734 0.028062 0.028328
0 0.543681 0.967837 0.185713 0.063890
0 0.919976 0.084946 0.020954 0.021243
0 0.263925 0.436858 0.023951 0.023703
0 0.885814 0.158736 0.019240 0.018575
0 0.108687 0.975118 0.024060 0.023721
0 0.255869 0.802598 0.022453 0.022372
0 0.608260 0.590795 0.052050 0.049483
0 0.639610 0.364160 0.032632 0.032531
0 0.609111 0.150887 0.021414 0.022091
0 0.984549 0.119303 0.020013 0.019318
0 0.804825 0.221789 0.021430 0.021018
0 0.528981 0.672367 0.021252 0.020618
0 0.620475 0.167458 0.026279 0.026446
0 0.234908 0.441526 0.023783 0.023505
0 0.783827 0.692240 0.027742 0.027463
