0 0.692140 0.573158 0.334899 0.331341
0 0.735334 0.618396 0.077531 0.076391
0 0.649014 0.300697 0.070845 0.070650
0 0.884294 0.410471 0.050826 0.050672
0 0.224237 0.765162 0.072303 0.068881
0 0.886776 0.364091 0.068207 0.069172
0 0.495937 0.062811 0.048322 0.047885
0 0.975614 0.303194 0.038562 0.037935
0 0.096416 0.292045 0.038240 0.037668
0 0.285036 0.198177 0.047033 0.046409
0 0.942998 0.054265 0.030747 0.030785
0 0.210208 0.515584 0.041056 0.040539
0 0.442121 0.511033 0.031147 0.030914
0 0.333486 0.068691 0.030004 0.030298
0 0.923773 0.717331 0.046897 0.046456
0 0.135682 0.016107 0.027801 0.028034
0 0.843256 0.170145 0.028562 0.028500
0 0.314017 0.220990 0.036825 0.036695
0 0.985195 0.098806 0.028560 0.029178
0 0.236473 0.389517 0.029019 0.028748
0 0.493687 0.340583 0.027810 0.027443
0 0.600569 0.686677 0.027938 0.027868
0 0.866155 0.309284 0.040570 0.040783
0 0.352000 0.222796 0.026177 0.026455
0 0.304710 0.118426 0.039562 0.039170
0 0.593075 0.741008 0.032174 0.030993
0 0.914293 0.131954 0.023137 0.023550
0 0.086131 0.432410 0.046024 0.049012
0 0.882351 0.482240 0.027288 0.026580
0 0.846554 0.022710 0.024249 0.023804
0 0.122250 0.776743 0.030819 0.031822
0 0.401705 0.791873 0.025036 0.022515
0 0.526106 0.667569 0.033501 0.033402
0 0.886861 0.707057 0.029922 0.030550
0 0.726486 0.061414 0.022857 0.022006
0 0.721406 0.435460 0.031781 0.031528
0 0.475834 0.043956 0.026385 0.026071
0 0.205443 0.728297 0.044617 0.041905
0 0.832292 0.712372 0.032417 0.032303
0 0.280324 0.771491 0.030502 0.028678
0 0.907804 0.108139 0.023637 0.022897
0 0.728356 0.180298 0.027130 0.026523
0 0.441588 0.449974 0.027187 0.026950
0 0.590699 0.757117 0.025953 0.024191
0 0.139075 0.756481 0.031404 0.031737
0 0.659063 0.416009 0.055026 0.056659
0 0.128884 0.646673 0.033595 0.032026
0 0.778371 0.368232 0.163772 0.166004
0 0.417024 0.465290 0.026044 0.026363
0 0.056002 0.583184 0.057390 0.055255
0 0.712184 0.116745 0.024150 0.023603
0 0.303501 0.352469 0.027841 0.026820
0 0.959302 0.106158 0.025179 0.025634
0 0.809805 0.779435 0.030355 0.029799
0 0.990857 0.560578 0.018286 0.025394
0 0.944945 0.603174 0.022766 0.022703
0 0.072185 0.425809 0.063170 0.061126
0 0.476172 0.538008 0.157058 0.155814
0 0.007527 0.050723 0.014881 0.020831
0 0.435482 0.403375 0.060352 0.059196
0 0.868722 0.111413 0.019745 0.019591
0 0.878225 0.795191 0.043041 0.030004
0 0.787321 0.746040 0.053667 0.052307
