0 0.246509 0.300972 0.065447 0.065055
0 0.260057 0.860293 0.045919 0.044448
0 0.398074 0.322751 0.038153 0.037541
0 0.117430 0.897825 0.042059 0.040249
0 0.249802 0.345234 0.033565 0.032471
0 0.571202 0.643875 0.030989 0.029714
0 0.730447 0.547773 0.024061 0.023589
0 0.192128 0.732904 0.025323 0.024903
0 0.164626 0.202426 0.034463 0.034080
0 0.284800 0.922878 0.040566 0.040433
0 0.155512 0.048577 0.023265 0.022806
0 0.547427 0.402888 0.024279 0.023210
0 0.808658 0.340447 0.032516 0.032163
0 0.567055 0.462127 0.022155 0.022017
0 0.186824 0.787377 0.023340 0.023197
0 0.110458 0.343846 0.220916 0.365254
0 0.888105 0.586294 0.022574 0.022601
0 0.916543 0.063090 0.035250 0.035499
0 0.472041 0.178663 0.152547 0.150238
0 0.941134 0.172834 0.022732 0.022756
0 0.076282 0.008861 0.022977 0.017672
0 0.106647 0.034670 0.019038 0.019092
0 0.363910 0.093722 0.030446 0.030553
0 0.751013 0.395941 0.022106 0.021991
