0 0.413436 0.508688 0.122443 0.119988
0 0.139079 0.057105 0.094896 0.095781
0 0.810612 0.104749 0.082822 0.082934
0 0.060266 0.190920 0.040144 0.040348
0 0.798212 0.389512 0.062543 0.062588
0 0.130033 0.270909 0.039653 0.039757
0 0.523352 0.664290 0.038311 0.038341
0 0.127584 0.188039 0.036728 0.036208
0 0.492651 0.795913 0.097619 0.097474
0 0.313113 0.682816 0.034377 0.034289
0 0.017312 0.282699 0.034556 0.043764
0 0.230756 0.598410 0.031970 0.032003
0 0.156992 0.930225 0.034824 0.034064
0 0.761552 0.735860 0.037101 0.036541
0 0.533102 0.737956 0.066622 0.067725
0 0.283134 0.676502 0.029901 0.029802
0 0.648298 0.582516 0.040217 0.040351
0 0.209104 0.054090 0.030785 0.030444
0 0.984999 0.759638 0.030002 0.052798
0 0.039988 0.397983 0.023375 0.023656
0 0.091657 0.509955 0.024252 0.024189
0 0.288258 0.717513 0.028629 0.028227
0 0.252890 0.699114 0.027993 0.027616
0 0.833943 0.756728 0.047460 0.047747
0 0.883507 0.076263 0.025795 0.025694
0 0.375735 0.667963 0.026088 0.025572
0 0.093957 0.971783 0.108360 0.056434
0 0.674339 0.357182 0.026391 0.026514
0 0.117484 0.652822 0.023823 0.024117
0 0.033358 0.073322 0.021559 0.021377
0 0.740576 0.695242 0.026931 0.026860
0 0.270129 0.222967 0.025728 0.025882
0 0.969634 0.044973 0.024780 0.024411
0 0.952481 0.872684 0.028330 0.028401
0 0.687600 0.649221 0.023665 0.024091
0 0.848724 0.508516 0.024241 0.024307
0 0.275942 0.184475 0.023400 0.023795
0 0.448980 0.827695 0.023376 0.023321
0 0.265265 0.349894 0.028275 0.027841
0 0.852141 0.416106 0.025952 0.026033
0 0.230226 0.102521 0.023172 0.023280
0 0.844045 0.545645 0.025628 0.025366
0 0.455770 0.845888 0.031340 0.030420
0 0.641410 0.423783 0.023821 0.023678
0 0.180059 0.943555 0.021353 0.021850
0 0.247665 0.389577 0.022993 0.022834
