0 0.300813 0.364952 0.044232 0.042917
0 0.837776 0.182034 0.104093 0.100988
0 0.140276 0.710431 0.280552 0.292437
0 0.433110 0.524264 0.026752 0.025800
0 0.428312 0.438974 0.029886 0.028864
0 0.368379 0.871773 0.061090 0.057949
0 0.665017 0.461895 0.052491 0.050012
0 0.775170 0.472763 0.153152 0.142282
0 0.375814 0.548649 0.032014 0.031516
0 0.296171 0.064001 0.024399 0.023650
0 0.940640 0.333337 0.099859 0.089868
0 0.904797 0.603998 0.031815 0.030395
0 0.771831 0.109990 0.054772 0.053000
0 0.559667 0.162646 0.042938 0.041155
0 0.614947 0.180181 0.070078 0.066256
0 0.070150 0.223495 0.041676 0.040617
0 0.490974 0.162713 0.025809 0.025515
0 0.817144 0.106723 0.036180 0.035945
0 0.060068 0.352255 0.087014 0.083802
0 0.260832 0.447158 0.043843 0.041767
0 0.163193 0.412466 0.060360 0.057286
0 0.855324 0.722967 0.071016 0.068140
0 0.390025 0.031747 0.023237 0.022675
0 0.611952 0.934736 0.047867 0.047084
0 0.354101 0.916118 0.066142 0.063608
0 0.798108 0.274083 0.115752 0.109122
0 0.274915 0.470303 0.023981 0.023386
0 0.841313 0.131373 0.033863 0.033659
0 0.506189 0.780092 0.026592 0.026519
0 0.188232 0.394212 0.029133 0.028742
0 0.013409 0.315340 0.025986 0.026598
0 0.975202 0.049264 0.036733 0.034856
0 0.366826 0.947589 0.023553 0.023693
0 0.323931 0.413659 0.021202 0.020929
0 0.006979 0.478393 0.013763 0.064813
0 0.524003 0.732284 0.033545 0.033661
0 0.742361 0.613044 0.021477 0.020904
0 0.087097 0.481171 0.021351 0.021320
0 0.738160 0.361262 0.100777 0.097661
0 0.311551 0.971345 0.032411 0.031810
0 0.339446 0.484365 0.089643 0.088211
0 0.271911 0.170546 0.021157 0.020998
0 0.747460 0.866269 0.115066 0.114010
0 0.480558 0.777725 0.024927 0.024477
0 0.979382 0.642734 0.040416 0.093827
0 0.358065 0.374162 0.019042 0.018851
0 0.645412 0.958010 0.022868 0.022717
0 0.511166 0.008603 0.048914 0.016767
0 0.941692 0.138054 0.034328 0.032116
0 0.384021 0.379339 0.025010 0.025772
