0 0.575443 0.181241 0.142314 0.134559
0 0.223394 0.383436 0.115859 0.109527
0 0.686490 0.385744 0.053315 0.052496
0 0.621188 0.560681 0.025148 0.024578
0 0.755090 0.824714 0.054518 0.053717
0 0.756218 0.530425 0.025678 0.025023
0 0.354896 0.764024 0.045577 0.044027
0 0.421515 0.580423 0.037892 0.036693
0 0.697125 0.836979 0.057190 0.055593
0 0.921304 0.255204 0.034118 0.032908
0 0.496955 0.372439 0.026895 0.026167
0 0.311308 0.192635 0.035850 0.035333
0 0.312059 0.156520 0.037810 0.036130
0 0.090766 0.883082 0.129179 0.119521
0 0.752491 0.100040 0.027270 0.026846
0 0.268682 0.674079 0.036863 0.034443
0 0.516643 0.894415 0.035767 0.035099
0 0.913883 0.384145 0.036289 0.036176
0 0.368552 0.067469 0.032142 0.031429
0 0.527329 0.854201 0.056454 0.055814
0 0.654254 0.756735 0.046950 0.046170
0 0.708006 0.031680 0.027060 0.026840
0 0.165907 0.549726 0.074859 0.072580
0 0.214044 0.745747 0.036956 0.032744
0 0.435373 0.900684 0.036022 0.035077
0 0.363005 0.271951 0.026727 0.025805
0 0.746266 0.276598 0.103761 0.101841
0 0.698874 0.558531 0.027283 0.026851
0 0.443205 0.280234 0.024990 0.024231
0 0.486266 0.094590 0.025023 0.024793
0 0.930713 0.097766 0.027739 0.026913
0 0.937164 0.028825 0.035189 0.033710
0 0.289692 0.788120 0.036032 0.038460
0 0.704979 0.790326 0.068130 0.066582
0 0.772021 0.292654 0.023665 0.023478
0 0.515348 0.571620 0.024647 0.024026
0 0.633819 0.825029 0.034484 0.034076
0 0.775398 0.259206 0.024524 0.024040
0 0.389781 0.045114 0.026804 0.025429
0 0.224768 0.316690 0.033728 0.031952
0 0.368744 0.235143 0.023889 0.023686
0 0.656600 0.487730 0.024689 0.024377
0 0.959705 0.441141 0.021767 0.021677
0 0.590369 0.875678 0.040846 0.039246
0 0.098628 0.619532 0.127812 0.109858
0 0.809273 0.356723 0.028151 0.027447
0 0.762070 0.336665 0.028013 0.027198
0 0.838508 0.875117 0.025179 0.024630
0 0.866619 0.072094 0.051904 0.051899
0 0.439904 0.050154 0.027463 0.026794
0 0.272655 0.571566 0.032849 0.031188
0 0.294707 0.492052 0.025858 0.024780
0 0.784320 0.215199 0.028275 0.027576
0 0.391272 0.568303 0.022689 0.022485
0 0.814904 0.187082 0.026294 0.026015
0 0.422641 0.030124 0.031385 0.028768
0 0.393225 0.378368 0.023651 0.023132
0 0.532448 0.375719 0.022431 0.022252
0 0.051963 0.270977 0.031757 0.029090
0 0.138794 0.825212 0.032575 0.029740
0 0.597808 0.044027 0.023519 0.022582
0 0.305172 0.804278 0.022739 0.023607
0 0.894145 0.102333 0.039541 0.037904
0 0.170903 0.848081 0.035656 0.030985
0 0.692856 0.532439 0.021803 0.021640
0 0.787445 0.324798 0.024137 0.023974
0 0.459660 0.984924 0.031916 0.029210
0 0.944217 0.488547 0.027009 0.027374
0 0.318341 0.659128 0.022917 0.022441
0 0.599531 0.323159 0.022732 0.022084
0 0.402360 0.779966 0.026043 0.025879
0 0.338252 0.072305 0.021918 0.021683
0 0.587954 0.912663 0.028589 0.026934
0 0.277731 0.297118 0.027146 0.027128
0 0.692517 0.449411 0.022342 0.021735
0 0.882342 0.521379 0.026991 0.026070
0 0.460891 0.670134 0.021801 0.022468
0 0.990459 0.263628 0.018729 0.022584
0 0.743560 0.760796 0.036552 0.037057
0 0.320241 0.619899 0.020014 0.019879
0 0.104068 0.674704 0.104275 0.095575
0 0.991247 0.422389 0.017135 0.030620
0 0.662235 0.334724 0.022185 0.022295
0 0.684616 0.934731 0.024063 0.023420
0 0.991251 0.243230 0.017498 0.022056
0 0.184278 0.437794 0.061539 0.055792
0 0.365618 0.479739 0.023373 0.022958
0 0.985730 0.383346 0.028197 0.039564
0 0.892593 0.559077 0.031742 0.030968
0 0.970792 0.797486 0.020196 0.019628
0 0.747003 0.353005 0.025851 0.025497
0 0.956582 0.240328 0.019344 0.019354
0 0.033545 0.404842 0.029739 0.028285
0 0.906936 0.420970 0.041344 0.040629
0 0.373734 0.367704 0.019880 0.019902
0 0.297734 0.579685 0.022327 0.021855
0 0.797318 0.689373 0.035110 0.034417
0 0.859735 0.337336 0.023862 0.023610
0 0.861900 0.083167 0.034701 0.036049
0 0.627847 0.039413 0.020385 0.019968
0 0.220530 0.023745 0.025653 0.025064
0 0.926611 0.522702 0.024344 0.023860
0 0.246261 0.096904 0.023503 0.023488
0 0.146997 0.953960 0.033172 0.026919
0 0.681054 0.691657 0.039750 0.038478
