0 0.278587 0.349689 0.024338 0.024157
0 0.715043 0.013290 0.028916 0.026259
0 0.414647 0.096066 0.032161 0.031868
0 0.311790 0.012885 0.061114 0.025771
0 0.375242 0.900122 0.023836 0.023913
0 0.716358 0.097518 0.025758 0.025621
0 0.480528 0.228230 0.029238 0.028840
0 0.532438 0.616127 0.071994 0.070531
0 0.434429 0.920040 0.034741 0.034162
0 0.623433 0.016134 0.024246 0.024460
0 0.010471 0.436597 0.020777 0.065862
0 0.321188 0.083401 0.025996 0.024846
0 0.770952 0.080701 0.022243 0.021849
0 0.714674 0.380039 0.024989 0.024893
0 0.463337 0.805765 0.021596 0.021673
0 0.700141 0.640202 0.021692 0.022047
0 0.305110 0.975694 0.021734 0.021492
0 0.950266 0.542875 0.022335 0.022123
0 0.852704 0.181158 0.027276 0.027503
