0 0.042554 0.619654 0.023792 0.024107
0 0.204669 0.036117 0.043825 0.043971
0 0.183756 0.263344 0.052443 0.051825
0 0.299568 0.800434 0.033284 0.033421
0 0.186235 0.718808 0.070482 0.070813
0 0.478212 0.644705 0.057481 0.057243
0 0.643899 0.559029 0.023128 0.023369
0 0.739066 0.592340 0.038182 0.038122
0 0.800883 0.154168 0.032118 0.031899
0 0.184249 0.527508 0.104021 0.104196
0 0.010533 0.590111 0.021066 0.032284
0 0.794962 0.199357 0.025784 0.025209
0 0.762492 0.562671 0.026861 0.026608
0 0.557969 0.168737 0.029610 0.028726
0 0.212765 0.076777 0.025496 0.025316
0 0.656918 0.313126 0.024095 0.024024
0 0.956231 0.739922 0.030205 0.030298
0 0.702003 0.591753 0.024501 0.025361
0 0.121659 0.594435 0.042118 0.041420
0 0.838531 0.197794 0.026798 0.026198
0 0.777999 0.098757 0.022941 0.023524
0 0.315986 0.191391 0.022796 0.023034
0 0.113470 0.947272 0.022453 0.022368
0 0.654808 0.448161 0.023374 0.022991
0 0.856833 0.119707 0.022000 0.022036
0 0.372997 0.985720 0.036741 0.028560
0 0.173421 0.135786 0.022284 0.022348
0 0.099105 0.151482 0.020420 0.020310
0 0.975471 0.011125 0.024377 0.022251
0 0.835199 0.140092 0.024981 0.025072
0 0.626356 0.420667 0.021471 0.021355
0 0.404536 0.008474 0.023343 0.016789
0 0.530458 0.401826 0.022049 0.022763
0 0.742142 0.425490 0.025908 0.025873
0 0.796612 0.111653 0.021867 0.022222
0 0.468944 0.142114 0.022785 0.022833
0 0.672285 0.303186 0.023033 0.023893
0 0.856932 0.550329 0.054840 0.055700
0 0.344769 0.056116 0.019864 0.020237
0 0.633493 0.203381 0.021397 0.022320
0 0.717643 0.765262 0.019754 0.020018
0 0.921651 0.437747 0.155858 0.343407
0 0.700121 0.227506 0.020048 0.020522
0 0.664131 0.200498 0.021235 0.020991
0 0.669811 0.247868 0.021286 0.022048
0 0.338419 0.152102 0.019539 0.019421
0 0.880771 0.167877 0.021389 0.021655
0 0.493610 0.053156 0.020020 0.019954
0 0.318295 0.868872 0.020596 0.020863
0 0.922505 0.150700 0.019840 0.019894
0 0.265696 0.928106 0.113797 0.114619
0 0.375111 0.036314 0.019439 0.019767
0 0.723714 0.562454 0.026362 0.026142
0 0.482930 0.177699 0.020672 0.020437
0 0.463180 0.176997 0.019775 0.019312
0 0.691701 0.256050 0.022949 0.024228
0 0.771511 0.331325 0.020992 0.020788
0 0.367184 0.467185 0.022609 0.021959
0 0.229955 0.438367 0.099244 0.100784
0 0.535524 0.960152 0.054998 0.054600
0 0.295484 0.337055 0.020690 0.020999
