0 0.903309 0.409033 0.133354 0.114449
0 0.849745 0.746684 0.205808 0.175219
0 0.846296 0.293598 0.057718 0.048929
0 0.817489 0.110225 0.081915 0.066717
0 0.164640 0.320720 0.128620 0.104059
0 0.131504 0.601891 0.049079 0.043289
0 0.544267 0.309691 0.038718 0.032700
0 0.767401 0.390124 0.065280 0.051804
0 0.245717 0.970564 0.041563 0.035963
0 0.923319 0.524491 0.035198 0.029312
0 0.291344 0.576227 0.040246 0.033782
0 0.030691 0.406336 0.036498 0.032913
0 0.091878 0.866278 0.032312 0.028026
0 0.494770 0.105539 0.037901 0.031423
0 0.141690 0.990295 0.051631 0.019048
0 0.320663 0.959096 0.075076 0.064465
0 0.388640 0.957810 0.064678 0.053744
0 0.057170 0.797079 0.025683 0.024277
0 0.822546 0.029109 0.065118 0.051075
0 0.199567 0.975790 0.077835 0.046576
0 0.631045 0.937214 0.051193 0.043448
0 0.694979 0.690303 0.030513 0.025485
