0 0.633677 0.209348 0.049233 0.047172
0 0.848937 0.066055 0.036151 0.035340
0 0.159588 0.062084 0.026586 0.026611
0 0.569410 0.475581 0.024623 0.024563
0 0.967999 0.437437 0.025234 0.025268
0 0.867096 0.344249 0.032593 0.032688
0 0.693022 0.451838 0.023516 0.023207
0 0.881630 0.050530 0.026404 0.026525
0 0.675644 0.950698 0.028286 0.027923
0 0.830289 0.032706 0.033740 0.033444
0 0.636344 0.354263 0.022400 0.022356
0 0.171726 0.419367 0.022899 0.023313
0 0.029001 0.110821 0.025685 0.025286
0 0.950166 0.720922 0.019220 0.019504
0 0.524540 0.440619 0.018872 0.019043
0 0.803087 0.044907 0.020830 0.020212
0 0.872392 0.395082 0.022048 0.021990
0 0.936497 0.526453 0.019985 0.020405
0 0.513413 0.941059 0.022105 0.022141
