0 0.330385 0.156024 0.213782 0.203498
0 0.814270 0.768778 0.088301 0.086928
0 0.121942 0.386746 0.080682 0.078730
0 0.487571 0.605748 0.027917 0.027835
0 0.719685 0.226595 0.060374 0.059680
0 0.454749 0.299442 0.023307 0.023346
0 0.765271 0.434904 0.035951 0.035522
0 0.534349 0.796343 0.073722 0.072480
0 0.467919 0.238300 0.039869 0.038565
0 0.653815 0.709183 0.054755 0.053491
0 0.104752 0.130272 0.208686 0.260544
0 0.303358 0.544632 0.134993 0.131686
0 0.891380 0.856408 0.031528 0.031200
0 0.561654 0.865527 0.078693 0.076469
0 0.745150 0.614777 0.052381 0.051311
0 0.615068 0.836522 0.064215 0.062832
0 0.461197 0.423052 0.034830 0.034983
0 0.132156 0.860166 0.048053 0.047297
0 0.776416 0.506859 0.045306 0.045267
0 0.778932 0.387106 0.024505 0.024120
0 0.683926 0.652789 0.079316 0.077948
0 0.525402 0.451584 0.042670 0.042574
0 0.742493 0.397185 0.023915 0.024096
0 0.347821 0.037868 0.025977 0.025960
0 0.903548 0.519909 0.061402 0.060615
0 0.677498 0.561417 0.049957 0.049481
0 0.891260 0.951160 0.054141 0.052116
0 0.316151 0.378136 0.118947 0.114882
0 0.620346 0.202142 0.024640 0.024805
0 0.670721 0.937075 0.056394 0.056674
0 0.808918 0.190851 0.038928 0.038600
0 0.620887 0.391763 0.046124 0.045744
0 0.800386 0.976817 0.076137 0.046367
0 0.896835 0.464378 0.025539 0.024993
0 0.803000 0.134874 0.031582 0.031258
0 0.011243 0.337672 0.022487 0.054369
0 0.953523 0.570268 0.086059 0.087649
0 0.281101 0.083400 0.021100 0.021639
0 0.561969 0.281594 0.020359 0.020386
0 0.931281 0.817777 0.056658 0.056200
0 0.435374 0.489290 0.031329 0.031057
0 0.971015 0.810058 0.039000 0.039712
0 0.252218 0.339053 0.027499 0.026736
0 0.476592 0.921383 0.097379 0.093872
0 0.398842 0.056711 0.019198 0.019342
0 0.350352 0.946154 0.178524 0.107693
0 0.513031 0.025133 0.033127 0.032184
0 0.988305 0.423758 0.022584 0.036052
0 0.721062 0.942095 0.058676 0.058913
0 0.426396 0.646366 0.042119 0.040788
0 0.585918 0.368788 0.034932 0.034897
0 0.853647 0.660306 0.019702 0.019688
0 0.444250 0.375105 0.021512 0.021620
0 0.193949 0.758528 0.376022 0.396113
0 0.698098 0.489502 0.047141 0.046446
0 0.021920 0.439610 0.042886 0.079442
0 0.496205 0.117216 0.026014 0.026300
0 0.591323 0.471926 0.024608 0.024156
0 0.630156 0.559276 0.032098 0.031333
0 0.761178 0.247592 0.035511 0.034692
0 0.483487 0.009218 0.018226 0.016786
0 0.878886 0.255377 0.025404 0.025206
0 0.023621 0.990965 0.021685 0.018071
0 0.944332 0.626967 0.059171 0.057026
0 0.541622 0.707925 0.019345 0.019246
0 0.381176 0.428133 0.021821 0.021494
0 0.344752 0.125366 0.020006 0.019217
0 0.909785 0.823829 0.045624 0.045274
0 0.862845 0.402554 0.022628 0.022201
0 0.992065 0.579802 0.015869 0.020435
0 0.748333 0.922036 0.104091 0.100598
0 0.617756 0.916000 0.045280 0.043618
0 0.521351 0.244808 0.025191 0.024585
0 0.842649 0.862284 0.131683 0.133550
0 0.770953 0.921200 0.050759 0.051387
0 0.932372 0.168248 0.027414 0.027040
0 0.519902 0.268998 0.026669 0.026192
0 0.694835 0.870653 0.059170 0.056278
0 0.202737 0.374832 0.070788 0.071376
0 0.593661 0.273052 0.030585 0.031067
0 0.657817 0.050135 0.022582 0.021596
