0 0.300378 0.768830 0.074062 0.074204
0 0.454487 0.081915 0.035360 0.035226
0 0.974026 0.902978 0.051949 0.061132
0 0.391195 0.560043 0.033070 0.032778
0 0.583128 0.855804 0.040627 0.040206
0 0.190326 0.600660 0.041035 0.040896
0 0.221201 0.969130 0.041100 0.040630
0 0.049006 0.970952 0.034131 0.033810
0 0.976404 0.849230 0.034578 0.034323
0 0.388927 0.609631 0.026482 0.026365
0 0.171668 0.652105 0.039246 0.039140
0 0.195279 0.682910 0.036500 0.036576
0 0.231062 0.846608 0.045177 0.045660
0 0.064112 0.538654 0.052275 0.052221
0 0.446752 0.026675 0.043070 0.042830
0 0.014394 0.217381 0.028672 0.041605
0 0.339406 0.817726 0.041934 0.041992
0 0.313594 0.834874 0.031896 0.031269
0 0.163108 0.920700 0.046008 0.045294
0 0.488675 0.891284 0.046084 0.046643
0 0.590271 0.808569 0.048974 0.048787
0 0.670588 0.246331 0.022953 0.022876
0 0.351612 0.990441 0.034269 0.019119
0 0.738860 0.246376 0.022812 0.022821
0 0.130728 0.626920 0.048231 0.048672
0 0.626478 0.556707 0.022407 0.022809
0 0.395357 0.868693 0.100210 0.097515
0 0.161751 0.619247 0.031164 0.031445
0 0.589523 0.685448 0.027599 0.027779
0 0.330066 0.138640 0.022752 0.023178
0 0.741168 0.777632 0.025489 0.025470
0 0.029496 0.580758 0.044357 0.045405
0 0.256469 0.707564 0.053801 0.054879
0 0.225003 0.903688 0.070878 0.070929
0 0.579088 0.897870 0.029918 0.030498
0 0.408047 0.767892 0.035468 0.035936
0 0.023708 0.989104 0.027618 0.021792
0 0.897631 0.069482 0.025652 0.025339
0 0.017588 0.542601 0.030981 0.031842
0 0.011860 0.615525 0.023719 0.042221
0 0.302829 0.151693 0.193946 0.192313
