0 0.169118 0.117415 0.130197 0.129877
0 0.110893 0.805167 0.045542 0.045932
0 0.268412 0.703161 0.032181 0.031846
0 0.236678 0.319883 0.069517 0.069536
0 0.231991 0.896601 0.050309 0.050282
0 0.190814 0.782770 0.031575 0.031763
0 0.379801 0.940896 0.056472 0.056137
0 0.829911 0.612374 0.042391 0.042133
0 0.821832 0.515675 0.056959 0.057359
0 0.042278 0.726851 0.044505 0.044595
0 0.760591 0.259151 0.040714 0.039630
0 0.784091 0.286266 0.049020 0.048488
0 0.380618 0.557700 0.039302 0.038623
0 0.234291 0.598526 0.022833 0.023232
0 0.300350 0.426601 0.028138 0.027760
0 0.014013 0.556423 0.025309 0.025381
0 0.866412 0.471742 0.039194 0.039171
0 0.413632 0.141906 0.027095 0.026860
0 0.154635 0.861459 0.023424 0.023204
0 0.697901 0.269620 0.034830 0.035291
0 0.517808 0.794344 0.027395 0.027496
0 0.123377 0.897620 0.037818 0.038148
0 0.642287 0.608659 0.068872 0.069879
0 0.630643 0.508712 0.026801 0.026841
0 0.420192 0.343851 0.023800 0.023794
0 0.082814 0.565162 0.046384 0.046165
0 0.216735 0.976946 0.033695 0.033866
0 0.645924 0.242558 0.028410 0.027858
0 0.182338 0.531776 0.024768 0.025053
0 0.944154 0.849369 0.078310 0.078327
0 0.012658 0.296965 0.023313 0.022825
0 0.957999 0.187037 0.084002 0.107397
0 0.056708 0.297678 0.027403 0.027399
0 0.747162 0.093090 0.024615 0.025019
0 0.637717 0.202834 0.023073 0.023224
0 0.624119 0.182888 0.026190 0.026708
0 0.926072 0.925631 0.032650 0.033068
0 0.510914 0.913541 0.026485 0.026457
0 0.888856 0.109160 0.022808 0.022939
0 0.958844 0.496749 0.026137 0.026556
0 0.730758 0.526693 0.024170 0.024429
0 0.863594 0.513465 0.028870 0.028750
0 0.429047 0.509478 0.021800 0.021690
0 0.741955 0.462357 0.029843 0.029285
0 0.577597 0.709687 0.113879 0.117623
0 0.721848 0.619858 0.023216 0.023546
0 0.746168 0.234984 0.022662 0.022468
0 0.752856 0.438935 0.039843 0.039692
0 0.826167 0.171687 0.024369 0.024508
0 0.290668 0.823331 0.028977 0.028572
0 0.011896 0.026552 0.021656 0.021708
0 0.612742 0.776434 0.056204 0.055950
0 0.190273 0.810826 0.030999 0.030493
0 0.778703 0.845070 0.024617 0.025040
0 0.288096 0.570284 0.023638 0.024290
0 0.587225 0.646872 0.039607 0.041178
0 0.801805 0.481999 0.031422 0.031771
0 0.681831 0.312687 0.024730 0.024350
0 0.657947 0.877543 0.021891 0.022107
0 0.970751 0.925030 0.058383 0.064136
0 0.045870 0.185321 0.025091 0.025659
0 0.194172 0.548135 0.026096 0.025837
0 0.784029 0.822772 0.023189 0.022996
0 0.718054 0.685865 0.022743 0.022731
0 0.635346 0.278011 0.029991 0.030554
0 0.954792 0.642712 0.020233 0.020273
0 0.027539 0.348003 0.022140 0.022074
0 0.329738 0.174955 0.020541 0.020499
0 0.387867 0.664876 0.023659 0.022985
0 0.568640 0.426976 0.019903 0.020008
0 0.017193 0.672047 0.018433 0.018834
0 0.848454 0.011140 0.024418 0.022019
0 0.652169 0.467915 0.022208 0.022315
0 0.970218 0.532070 0.021258 0.021291
0 0.617792 0.635067 0.023873 0.024290
0 0.177909 0.862579 0.021775 0.021887
0 0.825520 0.400966 0.045749 0.044903
0 0.144650 0.678229 0.021808 0.022116
0 0.265057 0.567807 0.019077 0.018897
0 0.567455 0.867706 0.020799 0.019921
0 0.890888 0.654769 0.020428 0.020366
0 0.386641 0.964157 0.021899 0.020684
0 0.614919 0.157810 0.021408 0.022441
