0 0.506548 0.019241 0.054241 0.038482
0 0.145348 0.120329 0.036895 0.034641
0 0.959997 0.905874 0.050356 0.049526
0 0.128083 0.708226 0.055048 0.049333
0 0.553606 0.063450 0.033442 0.032316
0 0.180445 0.378594 0.051573 0.048621
0 0.229860 0.108849 0.034938 0.034280
0 0.220387 0.300747 0.049828 0.043628
0 0.180835 0.495463 0.034290 0.033190
0 0.123122 0.315067 0.043559 0.038639
0 0.365847 0.126416 0.029994 0.029003
0 0.643671 0.007413 0.033417 0.014661
0 0.871158 0.927758 0.024527 0.024785
0 0.548222 0.217391 0.025621 0.025364
0 0.374873 0.275777 0.029732 0.028226
0 0.114269 0.340465 0.034677 0.031212
0 0.014340 0.759871 0.024504 0.023500
0 0.092677 0.618882 0.034820 0.032865
0 0.619760 0.365091 0.025698 0.024939
0 0.227569 0.331613 0.034467 0.031644
0 0.320614 0.665729 0.032436 0.030497
0 0.296194 0.267395 0.023020 0.022360
0 0.479843 0.668965 0.024306 0.023546
