0 0.765423 0.624505 0.067154 0.066260
0 0.874546 0.036878 0.067132 0.065417
0 0.969568 0.543308 0.029059 0.028732
0 0.159361 0.784900 0.028068 0.028146
0 0.029970 0.657460 0.056716 0.056978
0 0.020147 0.878533 0.037049 0.037498
0 0.154650 0.370817 0.032184 0.031812
0 0.887476 0.497018 0.054096 0.053117
0 0.058944 0.726805 0.032882 0.032881
0 0.066025 0.568687 0.029275 0.029044
0 0.023236 0.584307 0.026022 0.026038
0 0.207871 0.350205 0.025020 0.024941
0 0.091801 0.732996 0.024404 0.024093
0 0.115940 0.582979 0.032091 0.031885
0 0.237897 0.940004 0.228380 0.119992
0 0.388397 0.900470 0.023814 0.024224
0 0.182759 0.171211 0.047695 0.047561
0 0.199888 0.057147 0.047578 0.047568
0 0.021017 0.719622 0.026711 0.026922
0 0.181243 0.579677 0.047079 0.047103
0 0.706875 0.125683 0.021634 0.021365
0 0.055396 0.009244 0.033936 0.018282
0 0.030358 0.758191 0.022971 0.022633
0 0.080791 0.680222 0.026204 0.025928
0 0.013195 0.841583 0.026389 0.039020
0 0.264336 0.024902 0.118205 0.049803
0 0.518425 0.165079 0.022234 0.022011
0 0.107476 0.502557 0.024309 0.024274
0 0.240087 0.149300 0.038203 0.038727
0 0.329189 0.789617 0.022126 0.021931
0 0.839495 0.326085 0.022171 0.021251
0 0.991583 0.722327 0.016380 0.019656
0 0.332644 0.079991 0.029559 0.028498
0 0.027527 0.735377 0.021741 0.021661
0 0.161023 0.122124 0.048366 0.048327
0 0.209661 0.358440 0.249530 0.255807
0 0.553461 0.472308 0.020614 0.020713
0 0.084874 0.705136 0.026119 0.026697
0 0.066106 0.046581 0.019313 0.018815
0 0.898128 0.795630 0.020629 0.020740
0 0.815841 0.318481 0.023581 0.023680
