0 0.158613 0.600845 0.130300 0.099306
0 0.790263 0.476505 0.398102 0.341048
0 0.466645 0.413249 0.176437 0.135580
0 0.117067 0.937632 0.139729 0.113390
0 0.121101 0.286179 0.041066 0.036170
0 0.797245 0.841422 0.203120 0.152827
0 0.940723 0.616809 0.116931 0.115413
0 0.015660 0.718345 0.031321 0.036226
0 0.022880 0.167959 0.045515 0.075295
0 0.466645 0.831715 0.043984 0.036004
0 0.205821 0.702118 0.034597 0.028197
0 0.071592 0.324747 0.040657 0.033772
0 0.551748 0.123811 0.515184 0.245608
0 0.793342 0.263245 0.074361 0.061223
0 0.685300 0.908937 0.077980 0.060857
0 0.270411 0.401374 0.053072 0.044277
0 0.523171 0.501454 0.116541 0.084175
0 0.054274 0.237805 0.034904 0.029806
0 0.141905 0.891720 0.036115 0.028203
0 0.338967 0.924242 0.108834 0.091898
0 0.894210 0.060213 0.138459 0.109772
0 0.053789 0.368980 0.032296 0.026390
