0 0.491325 0.873674 0.038617 0.038059
0 0.233173 0.665030 0.024235 0.024124
0 0.190946 0.790112 0.033477 0.033287
0 0.331820 0.186284 0.030232 0.030329
0 0.079357 0.194458 0.023991 0.023699
0 0.282294 0.483869 0.024014 0.024187
0 0.270344 0.528029 0.029991 0.029935
0 0.342851 0.250540 0.055318 0.054435
0 0.553452 0.924755 0.027057 0.027359
0 0.300497 0.438072 0.022500 0.022694
0 0.564452 0.152259 0.022670 0.022740
0 0.526535 0.107987 0.023532 0.023516
0 0.481778 0.274315 0.021100 0.021250
0 0.137145 0.184694 0.020912 0.021269
0 0.352211 0.211268 0.027622 0.027135
0 0.492223 0.801777 0.031298 0.031134
0 0.584474 0.469657 0.021855 0.021757
0 0.468478 0.013461 0.033062 0.026922
0 0.366631 0.988231 0.069878 0.023537
0 0.230932 0.447468 0.021536 0.021882
0 0.465045 0.153224 0.023752 0.023684
0 0.515857 0.650316 0.025310 0.025201
0 0.258410 0.114812 0.022050 0.021237
0 0.196430 0.459672 0.033591 0.034929
0 0.410954 0.270513 0.020699 0.020953
0 0.590278 0.268874 0.029141 0.029952
0 0.011978 0.201281 0.023896 0.029922
0 0.371092 0.399603 0.043981 0.043656
0 0.189304 0.433875 0.033180 0.033453
0 0.544704 0.899056 0.022678 0.022462
0 0.526461 0.480984 0.019547 0.019404
0 0.169298 0.854238 0.022172 0.022161
