0 0.444153 0.529122 0.036057 0.035307
0 0.214686 0.614590 0.053294 0.050545
0 0.202413 0.568999 0.047065 0.046371
0 0.202446 0.120290 0.027196 0.026311
0 0.338815 0.538025 0.062042 0.061300
0 0.484714 0.490297 0.044361 0.044538
0 0.911115 0.437049 0.028048 0.028155
0 0.941597 0.919226 0.028207 0.027711
0 0.756637 0.052273 0.090972 0.087852
0 0.934664 0.948172 0.023813 0.023514
0 0.257077 0.588547 0.059727 0.056373
0 0.775317 0.104069 0.042016 0.040595
0 0.031017 0.496791 0.047725 0.046153
0 0.495689 0.331316 0.023513 0.023021
