0 0.772348 0.378283 0.023274 0.023784
0 0.955820 0.785033 0.023480 0.023226
0 0.475243 0.682730 0.031662 0.031524
0 0.430338 0.841615 0.034044 0.033965
0 0.041518 0.493133 0.061036 0.060219
0 0.914317 0.613851 0.025633 0.025635
0 0.596420 0.782426 0.030963 0.030812
0 0.320763 0.192051 0.037288 0.037164
0 0.873897 0.330446 0.022166 0.022092
0 0.568373 0.718346 0.046822 0.047313
0 0.380382 0.960548 0.069118 0.070605
0 0.075124 0.465355 0.034962 0.034695
0 0.055109 0.232691 0.060231 0.060640
0 0.668727 0.780694 0.054840 0.054775
0 0.619739 0.978432 0.020228 0.020449
0 0.727968 0.461603 0.023766 0.023812
0 0.166658 0.089009 0.039564 0.039205
0 0.632824 0.580898 0.034941 0.034616
0 0.108718 0.355927 0.021694 0.021580
0 0.723139 0.612612 0.043301 0.043943
0 0.662310 0.566756 0.029953 0.030703
0 0.172271 0.471759 0.055139 0.055638
0 0.335988 0.891347 0.030905 0.031170
0 0.577120 0.263293 0.020822 0.020803
0 0.489362 0.850139 0.028390 0.028135
0 0.255897 0.246286 0.023175 0.023128
0 0.599668 0.715609 0.024864 0.024943
0 0.961028 0.629981 0.020723 0.021360
0 0.260076 0.383573 0.028005 0.028218
0 0.618610 0.731019 0.022172 0.021809
0 0.089305 0.103264 0.021159 0.021329
0 0.197251 0.764030 0.020160 0.020331
0 0.229798 0.249362 0.025004 0.025464
0 0.502589 0.810680 0.026145 0.026038
0 0.522845 0.843216 0.025970 0.026493
0 0.923837 0.831444 0.025297 0.025457
0 0.303194 0.643226 0.061378 0.061629
0 0.867333 0.518333 0.018014 0.017997
0 0.915109 0.756078 0.025526 0.025412
0 0.921589 0.856089 0.033430 0.034124
0 0.462727 0.022066 0.018842 0.018794
0 0.433319 0.661501 0.055561 0.056116
0 0.303298 0.892637 0.025242 0.025341
0 0.123535 0.852266 0.024388 0.024343
0 0.352003 0.990979 0.028756 0.018041
0 0.018316 0.006563 0.031217 0.013012
0 0.982971 0.468764 0.018937 0.019291
0 0.280097 0.115160 0.057452 0.056409
0 0.307244 0.325042 0.049067 0.047945
0 0.721027 0.799082 0.020226 0.020331
0 0.277906 0.216794 0.018583 0.018933
0 0.734168 0.528552 0.025644 0.026151
0 0.077959 0.806586 0.046917 0.045341
0 0.519019 0.466550 0.114369 0.119065
0 0.318756 0.375884 0.028924 0.028724
0 0.370187 0.582742 0.022415 0.022310
0 0.292244 0.266702 0.024859 0.024721
0 0.226813 0.561937 0.125602 0.124688
0 0.639727 0.900050 0.033715 0.034089
0 0.564366 0.237087 0.250406 0.273954
0 0.642885 0.043079 0.379481 0.086158
0 0.138482 0.099852 0.021088 0.021126
