0 0.621276 0.680079 0.060990 0.061219
0 0.604647 0.536401 0.065842 0.066557
0 0.741461 0.077211 0.062200 0.062341
0 0.591969 0.383368 0.051752 0.051947
0 0.563552 0.440077 0.049049 0.049268
0 0.753757 0.256252 0.033163 0.032887
0 0.199540 0.732796 0.031374 0.031656
0 0.635063 0.939776 0.042505 0.043144
0 0.540781 0.129638 0.040264 0.039874
0 0.351869 0.413412 0.047823 0.047974
0 0.626267 0.903212 0.034457 0.034514
0 0.374696 0.650476 0.024514 0.024682
0 0.157072 0.752215 0.031149 0.030593
0 0.973233 0.651496 0.028050 0.028368
0 0.451470 0.396275 0.040824 0.041291
0 0.547517 0.209540 0.037874 0.038058
0 0.567761 0.771729 0.027294 0.027588
0 0.643847 0.967562 0.036867 0.036996
0 0.362876 0.450596 0.049274 0.050295
0 0.159981 0.160681 0.029038 0.029554
0 0.917650 0.477907 0.036444 0.037085
0 0.487074 0.137720 0.033417 0.032529
0 0.587496 0.231749 0.028719 0.028671
0 0.323000 0.718866 0.026450 0.026694
0 0.601297 0.102913 0.027327 0.027806
0 0.183685 0.014836 0.039939 0.029564
0 0.136510 0.202983 0.031675 0.030630
0 0.465723 0.258292 0.027086 0.027061
0 0.992514 0.269944 0.014886 0.048013
0 0.886615 0.979404 0.029005 0.029545
0 0.487559 0.574324 0.028980 0.029445
0 0.766237 0.886366 0.025108 0.024405
0 0.176638 0.965724 0.044883 0.044174
0 0.305213 0.304263 0.023555 0.023742
0 0.183951 0.798823 0.072298 0.073589
0 0.766804 0.298009 0.022220 0.021646
0 0.264218 0.427193 0.023660 0.023496
0 0.483464 0.274316 0.023089 0.022911
0 0.785217 0.030296 0.026357 0.026853
0 0.520396 0.219164 0.023597 0.023407
0 0.460562 0.368044 0.045582 0.045904
0 0.684921 0.531550 0.020784 0.021385
0 0.980809 0.530708 0.021340 0.021038
0 0.908139 0.331209 0.020628 0.020879
0 0.510446 0.112552 0.023393 0.023785
0 0.489531 0.216709 0.024138 0.023946
0 0.647589 0.440741 0.023313 0.023124
