0 0.798638 0.617632 0.033410 0.033055
0 0.024735 0.228046 0.031557 0.031466
0 0.263185 0.611722 0.038592 0.038715
0 0.786825 0.379104 0.035289 0.035355
0 0.304620 0.119439 0.039988 0.040396
0 0.148094 0.267767 0.035399 0.034409
0 0.494421 0.308879 0.029457 0.029012
0 0.716362 0.813346 0.028261 0.028123
0 0.305111 0.183995 0.032097 0.031872
0 0.884404 0.008849 0.039006 0.017241
0 0.816499 0.878249 0.065627 0.065599
0 0.372075 0.051261 0.040308 0.039488
0 0.907145 0.497290 0.031616 0.030329
0 0.188670 0.382087 0.038062 0.038688
0 0.728680 0.337971 0.025477 0.025026
0 0.851975 0.407906 0.023206 0.023167
0 0.752412 0.914528 0.024965 0.024612
0 0.443466 0.550731 0.023846 0.023877
0 0.333727 0.956677 0.023052 0.022716
0 0.155054 0.621182 0.024341 0.023690
0 0.427330 0.503407 0.022202 0.022136
0 0.500003 0.912107 0.031020 0.032166
0 0.749930 0.187560 0.028153 0.028190
0 0.110023 0.656653 0.022576 0.022834
0 0.136562 0.419072 0.024040 0.024363
0 0.086066 0.458260 0.037255 0.037901
0 0.106637 0.768249 0.021571 0.021534
0 0.570996 0.948789 0.025243 0.024801
0 0.383521 0.312206 0.024454 0.023426
0 0.670662 0.011707 0.025676 0.023261
0 0.457810 0.274242 0.028498 0.029595
0 0.201983 0.541693 0.022159 0.022407
0 0.154781 0.366884 0.030104 0.030748
