0 0.284050 0.891120 0.027501 0.026822
0 0.706765 0.283879 0.028242 0.027604
0 0.214254 0.111280 0.049729 0.048609
0 0.227502 0.152910 0.025383 0.024284
0 0.395028 0.711150 0.024690 0.024657
0 0.959561 0.652972 0.023877 0.023694
0 0.327510 0.772244 0.024714 0.023914
0 0.365181 0.042200 0.022927 0.022245
0 0.390915 0.738174 0.023282 0.022852
0 0.869753 0.823276 0.025326 0.024564
0 0.971729 0.281092 0.024043 0.024061
0 0.309283 0.144130 0.026480 0.026429
0 0.049076 0.290754 0.040050 0.039776
0 0.371457 0.746566 0.021317 0.021219
