0 0.406844 0.156130 0.023204 0.023342
0 0.605132 0.386848 0.032818 0.032489
0 0.400011 0.370374 0.029851 0.029751
0 0.772155 0.957134 0.026561 0.027083
0 0.184989 0.309322 0.056587 0.056338
0 0.033252 0.739091 0.031232 0.030682
0 0.268405 0.377606 0.025546 0.024972
0 0.420360 0.558434 0.026576 0.026449
0 0.686485 0.234312 0.029400 0.029196
0 0.085940 0.272802 0.036867 0.035738
0 0.358202 0.444529 0.037170 0.036662
0 0.372808 0.656779 0.086639 0.085561
0 0.631115 0.735545 0.023124 0.023210
0 0.109696 0.653951 0.023680 0.023844
0 0.167574 0.367410 0.093158 0.091491
0 0.318161 0.265290 0.049464 0.048807
0 0.597105 0.643674 0.047736 0.046743
0 0.712604 0.839949 0.051581 0.051278
0 0.205142 0.640957 0.023038 0.023266
0 0.489438 0.599945 0.063465 0.063165
0 0.923372 0.280708 0.023342 0.023426
0 0.865361 0.961366 0.066036 0.065808
0 0.899315 0.347819 0.026864 0.027004
0 0.440967 0.746746 0.068532 0.068192
0 0.081717 0.116757 0.055114 0.054843
0 0.526899 0.301619 0.022819 0.022590
0 0.570678 0.164378 0.070096 0.069453
0 0.858681 0.263230 0.059382 0.059280
0 0.680738 0.752782 0.039923 0.039899
0 0.780538 0.283504 0.079357 0.079420
0 0.405042 0.844411 0.085161 0.083664
0 0.286725 0.335101 0.057693 0.056343
0 0.729586 0.662067 0.047006 0.047305
0 0.802117 0.875382 0.030474 0.031027
0 0.590781 0.261853 0.031267 0.031930
0 0.755711 0.557337 0.033585 0.033694
0 0.642751 0.396277 0.033139 0.033189
0 0.713751 0.698854 0.036365 0.036397
0 0.557676 0.350687 0.022341 0.022324
0 0.744381 0.358572 0.050851 0.050315
0 0.089009 0.244097 0.026701 0.026331
0 0.064753 0.039724 0.059874 0.059299
0 0.340161 0.332336 0.021780 0.021728
0 0.313339 0.386355 0.027596 0.027166
0 0.353942 0.981816 0.033083 0.032997
0 0.455076 0.208577 0.032374 0.032270
0 0.081768 0.914658 0.068939 0.067805
0 0.272905 0.287689 0.023594 0.023671
0 0.516581 0.808153 0.021982 0.021463
0 0.182065 0.871700 0.019789 0.019715
0 0.672090 0.321229 0.049688 0.049509
0 0.052163 0.089278 0.038176 0.038827
0 0.856519 0.333021 0.085608 0.084551
0 0.540412 0.435101 0.047260 0.046440
0 0.056327 0.463886 0.021709 0.022021
0 0.346417 0.849914 0.064203 0.064809
0 0.542947 0.558432 0.086704 0.085234
0 0.818839 0.719236 0.026888 0.026885
0 0.769286 0.080602 0.026227 0.025227
0 0.467320 0.146505 0.037579 0.036475
0 0.711948 0.404577 0.076062 0.074713
0 0.625122 0.260581 0.042586 0.043423
0 0.082653 0.978523 0.054979 0.042955
0 0.694546 0.726460 0.039998 0.041012
0 0.317516 0.956491 0.025740 0.025453
0 0.255437 0.298585 0.020141 0.020053
0 0.209873 0.793416 0.019892 0.019703
0 0.543860 0.708521 0.020846 0.021277
0 0.806750 0.827151 0.022739 0.022425
0 0.390200 0.325269 0.070120 0.070754
0 0.143018 0.071990 0.024256 0.024618
0 0.975022 0.197354 0.035850 0.036725
0 0.583987 0.485195 0.057839 0.056384
0 0.547340 0.125049 0.023500 0.023748
0 0.872369 0.151088 0.019656 0.019658
0 0.805091 0.945414 0.021753 0.022175
0 0.598104 0.701435 0.044845 0.044204
0 0.555006 0.513175 0.021384 0.020567
0 0.865397 0.718720 0.025728 0.026009
0 0.720010 0.467555 0.090017 0.086878
0 0.514894 0.402313 0.050298 0.049700
0 0.649333 0.931623 0.079543 0.081125
0 0.566816 0.989993 0.019151 0.018512
0 0.042384 0.641265 0.019060 0.018749
0 0.317260 0.406603 0.018575 0.018628
0 0.333831 0.367178 0.021096 0.021063
0 0.649400 0.534781 0.026127 0.026078
0 0.318084 0.357731 0.019206 0.019054
0 0.224235 0.655185 0.018589 0.018433
0 0.758361 0.207218 0.056674 0.056845
0 0.025871 0.346658 0.051742 0.064264
0 0.609851 0.159699 0.019221 0.019516
0 0.007520 0.981236 0.013813 0.037529
0 0.695909 0.357545 0.036312 0.035326
0 0.395002 0.934882 0.020207 0.020071
0 0.881926 0.573914 0.032442 0.031924
0 0.423418 0.286972 0.051349 0.051680
0 0.694649 0.611257 0.017588 0.018250
0 0.972139 0.225403 0.053049 0.055852
0 0.641514 0.212047 0.055496 0.054863
0 0.655287 0.371572 0.040037 0.040930
0 0.641044 0.794920 0.017569 0.017780
0 0.567415 0.008265 0.043496 0.016529
0 0.528044 0.021673 0.038465 0.037678
0 0.688518 0.396841 0.045444 0.047870
0 0.208620 0.474877 0.053355 0.052654
0 0.108526 0.913445 0.025843 0.029595
0 0.497387 0.227142 0.035170 0.035844
0 0.350048 0.595365 0.048667 0.048644
0 0.178402 0.238684 0.022465 0.022293
0 0.733484 0.864844 0.019474 0.019125
0 0.389744 0.316823 0.045190 0.032574
0 0.275731 0.027771 0.045661 0.044155
0 0.650475 0.022220 0.051462 0.044294
0 0.618598 0.453080 0.049310 0.053107
