0 0.831998 0.692138 0.043405 0.042717
0 0.516704 0.584749 0.060985 0.060292
0 0.514586 0.865416 0.036231 0.035537
0 0.349288 0.682711 0.031286 0.030575
0 0.981983 0.829141 0.036034 0.075386
0 0.084408 0.027765 0.099693 0.055530
0 0.008734 0.343304 0.017412 0.039611
0 0.115638 0.402327 0.030322 0.030211
0 0.777178 0.496796 0.029582 0.029050
0 0.614191 0.494147 0.027850 0.027723
0 0.550970 0.562511 0.029430 0.029790
0 0.288796 0.610262 0.026735 0.026777
0 0.788620 0.291309 0.420661 0.535253
0 0.845209 0.358941 0.025694 0.025711
0 0.538372 0.527999 0.027337 0.026458
0 0.575096 0.640410 0.023500 0.023223
0 0.567126 0.060302 0.024691 0.024838
