0 0.858578 0.254277 0.042826 0.039011
0 0.493899 0.253938 0.065463 0.059395
0 0.437678 0.454781 0.049356 0.043051
0 0.082811 0.078021 0.043280 0.037596
0 0.261851 0.809286 0.046847 0.044085
0 0.319219 0.918517 0.044636 0.041365
0 0.720034 0.900490 0.038169 0.034301
0 0.252934 0.934147 0.034574 0.032871
0 0.038867 0.147720 0.039540 0.035399
0 0.880888 0.975650 0.035191 0.030875
0 0.910997 0.072436 0.051288 0.049230
0 0.807806 0.497144 0.035454 0.033851
0 0.731458 0.618219 0.034198 0.032056
0 0.093906 0.269557 0.034288 0.030955
0 0.558188 0.254920 0.045017 0.041253
0 0.213238 0.454996 0.166421 0.152389
0 0.801423 0.992734 0.032849 0.014231
0 0.789426 0.524877 0.049793 0.044079
0 0.612658 0.257667 0.022996 0.022519
0 0.283732 0.101397 0.032188 0.029977
0 0.193991 0.601449 0.025947 0.025597
0 0.886449 0.038646 0.068232 0.065835
0 0.349778 0.727601 0.398845 0.377142
0 0.225848 0.233316 0.109337 0.098290
0 0.758379 0.721512 0.025148 0.024164
0 0.350866 0.486299 0.023384 0.023050
0 0.526959 0.525536 0.027512 0.026208
0 0.432234 0.865964 0.024159 0.023646
0 0.153869 0.575307 0.028722 0.027974
0 0.736597 0.826579 0.032377 0.029690
0 0.060716 0.518672 0.057146 0.052439
0 0.307440 0.399417 0.025046 0.024318
0 0.990669 0.609291 0.018585 0.032693
0 0.479334 0.941028 0.031353 0.029790
0 0.296257 0.882545 0.026393 0.026234
0 0.037869 0.401902 0.023362 0.023156
0 0.046561 0.707056 0.069155 0.064562
0 0.425626 0.931550 0.070920 0.066933
0 0.228638 0.910443 0.223278 0.177391
