0 0.313212 0.703579 0.029404 0.029581
0 0.268083 0.433807 0.039829 0.040325
0 0.566702 0.964312 0.038730 0.038055
0 0.898260 0.670349 0.036274 0.036209
0 0.552984 0.475495 0.026961 0.027195
0 0.026352 0.269908 0.039801 0.038834
0 0.312004 0.321076 0.028143 0.028834
0 0.373224 0.242417 0.066422 0.066573
0 0.071454 0.868645 0.050600 0.050950
0 0.281931 0.603038 0.036678 0.035949
0 0.073955 0.170811 0.022936 0.023208
0 0.708755 0.950066 0.053994 0.053465
0 0.458284 0.453722 0.031808 0.031554
0 0.929452 0.435784 0.024659 0.024668
0 0.253181 0.187023 0.035897 0.036180
0 0.335067 0.529888 0.022861 0.023039
0 0.278647 0.203071 0.024443 0.024129
0 0.098414 0.478402 0.036041 0.037115
0 0.247026 0.224127 0.038564 0.038397
0 0.160313 0.150130 0.025308 0.025713
0 0.108589 0.103277 0.025808 0.026001
0 0.845914 0.233102 0.025478 0.024658
0 0.510887 0.580976 0.019411 0.019786
0 0.964171 0.963583 0.020479 0.020941
0 0.782791 0.831801 0.023121 0.022838
0 0.692186 0.794028 0.028596 0.028343
0 0.034542 0.139057 0.034933 0.034366
0 0.270393 0.293402 0.040490 0.042646
0 0.248180 0.263536 0.031225 0.031479
0 0.807395 0.607080 0.222356 0.225903
0 0.679945 0.378644 0.023223 0.023169
0 0.936620 0.049590 0.087024 0.087322
0 0.106517 0.543853 0.020688 0.020690
0 0.500673 0.885141 0.325110 0.229719
0 0.147055 0.011764 0.020901 0.021988
0 0.822918 0.972437 0.022034 0.021712
0 0.857371 0.539641 0.041137 0.040274
0 0.186801 0.924607 0.365756 0.150787
0 0.935723 0.766517 0.117073 0.118343
0 0.585303 0.465117 0.018923 0.019391
0 0.676989 0.986028 0.030724 0.027944
0 0.532777 0.726112 0.068346 0.068662
