0 0.490379 0.741639 0.310692 0.313600
0 0.338056 0.412766 0.030559 0.030522
0 0.295168 0.311741 0.031506 0.031083
0 0.194722 0.825010 0.047772 0.047678
0 0.183130 0.250171 0.033904 0.034103
0 0.157781 0.978582 0.035529 0.035841
0 0.185350 0.518563 0.024850 0.024835
0 0.945120 0.938271 0.027580 0.027659
0 0.823754 0.486206 0.045928 0.045927
0 0.445549 0.406747 0.034029 0.034186
0 0.055391 0.702489 0.069673 0.070283
0 0.253426 0.451802 0.029246 0.029314
0 0.016409 0.474744 0.032818 0.047511
0 0.104205 0.203154 0.021913 0.022074
0 0.962671 0.105471 0.022007 0.022375
0 0.369769 0.326347 0.028427 0.028572
0 0.910512 0.254500 0.135285 0.132420
0 0.752864 0.019081 0.069084 0.037913
0 0.797814 0.132513 0.083322 0.082561
0 0.958346 0.895538 0.020232 0.020366
0 0.867914 0.497189 0.021978 0.022358
0 0.869926 0.656486 0.026961 0.027539
0 0.908814 0.069969 0.080615 0.078215
0 0.733958 0.984568 0.026007 0.027172
0 0.597210 0.529731 0.074298 0.073573
0 0.898627 0.583686 0.022070 0.022339
0 0.089413 0.363673 0.178827 0.310175
0 0.297542 0.080667 0.025135 0.025230
0 0.694184 0.962497 0.024216 0.023893
0 0.787847 0.239289 0.085628 0.086291
0 0.572197 0.986572 0.071907 0.026857
