0 0.081439 0.696105 0.119837 0.123837
0 0.184314 0.837197 0.049021 0.049109
0 0.233806 0.174588 0.025568 0.025416
0 0.481952 0.883398 0.143997 0.144821
0 0.200153 0.736754 0.021524 0.021693
0 0.073952 0.927288 0.049448 0.049269
0 0.619326 0.826301 0.026289 0.025892
0 0.166367 0.459309 0.051117 0.051413
0 0.587048 0.930472 0.023060 0.023321
0 0.895287 0.723595 0.059662 0.060851
0 0.275513 0.455327 0.047751 0.047608
0 0.607370 0.656512 0.029979 0.029493
0 0.291640 0.496549 0.043314 0.043515
0 0.234086 0.939441 0.101145 0.097286
0 0.191775 0.166030 0.030533 0.030679
0 0.815217 0.607952 0.027408 0.027191
0 0.372011 0.423443 0.029931 0.030061
0 0.715325 0.925436 0.116031 0.117307
0 0.764891 0.180414 0.026132 0.026566
0 0.788448 0.748866 0.024437 0.024478
0 0.089032 0.990467 0.023187 0.019065
0 0.319997 0.709284 0.034402 0.035291
0 0.841581 0.638023 0.044369 0.045059
0 0.756694 0.632606 0.022450 0.022632
0 0.759968 0.880438 0.268658 0.239124
0 0.048542 0.885045 0.045808 0.046333
0 0.040351 0.991550 0.023976 0.016899
0 0.257670 0.104634 0.036545 0.036693
0 0.426535 0.677312 0.039713 0.039506
0 0.563653 0.676957 0.055670 0.055163
0 0.893622 0.815501 0.068364 0.069199
0 0.212783 0.355927 0.047990 0.047413
0 0.160808 0.494516 0.040014 0.040703
0 0.798165 0.701059 0.023750 0.023847
0 0.211806 0.562866 0.025442 0.025053
0 0.705146 0.653974 0.035142 0.035089
0 0.979867 0.973700 0.039946 0.052600
0 0.571438 0.886208 0.028252 0.028699
0 0.373326 0.586866 0.218722 0.235766
0 0.317603 0.968971 0.046610 0.046762
0 0.124614 0.911081 0.028361 0.028982
0 0.226178 0.302867 0.057860 0.057733
0 0.811282 0.716482 0.021479 0.021117
0 0.551654 0.811657 0.045257 0.046895
0 0.573714 0.727310 0.057747 0.057875
0 0.106190 0.878828 0.024380 0.023998
0 0.881564 0.957310 0.030621 0.031162
0 0.155694 0.381706 0.068449 0.069224
0 0.276562 0.766050 0.066765 0.065919
0 0.040021 0.861216 0.020812 0.020630
0 0.669287 0.093371 0.023355 0.024063
0 0.029131 0.779162 0.026663 0.026729
0 0.250990 0.816778 0.058102 0.057048
0 0.050229 0.966740 0.022510 0.022183
0 0.447102 0.652877 0.024650 0.024670
0 0.420401 0.967584 0.063328 0.064170
0 0.327471 0.764917 0.024711 0.024680
0 0.376018 0.116554 0.025559 0.025012
0 0.009280 0.946990 0.018561 0.020374
0 0.538496 0.291857 0.034458 0.034656
0 0.790376 0.643717 0.022826 0.023256
0 0.420166 0.281420 0.039474 0.036862
0 0.344725 0.056545 0.027695 0.027078
0 0.547595 0.963008 0.089042 0.073557
0 0.035025 0.937167 0.031079 0.030572
0 0.564059 0.595432 0.050195 0.050587
0 0.687725 0.468135 0.238122 0.230642
0 0.330715 0.027905 0.023691 0.024184
0 0.497202 0.770277 0.039365 0.040289
0 0.041330 0.020071 0.028941 0.028710
0 0.964023 0.860441 0.021170 0.021241
0 0.077178 0.011657 0.034994 0.023314
0 0.482095 0.803302 0.041537 0.042624
0 0.717790 0.988388 0.051967 0.023223
0 0.523866 0.720846 0.041708 0.042948
0 0.350973 0.740116 0.033098 0.033124
0 0.227747 0.957992 0.037150 0.036728
0 0.428059 0.243674 0.020639 0.020978
0 0.491822 0.318408 0.044510 0.044570
0 0.486211 0.965385 0.043329 0.042425
0 0.252536 0.249882 0.058625 0.058587
0 0.174098 0.187349 0.031942 0.031949
0 0.138908 0.060450 0.035811 0.035807
0 0.171490 0.609316 0.019970 0.020565
0 0.096299 0.516299 0.029410 0.030220
0 0.700388 0.038360 0.022727 0.023765
0 0.474652 0.688686 0.021631 0.022230
0 0.843390 0.189943 0.170429 0.180857
0 0.179312 0.631775 0.021924 0.022720
0 0.859480 0.984399 0.040985 0.031201
0 0.080068 0.474166 0.022964 0.022899
0 0.015452 0.897781 0.030904 0.043155
0 0.277437 0.272593 0.025254 0.026105
0 0.381676 0.300438 0.031317 0.031652
0 0.172011 0.059762 0.022740 0.022729
0 0.251797 0.515520 0.046116 0.045641
0 0.110250 0.888813 0.024509 0.025167
0 0.305647 0.535577 0.031594 0.032318
0 0.024606 0.604454 0.049212 0.066346
0 0.014237 0.421979 0.028473 0.055491
0 0.414574 0.306358 0.034501 0.033889
0 0.132307 0.334329 0.070652 0.066441
0 0.030149 0.123128 0.036922 0.036774
0 0.200252 0.898181 0.019697 0.019104
0 0.245100 0.010627 0.020220 0.020173
0 0.215741 0.516910 0.021661 0.022230
0 0.652349 0.683361 0.018137 0.018643
0 0.078706 0.849735 0.020931 0.021300
0 0.461097 0.626428 0.037204 0.035448
0 0.212402 0.593785 0.019436 0.019405
0 0.374568 0.869519 0.023448 0.023843
0 0.221475 0.223161 0.025960 0.026768
0 0.613569 0.421822 0.018479 0.018412
0 0.062296 0.586035 0.030703 0.031658
0 0.180363 0.412070 0.022552 0.022743
0 0.813647 0.078894 0.020466 0.020658
0 0.454050 0.105157 0.072051 0.074511
0 0.197739 0.252201 0.033076 0.033847
0 0.677055 0.579116 0.183052 0.182132
0 0.720631 0.337559 0.165442 0.174854
0 0.270064 0.348130 0.026308 0.025765
0 0.035470 0.754210 0.018904 0.019721
0 0.006854 0.970478 0.013709 0.019290
0 0.463651 0.067343 0.025362 0.024101
0 0.108776 0.295868 0.024434 0.024217
0 0.455792 0.988480 0.085570 0.022166
0 0.827828 0.533419 0.080948 0.080916
0 0.454175 0.781661 0.035386 0.036204
0 0.006236 0.814774 0.012472 0.031246
0 0.196249 0.284030 0.024395 0.026434
0 0.855575 0.390041 0.136604 0.140989
0 0.944104 0.869168 0.019125 0.019159
0 0.024476 0.965476 0.024437 0.023454
0 0.323499 0.343543 0.049852 0.047893
0 0.052136 0.269661 0.040205 0.042390
0 0.798200 0.934543 0.018351 0.018567
0 0.100990 0.527153 0.026821 0.025526
