0 0.426662 0.317019 0.151159 0.138476
0 0.172527 0.462236 0.100138 0.096947
0 0.075501 0.545522 0.151002 0.171394
0 0.438703 0.797091 0.083410 0.079677
0 0.094760 0.783917 0.048672 0.048182
0 0.324295 0.110253 0.071952 0.067790
0 0.578241 0.949393 0.052294 0.050792
0 0.532191 0.037088 0.061751 0.058217
0 0.283776 0.539208 0.075417 0.073831
0 0.898033 0.265928 0.056522 0.053821
0 0.722622 0.930152 0.064809 0.063254
0 0.485486 0.831978 0.117159 0.107264
0 0.515205 0.577603 0.038989 0.035363
0 0.520338 0.548729 0.031835 0.031017
0 0.550108 0.549327 0.031051 0.030098
0 0.811465 0.199507 0.068525 0.064909
0 0.482130 0.937052 0.048527 0.044264
0 0.239589 0.687705 0.038465 0.036859
0 0.475705 0.071012 0.033109 0.030835
0 0.319402 0.487904 0.059129 0.057171
0 0.478324 0.577111 0.030984 0.028740
0 0.659831 0.110307 0.090027 0.086669
0 0.600312 0.986101 0.040576 0.027412
0 0.342661 0.760506 0.048403 0.047440
0 0.703072 0.754905 0.042637 0.041409
0 0.703559 0.023245 0.087661 0.046490
0 0.373273 0.567026 0.033665 0.032624
0 0.527594 0.941601 0.038729 0.037635
0 0.294947 0.790428 0.070588 0.067898
0 0.238419 0.417012 0.058988 0.056558
0 0.679455 0.064305 0.102238 0.090739
0 0.375129 0.990040 0.076785 0.019537
0 0.090004 0.842936 0.053509 0.051913
0 0.479947 0.213452 0.025337 0.025405
0 0.514226 0.501341 0.069779 0.066291
0 0.281697 0.863608 0.041925 0.040678
0 0.323122 0.679553 0.036414 0.035514
0 0.245031 0.461491 0.045765 0.046081
0 0.228195 0.072321 0.047683 0.046816
0 0.164142 0.706207 0.051220 0.048103
0 0.551893 0.978137 0.030061 0.028336
0 0.806639 0.635246 0.025290 0.024446
0 0.285076 0.891942 0.050423 0.046305
0 0.221386 0.522148 0.046315 0.045012
0 0.730605 0.276005 0.045185 0.044594
0 0.447488 0.104899 0.066451 0.061229
0 0.304176 0.603703 0.064865 0.062712
0 0.531423 0.981538 0.021972 0.022581
0 0.468525 0.012564 0.026217 0.024039
0 0.428577 0.525290 0.043494 0.041735
0 0.542514 0.869494 0.028061 0.026487
0 0.321742 0.730934 0.024733 0.023303
0 0.152300 0.291923 0.066189 0.062896
0 0.976364 0.006075 0.026822 0.012150
0 0.544086 0.930695 0.023474 0.023652
0 0.328368 0.976381 0.047203 0.043815
0 0.308253 0.279884 0.052593 0.051443
0 0.838158 0.101357 0.034188 0.032520
0 0.172014 0.535283 0.055074 0.056957
0 0.380663 0.789124 0.026808 0.026868
0 0.012661 0.165747 0.023366 0.023524
0 0.553273 0.911175 0.024661 0.023626
