0 0.765855 0.465106 0.027305 0.027298
0 0.671407 0.591308 0.181049 0.181446
0 0.135569 0.111095 0.023012 0.023613
0 0.943566 0.821638 0.061944 0.062365
0 0.955099 0.405989 0.030711 0.030875
0 0.038071 0.427570 0.060130 0.059363
0 0.722048 0.742731 0.038741 0.038909
0 0.759723 0.832522 0.033202 0.033157
0 0.056751 0.044612 0.033932 0.033345
0 0.517878 0.271300 0.034418 0.034627
0 0.220351 0.927335 0.059525 0.060182
0 0.551722 0.327675 0.031463 0.031248
0 0.221342 0.387364 0.029392 0.028807
0 0.051013 0.766072 0.029576 0.029062
0 0.155400 0.664390 0.052820 0.053003
0 0.934761 0.703657 0.040245 0.040129
0 0.926352 0.891185 0.042358 0.042584
0 0.889218 0.882234 0.038542 0.038697
0 0.695159 0.738101 0.024038 0.023350
0 0.560338 0.490143 0.029837 0.029696
0 0.770024 0.261083 0.031807 0.031829
0 0.556502 0.516430 0.025968 0.025744
0 0.609905 0.085181 0.045371 0.044531
0 0.357715 0.585566 0.400210 0.449583
0 0.878514 0.255092 0.029319 0.029311
0 0.607575 0.746753 0.027230 0.027276
0 0.682832 0.716165 0.029418 0.029133
0 0.252316 0.177306 0.027289 0.027533
0 0.924519 0.364047 0.040791 0.040874
0 0.756746 0.283695 0.020232 0.020962
0 0.575603 0.164094 0.019518 0.019708
0 0.082659 0.544691 0.147723 0.156200
0 0.778303 0.699392 0.019886 0.020024
0 0.871285 0.709720 0.021916 0.022219
0 0.095960 0.929571 0.021779 0.022167
0 0.517789 0.470623 0.022129 0.022200
0 0.921668 0.932621 0.018929 0.019691
0 0.541551 0.455110 0.033109 0.032911
0 0.832033 0.989368 0.036229 0.021265
0 0.100175 0.834225 0.036157 0.036481
0 0.016399 0.242492 0.020440 0.020177
0 0.987874 0.641662 0.024253 0.064190
0 0.588157 0.788430 0.018737 0.018444
0 0.499899 0.993390 0.025552 0.012920
0 0.735884 0.151383 0.114772 0.114867
0 0.324953 0.122278 0.019280 0.019439
0 0.376171 0.017575 0.143574 0.034392
0 0.580859 0.952060 0.142838 0.095879
0 0.970197 0.010592 0.018621 0.019993
0 0.520287 0.359773 0.173259 0.176534
0 0.944275 0.752098 0.026054 0.025847
0 0.520551 0.873114 0.023842 0.023730
0 0.883662 0.445975 0.093010 0.091622
0 0.830318 0.555530 0.022676 0.023368
0 0.546614 0.852124 0.019551 0.019699
0 0.799887 0.672800 0.020885 0.020805
0 0.115595 0.821680 0.231190 0.354999
0 0.130584 0.476472 0.021889 0.022157
0 0.600047 0.810190 0.030901 0.030484
0 0.844657 0.391691 0.029922 0.029990
0 0.975646 0.093594 0.035074 0.034936
0 0.785096 0.527316 0.018979 0.019415
0 0.015311 0.115843 0.030556 0.061882
0 0.848377 0.928185 0.093746 0.095207
0 0.461390 0.911802 0.043677 0.043154
0 0.942923 0.634743 0.018839 0.019161
0 0.743275 0.271294 0.021222 0.020768
0 0.581327 0.273561 0.022673 0.022370
