0 0.143817 0.490400 0.096926 0.093558
0 0.561915 0.143176 0.225352 0.199807
0 0.846493 0.190411 0.075184 0.072955
0 0.493016 0.477971 0.057901 0.056980
0 0.168983 0.705276 0.035568 0.035606
0 0.602380 0.286348 0.096785 0.091578
0 0.428564 0.406106 0.058078 0.055221
0 0.113591 0.678447 0.040195 0.039115
0 0.737088 0.170916 0.170801 0.164003
0 0.513526 0.362472 0.120331 0.108923
0 0.389338 0.157502 0.040031 0.038734
0 0.750791 0.047965 0.225502 0.095607
0 0.202245 0.272299 0.163100 0.159718
0 0.383420 0.806441 0.053824 0.050016
0 0.944175 0.741593 0.032949 0.031969
0 0.530870 0.778024 0.035060 0.033661
0 0.459602 0.212585 0.043519 0.041910
0 0.667224 0.427093 0.033399 0.032903
0 0.570628 0.157261 0.034873 0.033527
0 0.382476 0.616634 0.035042 0.034295
0 0.153187 0.135284 0.033492 0.033647
0 0.877965 0.466889 0.218907 0.205214
0 0.585380 0.685862 0.027283 0.026861
0 0.190954 0.592236 0.040261 0.040738
0 0.418802 0.510559 0.033020 0.031498
0 0.672540 0.669986 0.027013 0.026682
0 0.745386 0.652406 0.029944 0.028020
0 0.176544 0.358066 0.095485 0.093349
0 0.803270 0.901096 0.029636 0.027816
0 0.887206 0.559413 0.029105 0.027946
0 0.179756 0.924611 0.191618 0.149908
0 0.160565 0.580949 0.027406 0.027278
0 0.723560 0.690837 0.023831 0.023776
0 0.478634 0.788423 0.032822 0.032324
0 0.930949 0.842006 0.024138 0.023798
0 0.293811 0.331579 0.032001 0.031324
0 0.729060 0.541866 0.050177 0.048374
0 0.256506 0.037384 0.035107 0.034853
0 0.254136 0.462560 0.043015 0.041161
0 0.069718 0.544269 0.022548 0.022711
0 0.260730 0.837271 0.066574 0.064829
0 0.426533 0.756124 0.027119 0.026444
0 0.508042 0.971102 0.237610 0.057796
0 0.881616 0.654689 0.126812 0.120526
0 0.723768 0.287043 0.028945 0.027936
0 0.391377 0.383273 0.027125 0.026155
0 0.259844 0.498092 0.044026 0.042637
0 0.091150 0.427060 0.139650 0.143081
0 0.480331 0.757473 0.028411 0.027278
0 0.364290 0.064211 0.111444 0.105737
0 0.764606 0.731903 0.025283 0.024630
0 0.060198 0.267788 0.119850 0.133423
0 0.909975 0.663939 0.059439 0.054290
0 0.534882 0.710798 0.024097 0.023835
0 0.888701 0.088914 0.162883 0.150333
0 0.582809 0.438823 0.024428 0.023918
0 0.328795 0.670399 0.042663 0.041939
0 0.551051 0.450759 0.025959 0.025731
0 0.281742 0.776898 0.026441 0.026086
0 0.266976 0.614502 0.034292 0.033887
0 0.510060 0.276052 0.108372 0.102805
0 0.367819 0.335819 0.027881 0.026915
0 0.610724 0.024622 0.071514 0.049243
0 0.678292 0.397174 0.025638 0.025393
0 0.969563 0.953381 0.060811 0.093170
0 0.101476 0.733850 0.025572 0.025243
0 0.970509 0.243003 0.057977 0.127823
0 0.291464 0.985148 0.025403 0.024879
0 0.669356 0.862914 0.196473 0.189253
0 0.420849 0.233531 0.037930 0.037375
0 0.705329 0.328566 0.023454 0.023756
0 0.778015 0.691963 0.024616 0.024791
0 0.398714 0.753462 0.031690 0.030376
0 0.881491 0.235618 0.021293 0.020926
0 0.446715 0.738148 0.024514 0.024026
