0 0.262451 0.083862 0.025525 0.025809
0 0.223678 0.099622 0.025707 0.025775
0 0.175792 0.463068 0.023888 0.023774
0 0.159875 0.695171 0.021646 0.021368
0 0.397625 0.784000 0.047195 0.047916
0 0.106821 0.238835 0.033516 0.033526
0 0.371073 0.152166 0.030225 0.030718
0 0.103467 0.086286 0.115051 0.114503
0 0.136103 0.300685 0.037595 0.038127
0 0.367147 0.595995 0.056533 0.056889
0 0.352465 0.514380 0.077563 0.077530
0 0.551922 0.102570 0.034514 0.034363
0 0.882928 0.046431 0.021665 0.021511
0 0.035643 0.568562 0.025540 0.025807
0 0.913261 0.187529 0.028933 0.028920
0 0.785609 0.561256 0.022811 0.022645
0 0.343140 0.935828 0.036233 0.035954
0 0.089641 0.016690 0.046924 0.033381
0 0.379370 0.340969 0.023885 0.023868
0 0.493551 0.093681 0.022584 0.022698
0 0.372718 0.036800 0.047932 0.047529
0 0.704711 0.137537 0.023823 0.023812
0 0.489333 0.451516 0.048482 0.048999
0 0.243669 0.433086 0.044496 0.044336
0 0.505171 0.950006 0.023072 0.022846
0 0.209795 0.345041 0.040893 0.041245
0 0.860646 0.398402 0.079311 0.080111
0 0.827943 0.897447 0.057325 0.057535
0 0.537261 0.314049 0.045955 0.046063
0 0.262993 0.323940 0.045819 0.046049
0 0.475056 0.011215 0.028956 0.022430
0 0.224963 0.016474 0.032325 0.032027
0 0.105508 0.464611 0.025775 0.025443
0 0.034734 0.208407 0.025133 0.025184
0 0.551032 0.150121 0.035322 0.036477
0 0.858437 0.530208 0.022443 0.022254
0 0.146141 0.018407 0.043892 0.036814
0 0.090888 0.747908 0.036308 0.036439
0 0.944963 0.576860 0.081579 0.080794
0 0.040099 0.234698 0.035310 0.034807
0 0.310065 0.956275 0.023105 0.023049
0 0.021890 0.164005 0.043695 0.055206
0 0.851796 0.938411 0.033475 0.033879
0 0.239354 0.519110 0.060595 0.061474
0 0.477809 0.399852 0.023453 0.023499
0 0.451182 0.756240 0.046086 0.046182
0 0.125512 0.531479 0.040474 0.041940
0 0.262620 0.475198 0.030900 0.031379
0 0.293673 0.422958 0.046885 0.047220
0 0.457379 0.034836 0.035515 0.035193
0 0.087028 0.153135 0.023957 0.024126
0 0.740352 0.422496 0.031233 0.031466
0 0.643932 0.019992 0.072727 0.039985
0 0.485472 0.655928 0.038882 0.038531
0 0.756652 0.634080 0.377997 0.411135
0 0.635304 0.266480 0.029264 0.029395
0 0.483491 0.211646 0.028532 0.028993
0 0.591102 0.905525 0.291207 0.188950
0 0.422156 0.422062 0.049629 0.049159
0 0.380514 0.414750 0.081714 0.083244
0 0.352341 0.662861 0.048923 0.050310
0 0.404369 0.942464 0.039559 0.039327
0 0.614239 0.387687 0.045341 0.045288
0 0.286263 0.738836 0.035321 0.035001
0 0.433539 0.657979 0.053032 0.053672
0 0.941110 0.231995 0.019924 0.020239
0 0.686539 0.401736 0.020446 0.020000
0 0.061038 0.470434 0.025030 0.026133
0 0.074362 0.493314 0.048392 0.049068
0 0.059739 0.813192 0.115187 0.123283
0 0.217170 0.196551 0.084439 0.084603
0 0.261673 0.119852 0.019965 0.020424
0 0.878702 0.126199 0.020173 0.019997
0 0.072122 0.172048 0.024555 0.024932
0 0.657007 0.187903 0.026427 0.025878
0 0.824663 0.080174 0.020207 0.020047
0 0.110786 0.199144 0.021227 0.021093
0 0.015885 0.553472 0.018581 0.018229
0 0.396196 0.484206 0.027750 0.027662
0 0.784657 0.228786 0.019591 0.019139
0 0.406125 0.289707 0.076176 0.075600
0 0.549478 0.511563 0.073392 0.071635
0 0.344445 0.564988 0.032967 0.032489
0 0.655717 0.405677 0.127503 0.130593
0 0.447456 0.688417 0.097132 0.092903
0 0.147611 0.672224 0.295223 0.349708
0 0.307926 0.044485 0.095073 0.086742
0 0.978417 0.050637 0.025874 0.026606
0 0.103317 0.886828 0.205661 0.223838
0 0.324437 0.339428 0.023784 0.024465
0 0.475243 0.512430 0.070009 0.069813
0 0.904933 0.115265 0.025143 0.024107
0 0.047449 0.889463 0.094603 0.137706
0 0.532780 0.170614 0.026620 0.026707
0 0.410115 0.628909 0.035874 0.035476
0 0.611172 0.231871 0.117716 0.114378
0 0.312785 0.377290 0.076162 0.072982
0 0.635639 0.300583 0.018272 0.018176
0 0.069031 0.376968 0.032022 0.031576
0 0.987445 0.354438 0.025109 0.060297
0 0.772558 0.501683 0.018867 0.018414
0 0.276128 0.509225 0.017415 0.017355
0 0.917288 0.840271 0.163724 0.194753
0 0.212825 0.221185 0.058184 0.053118
