0 0.180918 0.165437 0.083833 0.060823
0 0.928601 0.155681 0.142798 0.119198
0 0.106671 0.372878 0.059860 0.041117
0 0.313279 0.198452 0.191637 0.142547
0 0.233175 0.120968 0.054940 0.041636
0 0.602300 0.071210 0.046007 0.032379
0 0.056338 0.240749 0.112345 0.113681
0 0.704699 0.491279 0.243960 0.170139
0 0.645411 0.220135 0.272156 0.188498
0 0.118026 0.896103 0.044241 0.030919
0 0.506327 0.191456 0.187296 0.147040
0 0.559593 0.411726 0.132359 0.096485
0 0.874286 0.398063 0.036377 0.029067
0 0.567019 0.034733 0.053190 0.038713
0 0.910270 0.715888 0.098188 0.082650
0 0.425587 0.142733 0.110758 0.080831
0 0.042198 0.151460 0.056833 0.043206
0 0.090082 0.470835 0.162015 0.124575
0 0.260483 0.511785 0.182382 0.124932
0 0.780337 0.007275 0.045725 0.014551
0 0.790090 0.692867 0.039837 0.029001
0 0.240842 0.766946 0.157218 0.123418
0 0.398928 0.889491 0.140631 0.110395
0 0.196429 0.665681 0.110843 0.082762
0 0.964650 0.837776 0.069833 0.110978
