0 0.274843 0.754049 0.029091 0.028925
0 0.584696 0.249785 0.115817 0.111771
0 0.078300 0.742444 0.154721 0.155712
0 0.467796 0.162800 0.073832 0.071574
0 0.376017 0.616890 0.032647 0.032712
0 0.799120 0.391029 0.042417 0.042258
0 0.088143 0.881625 0.058760 0.058559
0 0.196273 0.673948 0.036412 0.036442
0 0.954631 0.260489 0.088642 0.092056
0 0.506039 0.233273 0.051536 0.051321
0 0.763657 0.770079 0.049947 0.049769
0 0.376740 0.284476 0.038694 0.038193
0 0.891333 0.314319 0.046954 0.046291
0 0.041790 0.137959 0.083322 0.123065
0 0.324012 0.016878 0.044785 0.033755
0 0.649229 0.084003 0.031274 0.031415
0 0.102948 0.342734 0.204646 0.290803
0 0.410976 0.705550 0.026296 0.025977
0 0.148567 0.214950 0.028468 0.027963
0 0.974830 0.870514 0.023709 0.024227
0 0.313762 0.837820 0.023092 0.022982
0 0.814492 0.523924 0.031488 0.030762
0 0.962348 0.508529 0.041510 0.040700
0 0.717962 0.731849 0.022387 0.021920
0 0.981265 0.383339 0.037470 0.052084
0 0.854988 0.570617 0.022023 0.021993
0 0.455051 0.685462 0.027008 0.027373
0 0.724579 0.042011 0.039968 0.040561
0 0.825449 0.086396 0.021520 0.021327
0 0.669932 0.785315 0.025970 0.026452
0 0.062545 0.823666 0.022682 0.022768
0 0.766329 0.287602 0.052992 0.051188
0 0.728460 0.856332 0.043954 0.044232
0 0.620906 0.126339 0.067032 0.063562
0 0.473386 0.880214 0.354384 0.239572
0 0.357295 0.636325 0.021075 0.020799
0 0.012332 0.762093 0.020583 0.021039
0 0.761261 0.386108 0.026951 0.026822
0 0.853047 0.117576 0.292540 0.235152
0 0.625324 0.005514 0.027892 0.010660
0 0.276332 0.898883 0.024412 0.023843
0 0.107824 0.984870 0.047333 0.030260
0 0.935657 0.580296 0.023758 0.023641
0 0.979327 0.926490 0.041148 0.069920
0 0.659543 0.057378 0.020582 0.020105
0 0.852431 0.322260 0.026419 0.026643
0 0.260122 0.259882 0.129386 0.130610
0 0.356758 0.978764 0.077386 0.042472
0 0.096134 0.687974 0.046927 0.047077
0 0.593068 0.077102 0.038347 0.038471
0 0.285867 0.864745 0.073442 0.070605
0 0.200517 0.571356 0.019667 0.019459
0 0.700940 0.183610 0.020359 0.020424
0 0.443225 0.289044 0.022425 0.022557
0 0.805427 0.258462 0.030575 0.030067
0 0.929941 0.339268 0.037042 0.036758
0 0.116221 0.495870 0.020431 0.020608
0 0.360052 0.761745 0.036888 0.035968
0 0.281572 0.653025 0.018794 0.019282
0 0.547784 0.571731 0.026529 0.026110
0 0.572055 0.755303 0.080706 0.077619
0 0.386146 0.454685 0.018530 0.018841
0 0.808911 0.910171 0.287328 0.179365
0 0.547508 0.598579 0.020697 0.020880
0 0.961454 0.339674 0.021181 0.021719
0 0.513006 0.610970 0.019946 0.020213
