0 0.595874 0.578528 0.282422 0.231731
0 0.070983 0.210225 0.054898 0.046775
0 0.736007 0.292521 0.047281 0.045225
0 0.205245 0.407512 0.040455 0.035695
0 0.417781 0.210817 0.044096 0.039148
0 0.706636 0.381071 0.039259 0.035837
0 0.598237 0.411267 0.025235 0.024325
0 0.691847 0.335163 0.026491 0.025190
0 0.576733 0.934464 0.052885 0.045815
0 0.727787 0.448583 0.026751 0.025400
0 0.787814 0.610633 0.165748 0.150929
0 0.128943 0.792499 0.035879 0.031827
0 0.929994 0.124767 0.030928 0.029512
0 0.751668 0.398321 0.030586 0.028221
0 0.752233 0.377184 0.036167 0.033821
0 0.593235 0.802526 0.166401 0.137642
0 0.884091 0.310028 0.026818 0.025260
0 0.907395 0.498627 0.184822 0.242403
0 0.839152 0.202904 0.023038 0.022192
0 0.020155 0.407417 0.030767 0.028802
0 0.788406 0.828849 0.037214 0.033728
0 0.194819 0.336081 0.034671 0.031761
0 0.156418 0.358657 0.030026 0.027166
0 0.379384 0.860862 0.122667 0.100431
0 0.914945 0.639663 0.088258 0.077778
0 0.778501 0.226221 0.023075 0.021918
0 0.649643 0.209770 0.146246 0.125815
0 0.453676 0.125239 0.022572 0.022611
0 0.204334 0.054036 0.028344 0.025102
0 0.517421 0.075345 0.029673 0.028502
0 0.852134 0.993692 0.033454 0.012603
0 0.949660 0.355503 0.022480 0.022850
0 0.647518 0.945242 0.030468 0.026617
0 0.878830 0.710588 0.032637 0.030851
0 0.387550 0.583216 0.137417 0.103270
