0 0.745377 0.790967 0.102796 0.101923
0 0.429668 0.592133 0.096608 0.095885
0 0.633882 0.709076 0.074549 0.073587
0 0.084613 0.802379 0.027260 0.027539
0 0.675591 0.861872 0.049344 0.048885
0 0.139169 0.875326 0.025857 0.025670
0 0.401132 0.228516 0.042957 0.042826
0 0.790513 0.642057 0.026502 0.026613
0 0.766843 0.558025 0.056765 0.056001
0 0.402396 0.036482 0.110507 0.072614
0 0.068702 0.538700 0.060780 0.061092
0 0.256612 0.917482 0.074054 0.073356
0 0.649673 0.184347 0.038349 0.038438
0 0.758382 0.015165 0.032749 0.030307
0 0.920718 0.517903 0.037645 0.037186
0 0.293599 0.571335 0.025065 0.024831
0 0.836708 0.468183 0.033445 0.033081
0 0.477066 0.224612 0.037773 0.037500
0 0.169947 0.738922 0.096281 0.096519
0 0.710247 0.720572 0.025547 0.025514
0 0.517321 0.195614 0.048990 0.048363
0 0.318490 0.514371 0.029450 0.029430
0 0.103313 0.655429 0.094885 0.092697
0 0.294926 0.480175 0.030405 0.030607
0 0.228432 0.304320 0.023304 0.023380
0 0.427924 0.990252 0.033651 0.018973
0 0.968197 0.342139 0.028917 0.028884
0 0.331232 0.619058 0.034706 0.034552
0 0.771481 0.506547 0.035005 0.035544
0 0.307237 0.037749 0.027168 0.027569
0 0.059181 0.751011 0.026708 0.026860
0 0.312256 0.809457 0.021016 0.020922
0 0.156818 0.116295 0.022641 0.022322
0 0.220660 0.796417 0.071102 0.070923
0 0.664101 0.015645 0.063894 0.031289
0 0.987593 0.377098 0.024491 0.062552
0 0.852079 0.972954 0.094902 0.053746
0 0.045160 0.604554 0.022564 0.022293
0 0.577833 0.543482 0.027467 0.027217
0 0.016477 0.610037 0.032842 0.039419
0 0.517732 0.161776 0.038316 0.038532
0 0.667136 0.966025 0.022823 0.022966
0 0.624855 0.746449 0.026758 0.026568
0 0.879877 0.754614 0.027192 0.027114
0 0.862342 0.782146 0.029365 0.028638
0 0.705957 0.644936 0.020878 0.020813
0 0.475071 0.781306 0.069506 0.068469
0 0.888384 0.315618 0.041911 0.042003
0 0.891007 0.344429 0.024234 0.024100
0 0.409240 0.797360 0.030218 0.028976
0 0.583749 0.759832 0.032568 0.031504
0 0.181883 0.980633 0.029312 0.029237
0 0.521006 0.630658 0.021380 0.021121
0 0.974490 0.239636 0.050285 0.055009
0 0.847977 0.764012 0.025799 0.025691
0 0.809404 0.212289 0.021976 0.021917
0 0.685016 0.505996 0.042966 0.043526
0 0.992171 0.853545 0.015659 0.024255
0 0.794036 0.320980 0.025081 0.024644
0 0.282636 0.981023 0.032158 0.032718
0 0.261579 0.680552 0.036592 0.035840
0 0.491150 0.339417 0.031902 0.032232
0 0.392567 0.371834 0.072263 0.071415
0 0.042013 0.647581 0.021772 0.021417
0 0.601968 0.316327 0.020818 0.020722
0 0.046766 0.310149 0.032470 0.032781
0 0.124746 0.971013 0.032604 0.033561
0 0.435761 0.491811 0.021571 0.021782
0 0.077558 0.712870 0.019964 0.020323
0 0.338214 0.185749 0.027123 0.026980
0 0.368620 0.792335 0.045214 0.045626
0 0.018303 0.403974 0.034261 0.032641
0 0.597157 0.624364 0.018894 0.019005
0 0.005995 0.744662 0.011989 0.021034
0 0.009931 0.985055 0.019721 0.029890
0 0.548424 0.838601 0.047813 0.048043
0 0.794694 0.251077 0.020542 0.020457
0 0.225594 0.952045 0.022685 0.022486
0 0.231659 0.762757 0.030731 0.029501
