0 0.717164 0.877720 0.029697 0.029968
0 0.600346 0.380549 0.026668 0.026354
0 0.792947 0.220390 0.026331 0.026291
0 0.101924 0.330054 0.025421 0.025006
0 0.266026 0.126633 0.040209 0.039697
0 0.419819 0.090030 0.059287 0.059128
0 0.474699 0.969126 0.030184 0.030136
0 0.858703 0.202427 0.026257 0.026285
0 0.483375 0.243296 0.037868 0.038321
0 0.617450 0.732210 0.224277 0.217042
0 0.271910 0.304521 0.037261 0.037313
0 0.310312 0.221721 0.022145 0.022073
0 0.560034 0.159785 0.060365 0.061043
0 0.622618 0.517048 0.023891 0.023643
0 0.435268 0.366869 0.054433 0.055150
0 0.564037 0.367831 0.027243 0.027266
0 0.129537 0.282254 0.077508 0.076826
0 0.282038 0.058298 0.057381 0.058340
0 0.911347 0.702756 0.031106 0.030838
0 0.358359 0.705446 0.026809 0.027230
0 0.831065 0.458049 0.037504 0.037509
0 0.378232 0.524287 0.026155 0.026205
0 0.848608 0.635225 0.023536 0.023567
0 0.723093 0.932488 0.025040 0.024993
0 0.616608 0.445771 0.045519 0.045973
0 0.837020 0.171621 0.036741 0.035818
0 0.723944 0.286526 0.028517 0.028326
0 0.870948 0.310308 0.025490 0.024549
0 0.890055 0.496498 0.048831 0.049273
0 0.337415 0.447172 0.022911 0.022683
0 0.278766 0.674649 0.064705 0.064021
0 0.309138 0.606258 0.039591 0.039603
0 0.797798 0.124187 0.022080 0.022294
0 0.718957 0.399584 0.021785 0.022058
0 0.556532 0.433807 0.030869 0.029870
0 0.654448 0.394109 0.041683 0.041580
0 0.802397 0.392285 0.025533 0.025620
0 0.711206 0.479341 0.021473 0.021391
0 0.865766 0.031614 0.033255 0.032798
0 0.553637 0.256820 0.030971 0.031652
0 0.798826 0.191176 0.021589 0.021372
0 0.517601 0.425634 0.039111 0.039122
0 0.719582 0.200087 0.071347 0.071682
0 0.060128 0.595421 0.026065 0.025888
0 0.476940 0.164089 0.032138 0.032058
0 0.212527 0.977143 0.042312 0.041382
0 0.776556 0.398533 0.027444 0.027370
0 0.950839 0.145220 0.063111 0.063255
0 0.933431 0.554895 0.035961 0.036234
0 0.712731 0.450951 0.024607 0.024434
0 0.658875 0.596222 0.084969 0.087119
0 0.428460 0.655030 0.048281 0.048570
0 0.581701 0.604762 0.061679 0.061757
0 0.635887 0.326877 0.021953 0.021936
0 0.522353 0.616065 0.020959 0.020507
0 0.769151 0.566509 0.022286 0.022387
0 0.795827 0.532944 0.035538 0.037068
0 0.952388 0.587032 0.019828 0.020034
0 0.410818 0.245284 0.020443 0.020633
0 0.963198 0.688141 0.034299 0.034936
0 0.731637 0.237325 0.022199 0.022057
0 0.096077 0.100915 0.021431 0.022107
0 0.463939 0.597355 0.073396 0.074118
0 0.855384 0.603163 0.019508 0.019485
0 0.355044 0.319284 0.019720 0.019533
0 0.647626 0.694974 0.020349 0.019985
0 0.889481 0.597222 0.024166 0.023704
0 0.652559 0.546435 0.062289 0.063333
0 0.985390 0.696376 0.029219 0.033549
0 0.373147 0.854282 0.109114 0.107360
0 0.044379 0.316000 0.039501 0.040887
0 0.910855 0.191037 0.018896 0.018507
0 0.727995 0.047104 0.018948 0.018886
0 0.212125 0.790183 0.216044 0.218696
0 0.055783 0.570364 0.109449 0.183048
0 0.018209 0.173754 0.036360 0.064790
0 0.689278 0.265121 0.033927 0.034567
0 0.198413 0.229659 0.019062 0.018425
0 0.890831 0.082530 0.021075 0.021162
0 0.700058 0.006913 0.024014 0.013618
0 0.831513 0.941698 0.018965 0.019050
0 0.418950 0.261373 0.018813 0.018782
0 0.269342 0.731336 0.096448 0.097499
0 0.394316 0.623314 0.045693 0.046242
0 0.472168 0.182414 0.029313 0.027060
0 0.965196 0.659933 0.017658 0.017507
0 0.671933 0.293379 0.025387 0.025811
0 0.380714 0.150879 0.018709 0.018436
0 0.262489 0.826809 0.078635 0.078229
