0 0.049492 0.371930 0.031944 0.032086
0 0.235407 0.070953 0.056217 0.056006
0 0.110075 0.623953 0.032931 0.032796
0 0.229763 0.543350 0.031160 0.031216
0 0.063860 0.228260 0.028839 0.028763
0 0.124471 0.665598 0.032770 0.032609
0 0.140479 0.792744 0.029233 0.029060
0 0.697310 0.659003 0.268683 0.266107
0 0.211901 0.815657 0.030727 0.029234
0 0.239529 0.282814 0.027356 0.027336
0 0.615810 0.413782 0.037769 0.037374
0 0.354521 0.023064 0.029667 0.029300
0 0.278807 0.384658 0.042188 0.041016
0 0.014531 0.844385 0.027653 0.030016
0 0.721098 0.200839 0.038255 0.037511
0 0.651416 0.204443 0.041083 0.042431
0 0.360009 0.053298 0.029489 0.029882
0 0.385956 0.086142 0.036782 0.036269
0 0.249031 0.153458 0.023932 0.024106
0 0.643527 0.172415 0.032407 0.034117
0 0.469880 0.151054 0.151381 0.143620
