0 0.368512 0.777124 0.054156 0.053136
0 0.945730 0.172831 0.092171 0.090052
0 0.411339 0.674788 0.057494 0.057422
0 0.770628 0.644889 0.029747 0.029588
0 0.589891 0.704350 0.040717 0.039863
0 0.026521 0.071074 0.028295 0.027790
0 0.634763 0.628635 0.031872 0.032168
0 0.191006 0.989786 0.041242 0.020427
0 0.204406 0.491875 0.023379 0.023651
0 0.725105 0.848441 0.025026 0.024807
0 0.034370 0.190352 0.025407 0.025086
0 0.010241 0.187445 0.020482 0.026881
0 0.671435 0.597654 0.023670 0.023739
0 0.553046 0.244423 0.047450 0.045493
0 0.992230 0.562724 0.015540 0.023806
0 0.660735 0.622643 0.034511 0.034798
0 0.347411 0.724943 0.020907 0.021035
0 0.464589 0.574711 0.023129 0.022870
0 0.455210 0.674150 0.034023 0.033809
0 0.563291 0.321245 0.041470 0.041887
0 0.591091 0.597456 0.021994 0.021803
0 0.124088 0.125259 0.025385 0.025589
0 0.635244 0.490146 0.025991 0.025735
0 0.598747 0.755085 0.024689 0.024144
0 0.585426 0.669213 0.022367 0.022573
0 0.755046 0.067239 0.391957 0.134478
0 0.430996 0.701447 0.021676 0.020707
0 0.112041 0.490117 0.023608 0.023826
0 0.775116 0.901532 0.021576 0.021444
0 0.088480 0.976845 0.042256 0.041077
