0 0.031557 0.560203 0.025678 0.025232
0 0.079064 0.208034 0.029103 0.028873
0 0.348082 0.378106 0.027053 0.027303
0 0.220206 0.950157 0.041850 0.041275
0 0.162335 0.119557 0.024845 0.024784
0 0.574177 0.032645 0.045692 0.045169
0 0.390182 0.218530 0.027536 0.027364
0 0.100661 0.704034 0.026161 0.025499
0 0.442383 0.047776 0.026959 0.026747
0 0.431956 0.374193 0.026098 0.025878
0 0.083113 0.513386 0.029063 0.028889
0 0.890805 0.622537 0.024167 0.023847
0 0.776155 0.536272 0.025406 0.025067
0 0.307183 0.303943 0.020447 0.021163
0 0.621809 0.039753 0.029247 0.029580
0 0.829800 0.600223 0.022857 0.022581
0 0.468901 0.844377 0.021561 0.021869
0 0.381840 0.811277 0.023433 0.023384
0 0.637782 0.459943 0.025751 0.025005
0 0.051462 0.964449 0.028055 0.028441
0 0.100160 0.535463 0.023496 0.023544
0 0.619898 0.774218 0.023278 0.023130
0 0.046965 0.896160 0.024337 0.024394
0 0.651331 0.337229 0.022112 0.021993
0 0.016823 0.520472 0.018324 0.018663
0 0.433848 0.231892 0.019786 0.020000
0 0.946652 0.345506 0.052185 0.050136
0 0.176362 0.982067 0.035454 0.034871
