0 0.103116 0.418563 0.025773 0.025841
0 0.679175 0.799034 0.026293 0.026082
0 0.396206 0.175979 0.177772 0.178021
0 0.341981 0.872596 0.031991 0.032448
0 0.163113 0.917831 0.022605 0.022908
0 0.069258 0.383163 0.036112 0.036418
0 0.448670 0.910653 0.043661 0.043090
0 0.431444 0.442731 0.060740 0.060803
0 0.559712 0.335324 0.021514 0.021603
0 0.301347 0.562738 0.035380 0.035226
0 0.622212 0.389840 0.023730 0.023493
0 0.742234 0.365388 0.050929 0.051035
0 0.216802 0.617718 0.033546 0.033841
0 0.495824 0.183268 0.025306 0.025075
0 0.577338 0.477629 0.033357 0.033550
0 0.700144 0.486077 0.030016 0.029988
0 0.466108 0.662206 0.038372 0.038348
0 0.683465 0.549922 0.073927 0.073440
0 0.025748 0.112505 0.051200 0.073108
0 0.043117 0.816836 0.021647 0.021579
0 0.638883 0.765800 0.028887 0.028921
0 0.736402 0.885188 0.029091 0.029028
0 0.500624 0.681962 0.051047 0.050734
0 0.583022 0.736036 0.023474 0.023297
0 0.901319 0.642468 0.034691 0.034097
0 0.661500 0.176810 0.038825 0.038662
0 0.039599 0.641603 0.054035 0.053879
0 0.526296 0.027127 0.023131 0.023432
0 0.262439 0.085519 0.062554 0.062239
0 0.116602 0.108452 0.033474 0.033403
0 0.610046 0.627614 0.021437 0.021384
0 0.561428 0.375937 0.023491 0.023472
0 0.704313 0.708742 0.030473 0.029633
0 0.917497 0.543320 0.047776 0.048182
0 0.413268 0.885829 0.033160 0.033809
0 0.555957 0.852138 0.051867 0.052453
0 0.575684 0.173361 0.021546 0.021376
0 0.768363 0.892458 0.035728 0.035992
0 0.476711 0.043310 0.023418 0.023333
0 0.198136 0.365314 0.025063 0.026033
0 0.030942 0.709956 0.042519 0.041592
0 0.549214 0.122957 0.045277 0.045930
0 0.766395 0.526933 0.038649 0.038984
0 0.485684 0.498469 0.024389 0.024161
0 0.972996 0.370313 0.029886 0.030103
0 0.874203 0.760250 0.029584 0.029315
0 0.199082 0.470590 0.021733 0.022087
0 0.195846 0.831949 0.035018 0.034799
0 0.179826 0.932556 0.021321 0.020738
0 0.094479 0.503486 0.047926 0.047346
0 0.300085 0.977644 0.039192 0.039205
0 0.169400 0.490449 0.022473 0.023065
0 0.121210 0.044476 0.143928 0.088902
0 0.827172 0.592089 0.065064 0.064418
0 0.534316 0.379956 0.024047 0.023836
0 0.867460 0.567816 0.023170 0.023241
0 0.212873 0.336988 0.020668 0.020359
0 0.762396 0.800147 0.022381 0.022723
0 0.495919 0.447565 0.021802 0.021785
0 0.370604 0.410607 0.021325 0.021319
0 0.040509 0.875482 0.026118 0.025830
0 0.034933 0.894365 0.023921 0.023496
0 0.144347 0.529487 0.039700 0.039314
0 0.852795 0.982200 0.053930 0.035428
0 0.676470 0.683494 0.035821 0.035348
0 0.696674 0.595053 0.025305 0.025204
0 0.508801 0.647528 0.038526 0.040668
0 0.367939 0.504223 0.023326 0.024133
0 0.848122 0.233008 0.019397 0.019282
0 0.384954 0.094613 0.025250 0.025435
0 0.390301 0.959065 0.038512 0.038719
0 0.325495 0.620248 0.025040 0.025242
0 0.656758 0.745629 0.019976 0.020720
0 0.669545 0.710707 0.032714 0.033048
0 0.820942 0.644208 0.025425 0.025334
0 0.764856 0.741173 0.132780 0.134195
0 0.199926 0.920222 0.024380 0.025222
0 0.012026 0.775338 0.023780 0.030040
0 0.539065 0.751179 0.026861 0.027444
0 0.244813 0.552178 0.019674 0.019397
0 0.833503 0.339788 0.048115 0.048435
0 0.108288 0.713960 0.035667 0.035461
0 0.649551 0.086901 0.211159 0.171884
0 0.302370 0.948492 0.020661 0.021109
0 0.933010 0.929647 0.133773 0.138661
0 0.855717 0.055271 0.035727 0.035370
0 0.987401 0.045701 0.024263 0.026394
0 0.712356 0.652775 0.027111 0.026830
0 0.515139 0.009135 0.042446 0.017889
0 0.951470 0.735943 0.020724 0.021430
0 0.066730 0.993389 0.020947 0.012704
0 0.261419 0.672335 0.033569 0.034170
0 0.287251 0.898284 0.021596 0.021463
0 0.369262 0.978342 0.020831 0.020932
0 0.415984 0.761501 0.018773 0.018980
0 0.935072 0.453062 0.078877 0.078734
0 0.703975 0.011547 0.036153 0.023094
0 0.133744 0.281983 0.018609 0.018931
0 0.962455 0.238409 0.018447 0.018396
0 0.329011 0.989568 0.030775 0.020478
0 0.724344 0.747431 0.017813 0.017403
0 0.528188 0.271224 0.087310 0.086035
0 0.481251 0.968539 0.021988 0.021804
0 0.063104 0.229399 0.019236 0.017898
0 0.944189 0.575459 0.022249 0.022420
0 0.669003 0.416929 0.023663 0.023534
0 0.255069 0.375213 0.026530 0.025830
0 0.982605 0.124476 0.034391 0.077925
0 0.529370 0.435453 0.016631 0.016746
0 0.138533 0.869904 0.018150 0.018176
0 0.870212 0.820392 0.060328 0.060275
0 0.009607 0.208910 0.018967 0.040354
0 0.654582 0.011373 0.049143 0.022746
0 0.098773 0.030824 0.022528 0.024563
0 0.470447 0.529404 0.018475 0.018385
0 0.673442 0.736771 0.019588 0.020247
0 0.015315 0.879696 0.018391 0.018116
0 0.174751 0.326817 0.205267 0.207934
0 0.431308 0.546972 0.017817 0.017878
0 0.893757 0.041086 0.042905 0.044301
0 0.936315 0.831426 0.023169 0.023403
0 0.372428 0.595535 0.078343 0.078766
0 0.602223 0.948022 0.038191 0.036833
0 0.077368 0.472548 0.020452 0.021227
0 0.349067 0.056187 0.018755 0.018668
0 0.056195 0.589850 0.035989 0.036120
0 0.712926 0.796462 0.017624 0.017147
0 0.768534 0.938031 0.030976 0.031060
0 0.441301 0.015729 0.017048 0.016994
0 0.599375 0.019546 0.046197 0.038462
0 0.257145 0.581069 0.017106 0.017144
0 0.042266 0.175294 0.017936 0.017425
0 0.556494 0.772288 0.023864 0.024277
0 0.304196 0.180497 0.044789 0.046887
0 0.990734 0.842612 0.018291 0.067921
0 0.925190 0.737084 0.029106 0.030067
0 0.492414 0.213088 0.020237 0.019359
0 0.990194 0.565535 0.019537 0.022755
0 0.607976 0.340651 0.016448 0.016826
0 0.386037 0.993284 0.030059 0.012936
0 0.770266 0.413760 0.065536 0.063909
0 0.475291 0.288711 0.022528 0.021364
0 0.850311 0.405985 0.067233 0.065886
0 0.416614 0.981940 0.026654 0.026923
0 0.510010 0.546176 0.026475 0.026451
0 0.289334 0.377385 0.026190 0.025947
0 0.167146 0.954626 0.018532 0.018240
