0 0.050472 0.688375 0.072656 0.055585
0 0.496422 0.533628 0.052753 0.046343
0 0.122789 0.675348 0.073842 0.056515
0 0.372665 0.486952 0.045349 0.034261
0 0.132809 0.467237 0.035247 0.028346
0 0.818662 0.333348 0.040114 0.029544
0 0.764701 0.091152 0.039554 0.030176
0 0.305517 0.013590 0.034833 0.027171
0 0.434203 0.615070 0.041233 0.032028
0 0.521805 0.345332 0.071250 0.058218
0 0.733279 0.646653 0.034621 0.027069
0 0.573677 0.494709 0.031232 0.026201
0 0.575393 0.010652 0.035188 0.020880
0 0.527101 0.010090 0.044103 0.020180
