0 0.701675 0.443603 0.022831 0.023113
0 0.607804 0.212897 0.255209 0.250488
0 0.908975 0.022007 0.026998 0.026845
0 0.533394 0.946865 0.029529 0.029915
0 0.913146 0.570019 0.032457 0.032625
0 0.963979 0.797938 0.019897 0.019751
0 0.837760 0.219217 0.144451 0.147242
0 0.477499 0.956467 0.020863 0.021068
0 0.520280 0.490666 0.023072 0.023861
0 0.911488 0.274162 0.032942 0.033135
0 0.965410 0.745634 0.031452 0.031401
0 0.702963 0.893790 0.022851 0.022757
0 0.886482 0.632674 0.025311 0.025688
0 0.541882 0.609606 0.019892 0.020191
0 0.498301 0.729374 0.038701 0.038641
0 0.645995 0.533319 0.034062 0.033589
0 0.125257 0.414235 0.022201 0.022100
0 0.050887 0.589309 0.021955 0.022275
0 0.179976 0.713728 0.020839 0.021194
0 0.738997 0.012758 0.027808 0.025516
0 0.280096 0.951685 0.026358 0.026757
0 0.832450 0.374977 0.023565 0.023143
0 0.088345 0.459563 0.027836 0.028278
0 0.869229 0.324118 0.029600 0.030110
0 0.818781 0.339620 0.028059 0.027346
0 0.188612 0.895423 0.027123 0.027072
0 0.261397 0.803815 0.273063 0.279238
0 0.751749 0.708910 0.102805 0.105816
0 0.292381 0.540367 0.020223 0.020042
0 0.908539 0.478698 0.040691 0.040412
0 0.631080 0.093652 0.039482 0.039833
0 0.303074 0.335657 0.139490 0.137391
0 0.539322 0.382415 0.041370 0.041126
0 0.792990 0.328573 0.034959 0.034914
0 0.924522 0.121687 0.025886 0.025814
0 0.407779 0.141749 0.073014 0.072590
0 0.951833 0.131761 0.025677 0.025539
0 0.860376 0.344444 0.028879 0.028757
0 0.753005 0.761229 0.022678 0.022390
0 0.641308 0.248962 0.035049 0.035676
0 0.807088 0.123515 0.027960 0.027672
0 0.517769 0.346898 0.028646 0.029636
0 0.655208 0.596942 0.022306 0.022450
0 0.334726 0.286779 0.023563 0.023091
0 0.542078 0.985862 0.040096 0.028275
0 0.978360 0.009881 0.031943 0.019750
0 0.218303 0.847596 0.021981 0.021964
0 0.954411 0.474821 0.020158 0.020289
0 0.858958 0.403564 0.023003 0.023138
0 0.798146 0.354068 0.026501 0.025944
0 0.655515 0.726207 0.098176 0.097648
0 0.956797 0.154815 0.019693 0.019640
0 0.008580 0.719791 0.016772 0.019976
0 0.435995 0.054349 0.293466 0.108697
0 0.221028 0.869535 0.018623 0.018691
0 0.619844 0.558561 0.019651 0.019351
0 0.909226 0.320418 0.017806 0.017856
0 0.774808 0.697667 0.019655 0.019969
0 0.138439 0.464723 0.018486 0.018237
0 0.835854 0.393682 0.019645 0.019417
0 0.355448 0.258716 0.044506 0.044412
0 0.023200 0.424002 0.020232 0.020060
0 0.354195 0.390787 0.018459 0.018071
0 0.409863 0.237738 0.018769 0.018865
0 0.320005 0.330314 0.030734 0.032016
0 0.870570 0.484921 0.030490 0.030741
0 0.304054 0.962924 0.027752 0.027827
0 0.754935 0.150691 0.054701 0.056057
0 0.922704 0.900784 0.048853 0.047391
0 0.813748 0.426175 0.119191 0.124855
0 0.866974 0.835952 0.092202 0.091606
0 0.829082 0.138468 0.026275 0.025547
0 0.811603 0.751046 0.021341 0.021276
0 0.206029 0.437739 0.018831 0.018954
0 0.316338 0.240770 0.037072 0.037616
0 0.781611 0.588349 0.109203 0.109447
0 0.538128 0.811736 0.020087 0.020658
0 0.887557 0.152158 0.018449 0.017926
0 0.056960 0.394303 0.018871 0.018853
0 0.418175 0.277487 0.017561 0.017319
0 0.886459 0.425659 0.050809 0.051546
0 0.817167 0.725877 0.035000 0.034440
0 0.167417 0.677286 0.159341 0.161867
0 0.064421 0.871906 0.018361 0.018026
0 0.359243 0.405532 0.125544 0.120930
0 0.859778 0.123524 0.017295 0.017455
0 0.688128 0.630078 0.102247 0.108264
0 0.285837 0.520229 0.017121 0.017311
0 0.054362 0.441719 0.016420 0.016564
0 0.760903 0.372427 0.018017 0.018166
0 0.059707 0.375449 0.016826 0.016942
