0 0.168081 0.756029 0.212358 0.203966
0 0.347448 0.666393 0.206916 0.209602
0 0.285533 0.426261 0.137996 0.136627
0 0.465658 0.389784 0.136853 0.135800
0 0.461729 0.801079 0.159975 0.159050
0 0.600958 0.853247 0.081640 0.081293
0 0.143962 0.519533 0.052025 0.052109
0 0.466255 0.194346 0.044263 0.043505
0 0.239297 0.478717 0.047985 0.047790
0 0.607283 0.563822 0.047916 0.047216
0 0.384965 0.255345 0.044519 0.044284
0 0.040890 0.811327 0.034494 0.034507
0 0.374628 0.877975 0.083068 0.082092
0 0.592132 0.608917 0.044558 0.044657
0 0.473852 0.279854 0.063278 0.063020
0 0.912055 0.823736 0.044838 0.045240
0 0.476730 0.104135 0.041459 0.039976
0 0.199630 0.532319 0.033005 0.032914
0 0.442132 0.133052 0.036685 0.036924
0 0.864312 0.208074 0.041634 0.041483
0 0.357671 0.775811 0.034369 0.034910
0 0.101809 0.652577 0.026701 0.026548
0 0.033719 0.987266 0.025031 0.023999
0 0.469978 0.061743 0.032668 0.032598
0 0.109926 0.377090 0.038310 0.038000
0 0.468816 0.491341 0.030121 0.030290
0 0.525887 0.601166 0.046842 0.046629
0 0.821072 0.337450 0.033335 0.032840
0 0.256087 0.277104 0.033050 0.033012
0 0.428267 0.031165 0.023758 0.023735
0 0.508345 0.448305 0.037327 0.037094
0 0.710284 0.437262 0.035075 0.035282
0 0.825508 0.673936 0.036615 0.036384
0 0.929921 0.729017 0.043888 0.044481
0 0.171281 0.990406 0.053509 0.018906
0 0.060838 0.429745 0.031948 0.032757
0 0.242307 0.986777 0.027822 0.025748
0 0.100691 0.394569 0.023305 0.022141
0 0.027940 0.418270 0.038282 0.037226
0 0.638332 0.258457 0.082321 0.083137
0 0.321620 0.361529 0.039593 0.038574
0 0.882968 0.095165 0.036160 0.036446
0 0.068513 0.164861 0.021678 0.021990
0 0.151140 0.713794 0.042234 0.041715
0 0.590404 0.088785 0.025337 0.025110
0 0.515862 0.040451 0.023748 0.023582
0 0.340875 0.012140 0.025394 0.023932
0 0.768913 0.283555 0.025349 0.025836
0 0.859788 0.698751 0.062769 0.062396
0 0.876785 0.775858 0.089122 0.091179
0 0.667257 0.584351 0.026249 0.026270
0 0.461438 0.966610 0.030849 0.031092
0 0.544401 0.924300 0.135090 0.135446
0 0.883182 0.730487 0.031244 0.031676
0 0.076687 0.593071 0.027598 0.028083
0 0.128974 0.989613 0.032035 0.020775
0 0.312861 0.215338 0.028191 0.027826
0 0.455731 0.085695 0.022686 0.022747
0 0.988821 0.258874 0.022346 0.027944
0 0.673528 0.949020 0.213667 0.101068
0 0.444156 0.542781 0.024343 0.024033
0 0.658316 0.846247 0.036201 0.037386
0 0.286819 0.331101 0.028266 0.028756
0 0.022045 0.440001 0.021049 0.020629
0 0.782167 0.410633 0.028520 0.029070
0 0.654885 0.760660 0.038966 0.037212
0 0.868252 0.598832 0.123348 0.126889
0 0.006810 0.450308 0.013391 0.034240
0 0.899727 0.330365 0.025565 0.025673
0 0.270709 0.312567 0.027005 0.027372
0 0.619751 0.013111 0.047158 0.025907
0 0.755546 0.848196 0.048845 0.048507
0 0.270907 0.822116 0.022375 0.022954
0 0.502461 0.227149 0.027789 0.028176
0 0.347474 0.591504 0.023209 0.023154
0 0.556081 0.494708 0.022933 0.024232
0 0.027647 0.624126 0.055294 0.071729
0 0.560077 0.818883 0.044125 0.042998
0 0.406702 0.336882 0.025623 0.026044
0 0.146618 0.050177 0.293235 0.099527
0 0.968216 0.032665 0.024438 0.024106
0 0.836024 0.979811 0.024352 0.024516
0 0.780932 0.793063 0.036725 0.036609
0 0.764449 0.634528 0.034402 0.037330
0 0.619656 0.772318 0.107427 0.107785
0 0.874532 0.236487 0.025341 0.025285
0 0.120220 0.914701 0.020136 0.020330
0 0.885120 0.294005 0.026408 0.026152
0 0.008264 0.230314 0.016528 0.021740
0 0.229851 0.705677 0.025099 0.024959
0 0.520450 0.527187 0.033169 0.032037
0 0.564820 0.539915 0.050530 0.050354
0 0.451671 0.608902 0.037096 0.037500
0 0.700304 0.413904 0.020808 0.020833
