0 0.158972 0.386416 0.041344 0.041314
0 0.252780 0.792211 0.027399 0.027663
0 0.753458 0.733213 0.036925 0.036260
0 0.565002 0.073063 0.031724 0.031961
0 0.781681 0.307464 0.039000 0.038259
0 0.775989 0.377220 0.035339 0.035463
0 0.187437 0.405527 0.037777 0.038226
0 0.590217 0.761869 0.024339 0.024408
0 0.340374 0.687711 0.024368 0.024826
0 0.100908 0.123038 0.025431 0.025306
0 0.118628 0.864409 0.160391 0.156595
0 0.730326 0.382468 0.032678 0.033093
0 0.618029 0.466557 0.026011 0.025978
0 0.985617 0.632312 0.028392 0.044695
0 0.370467 0.175393 0.033636 0.033609
0 0.774829 0.170974 0.034359 0.034546
0 0.744764 0.653968 0.035958 0.036447
0 0.807792 0.537988 0.027590 0.027889
0 0.969179 0.663670 0.033699 0.033463
0 0.090372 0.836353 0.020386 0.020230
0 0.793687 0.209355 0.036126 0.036342
0 0.675326 0.610618 0.023001 0.022599
0 0.595687 0.163622 0.021228 0.021622
0 0.561755 0.153431 0.047650 0.048339
0 0.439286 0.153678 0.022469 0.022267
0 0.167415 0.049234 0.118423 0.098468
0 0.983281 0.811670 0.033439 0.040908
0 0.083072 0.290301 0.020737 0.020711
0 0.262328 0.571918 0.021728 0.021420
0 0.447708 0.338006 0.023359 0.023604
0 0.827742 0.503605 0.022392 0.022490
0 0.015360 0.459730 0.030720 0.048776
0 0.982968 0.577699 0.023512 0.022791
0 0.818719 0.245613 0.029922 0.029087
0 0.717936 0.123643 0.044929 0.045300
0 0.525483 0.983459 0.025936 0.025975
0 0.501893 0.518763 0.052880 0.050128
0 0.249632 0.884351 0.110291 0.109949
0 0.708896 0.576714 0.024036 0.024371
0 0.692948 0.020134 0.054253 0.040267
0 0.987420 0.598647 0.024936 0.027629
0 0.836373 0.198857 0.022241 0.022194
0 0.858371 0.861984 0.022230 0.022414
