0 0.284991 0.617316 0.112200 0.112297
0 0.404999 0.932544 0.167948 0.134307
0 0.407434 0.786792 0.065284 0.065304
0 0.332376 0.751449 0.039154 0.039737
0 0.295283 0.926060 0.044167 0.044431
0 0.699940 0.729829 0.025607 0.025833
0 0.574910 0.700856 0.158752 0.153492
0 0.322514 0.118535 0.030076 0.030067
0 0.619101 0.732253 0.025775 0.026062
0 0.823778 0.963289 0.118254 0.073421
0 0.602950 0.778156 0.025221 0.025715
0 0.117806 0.633774 0.234191 0.365203
0 0.054698 0.976715 0.054376 0.046287
0 0.983489 0.805750 0.024615 0.024184
0 0.243661 0.527442 0.025521 0.025443
0 0.721522 0.900105 0.022515 0.022277
0 0.546267 0.911714 0.094471 0.092877
0 0.952949 0.806795 0.022253 0.022580
0 0.954910 0.519591 0.090180 0.123894
0 0.681224 0.933883 0.022423 0.022493
0 0.145097 0.438598 0.027372 0.027306
0 0.491200 0.009520 0.028589 0.019032
0 0.911916 0.172877 0.132795 0.133482
0 0.277684 0.472474 0.025472 0.025683
0 0.239516 0.349642 0.029053 0.029117
0 0.545115 0.306699 0.021487 0.020909
0 0.101517 0.911659 0.079510 0.080210
0 0.865601 0.171061 0.049061 0.048498
0 0.908667 0.416945 0.026634 0.026402
0 0.140249 0.368684 0.029297 0.029438
0 0.505101 0.571419 0.029616 0.030192
0 0.216001 0.962998 0.095523 0.073477
0 0.211896 0.719817 0.094211 0.091668
0 0.175387 0.922953 0.068267 0.068284
0 0.726235 0.502680 0.059303 0.060058
0 0.932730 0.882651 0.020569 0.021019
0 0.973740 0.760157 0.051497 0.064500
0 0.043002 0.814983 0.021724 0.021800
0 0.518705 0.113844 0.021007 0.021429
0 0.494980 0.752047 0.028776 0.029669
0 0.787430 0.628135 0.029510 0.029922
0 0.760477 0.850133 0.021607 0.021759
0 0.951166 0.672463 0.020949 0.021039
0 0.433656 0.322781 0.024465 0.024958
0 0.153229 0.883951 0.062229 0.062470
0 0.912935 0.831137 0.019176 0.019148
0 0.584814 0.850306 0.021988 0.022227
0 0.008405 0.962803 0.016572 0.043210
0 0.039150 0.893017 0.040952 0.039292
0 0.547827 0.701082 0.021369 0.021316
0 0.916762 0.599597 0.019202 0.019270
0 0.056443 0.319687 0.055950 0.055897
0 0.422098 0.558832 0.025138 0.024966
0 0.147446 0.858933 0.037915 0.032959
0 0.857021 0.402120 0.020988 0.021144
0 0.320234 0.499928 0.067522 0.068376
0 0.835937 0.352576 0.101037 0.098432
0 0.082120 0.961461 0.029857 0.029576
0 0.701931 0.810092 0.018360 0.018604
0 0.405388 0.115044 0.020097 0.019886
