0 0.746020 0.066726 0.153120 0.128947
0 0.341270 0.324850 0.082777 0.075205
0 0.507105 0.220570 0.141093 0.127131
0 0.929072 0.889645 0.045640 0.041227
0 0.575851 0.387290 0.037376 0.034671
0 0.958662 0.531051 0.039474 0.036054
0 0.218852 0.562202 0.036869 0.032234
0 0.108516 0.440843 0.143343 0.127045
0 0.648163 0.445730 0.034863 0.031406
0 0.387336 0.221430 0.097906 0.089775
0 0.240032 0.217644 0.144444 0.115291
0 0.857896 0.959086 0.033446 0.030347
0 0.301678 0.674710 0.030631 0.027423
0 0.179865 0.007689 0.033588 0.014855
0 0.492024 0.949540 0.027669 0.027009
0 0.647577 0.025278 0.160617 0.050405
0 0.974104 0.479724 0.029231 0.026272
0 0.164868 0.124816 0.114015 0.108635
0 0.099165 0.503431 0.028175 0.024846
0 0.044393 0.986810 0.060524 0.026381
