0 0.332263 0.292485 0.027204 0.027253
0 0.890082 0.570919 0.024023 0.023934
0 0.621340 0.098600 0.024116 0.023747
0 0.524867 0.518115 0.147004 0.141903
0 0.236067 0.035026 0.026458 0.026509
0 0.435331 0.694467 0.023103 0.022904
0 0.712911 0.416884 0.069308 0.069248
0 0.971710 0.339894 0.024287 0.023843
0 0.118913 0.132045 0.091224 0.089197
0 0.780503 0.176051 0.047311 0.047134
0 0.414837 0.249218 0.022676 0.022760
0 0.957954 0.175995 0.029461 0.029730
0 0.936401 0.292592 0.021938 0.021656
0 0.774756 0.135637 0.044707 0.045426
0 0.444599 0.045808 0.025787 0.025183
0 0.668356 0.165964 0.022955 0.023104
0 0.672612 0.328545 0.033243 0.033164
0 0.802782 0.223604 0.021533 0.021608
0 0.938785 0.622825 0.030197 0.030574
0 0.025190 0.908694 0.050380 0.062262
0 0.159170 0.434961 0.024171 0.024124
0 0.122732 0.053476 0.028612 0.029128
0 0.723501 0.055984 0.026464 0.026295
0 0.760757 0.048715 0.042149 0.041455
0 0.917206 0.021587 0.027572 0.027166
0 0.106737 0.293323 0.021875 0.021889
0 0.808793 0.282191 0.020703 0.020206
0 0.306649 0.089157 0.077332 0.078476
0 0.082195 0.464049 0.164389 0.228265
0 0.522318 0.359970 0.022989 0.022687
0 0.726778 0.481480 0.065058 0.063934
0 0.980022 0.524839 0.028479 0.028943
0 0.689008 0.658281 0.019239 0.018847
0 0.039303 0.099660 0.020582 0.020440
0 0.029243 0.120482 0.021070 0.020741
0 0.652023 0.007862 0.019783 0.015723
0 0.240626 0.576543 0.022852 0.023112
0 0.029004 0.624472 0.019145 0.018786
0 0.286996 0.991433 0.068255 0.016761
0 0.750807 0.303923 0.020718 0.020382
0 0.977269 0.852666 0.037617 0.038233
