0 0.678954 0.811015 0.122936 0.102704
0 0.605905 0.142008 0.042560 0.035137
0 0.047677 0.811668 0.094400 0.080745
0 0.438475 0.943310 0.045281 0.038776
0 0.383518 0.841512 0.041594 0.033931
0 0.897778 0.191648 0.052775 0.040237
0 0.133112 0.744056 0.053382 0.045364
0 0.962207 0.242529 0.052523 0.042678
0 0.896318 0.873948 0.048024 0.039113
0 0.650810 0.438395 0.070120 0.059832
0 0.509816 0.768380 0.064255 0.059404
0 0.446343 0.369102 0.045774 0.034711
0 0.023041 0.230963 0.040630 0.034895
0 0.147531 0.104219 0.079722 0.064981
0 0.974841 0.489781 0.049507 0.055756
0 0.821325 0.537850 0.037634 0.031765
0 0.832684 0.792619 0.036792 0.032978
0 0.918641 0.529583 0.088658 0.076952
0 0.464206 0.989470 0.033617 0.020786
0 0.356157 0.979955 0.069250 0.040091
0 0.537418 0.903463 0.056505 0.051643
0 0.983444 0.213672 0.033113 0.036855
0 0.307826 0.574647 0.050271 0.042864
0 0.474688 0.922567 0.034364 0.031995
0 0.495131 0.383915 0.039734 0.031280
0 0.968115 0.293209 0.063771 0.070574
0 0.128218 0.834536 0.056666 0.038658
0 0.863579 0.111121 0.036870 0.029661
0 0.830243 0.201517 0.037367 0.030036
0 0.892810 0.129995 0.037307 0.030548
0 0.985038 0.700901 0.028491 0.025289
0 0.912757 0.085288 0.034868 0.028410
0 0.632812 0.656323 0.049597 0.043963
0 0.497608 0.279675 0.037875 0.030160
0 0.947072 0.875859 0.032678 0.025863
0 0.068263 0.523190 0.034849 0.028487
0 0.451089 0.091042 0.037737 0.031364
0 0.780627 0.510302 0.035653 0.028309
0 0.484127 0.355779 0.035211 0.030173
0 0.419406 0.886550 0.066915 0.059284
0 0.751328 0.077494 0.042434 0.034111
0 0.711589 0.025140 0.030371 0.025945
0 0.241593 0.970827 0.051975 0.047488
0 0.987529 0.351204 0.024714 0.048930
0 0.667938 0.960727 0.074152 0.065695
0 0.078558 0.948566 0.030495 0.024511
0 0.561156 0.067944 0.040570 0.031835
0 0.448363 0.451727 0.042846 0.036823
0 0.189991 0.381065 0.044033 0.031779
0 0.293431 0.247649 0.052516 0.038854
0 0.615505 0.708334 0.041267 0.036048
0 0.118398 0.326215 0.051735 0.042714
0 0.138271 0.782867 0.039119 0.032842
0 0.351986 0.916176 0.061953 0.054531
0 0.988917 0.170656 0.022167 0.029855
0 0.504708 0.909715 0.036031 0.033905
0 0.229324 0.198906 0.091398 0.067162
