0 0.309695 0.087224 0.087317 0.085740
0 0.159858 0.288392 0.071273 0.068610
0 0.462385 0.650108 0.024400 0.024300
0 0.096539 0.663216 0.035143 0.034641
0 0.056683 0.110109 0.043172 0.042863
0 0.107985 0.764199 0.035695 0.034561
0 0.211720 0.210778 0.048195 0.047476
0 0.196693 0.075354 0.034709 0.034440
0 0.067727 0.826471 0.033954 0.033359
0 0.115346 0.187156 0.024292 0.024210
0 0.302988 0.830060 0.029446 0.029632
0 0.387254 0.574723 0.024700 0.024135
0 0.276650 0.181833 0.050412 0.048621
0 0.158990 0.146338 0.025599 0.025439
0 0.314173 0.852455 0.033492 0.032107
0 0.066714 0.432208 0.032261 0.032506
0 0.969939 0.013235 0.030686 0.026469
0 0.142837 0.046593 0.024246 0.023860
0 0.023256 0.475787 0.031803 0.031168
0 0.144445 0.767110 0.025689 0.024847
0 0.130534 0.017353 0.028584 0.029047
0 0.683538 0.651727 0.055627 0.054573
0 0.137625 0.086356 0.027501 0.028133
0 0.952528 0.324057 0.019802 0.019513
0 0.248597 0.019915 0.021471 0.021561
0 0.034220 0.991607 0.025300 0.016607
0 0.813606 0.555638 0.032165 0.032263
0 0.781315 0.037024 0.023376 0.023214
0 0.692758 0.464359 0.020156 0.020257
0 0.017868 0.691545 0.022609 0.022263
0 0.560136 0.228673 0.090138 0.091069
0 0.149071 0.501521 0.020683 0.020688
0 0.866249 0.703708 0.028849 0.028680
0 0.264054 0.614546 0.020931 0.020516
0 0.187131 0.655927 0.020525 0.020359
0 0.078256 0.987596 0.025430 0.023243
0 0.682844 0.868031 0.020419 0.020406
0 0.234278 0.863131 0.022062 0.021410
0 0.327859 0.326174 0.025239 0.025654
0 0.454850 0.795828 0.022981 0.022823
0 0.034606 0.553522 0.020671 0.021873
0 0.748744 0.169019 0.022826 0.022977
0 0.727860 0.666982 0.027431 0.026763
0 0.148225 0.337961 0.020927 0.020741
