0 0.759746 0.471415 0.043277 0.042969
0 0.334183 0.677481 0.055648 0.054676
0 0.190147 0.170593 0.032337 0.032159
0 0.770672 0.649082 0.046226 0.046760
0 0.093162 0.718837 0.025702 0.025452
0 0.365448 0.709562 0.032299 0.031706
0 0.985337 0.705379 0.029326 0.038214
0 0.827164 0.760926 0.023307 0.023208
0 0.269723 0.089876 0.024577 0.024716
0 0.143065 0.326307 0.023271 0.023062
0 0.678601 0.686340 0.030771 0.030727
0 0.251023 0.497164 0.025734 0.025617
0 0.603358 0.292603 0.027334 0.027080
0 0.647805 0.955530 0.024884 0.024736
0 0.303112 0.988394 0.034879 0.023213
0 0.738513 0.634579 0.027114 0.027180
0 0.826856 0.120903 0.022086 0.022698
0 0.115920 0.604963 0.029207 0.028779
0 0.798762 0.282439 0.028765 0.027938
0 0.028041 0.057029 0.028246 0.028514
0 0.990797 0.344829 0.017893 0.047224
0 0.948874 0.774260 0.069882 0.070736
0 0.711333 0.972719 0.056028 0.052306
0 0.365025 0.752055 0.020182 0.020176
0 0.780151 0.526137 0.024153 0.024182
0 0.030231 0.717247 0.021534 0.021745
0 0.837341 0.419892 0.018498 0.018725
