0 0.426545 0.655186 0.025161 0.025023
0 0.489855 0.424351 0.022779 0.022871
0 0.534594 0.774026 0.024476 0.024273
0 0.367278 0.868094 0.024894 0.025023
0 0.469770 0.466396 0.023855 0.023413
0 0.618144 0.929748 0.024140 0.024208
0 0.221359 0.663738 0.032920 0.032799
0 0.339169 0.452389 0.068278 0.068449
0 0.210983 0.551293 0.026909 0.027610
0 0.304481 0.229384 0.068273 0.068013
0 0.281426 0.420013 0.026148 0.025915
0 0.380556 0.238712 0.027075 0.027978
0 0.517203 0.812271 0.035398 0.035151
0 0.079986 0.073298 0.058616 0.058926
0 0.437691 0.743466 0.042706 0.042682
0 0.462564 0.165837 0.030214 0.029943
0 0.211204 0.058093 0.073136 0.072049
0 0.422564 0.579843 0.024945 0.024813
0 0.281525 0.092306 0.027001 0.026981
0 0.506384 0.891818 0.035117 0.035383
0 0.554286 0.741220 0.034054 0.034806
0 0.769647 0.526832 0.032578 0.032781
0 0.463090 0.922862 0.028560 0.028924
0 0.405126 0.288507 0.024817 0.024339
0 0.573548 0.701994 0.023036 0.023454
0 0.732991 0.501155 0.024034 0.024371
0 0.839099 0.358307 0.047413 0.047978
0 0.678325 0.992324 0.029930 0.014951
0 0.913972 0.953501 0.025795 0.025812
0 0.242402 0.546580 0.035242 0.034854
0 0.123103 0.314326 0.027500 0.027219
0 0.545395 0.921539 0.054754 0.055178
0 0.379231 0.431882 0.026029 0.026335
0 0.387894 0.949035 0.053317 0.052349
0 0.599001 0.869568 0.022053 0.022151
0 0.304021 0.528719 0.020446 0.020318
0 0.245373 0.757311 0.086996 0.085968
0 0.803414 0.916725 0.021599 0.022051
0 0.794220 0.708718 0.023879 0.023268
0 0.513399 0.513088 0.020426 0.020622
0 0.361679 0.223842 0.020916 0.020990
0 0.618462 0.886884 0.020569 0.020786
0 0.271675 0.444446 0.021040 0.020545
0 0.440390 0.210526 0.048109 0.047264
0 0.053075 0.396764 0.019898 0.019720
0 0.076598 0.361873 0.020844 0.021484
0 0.747386 0.975735 0.021417 0.020941
0 0.289948 0.166029 0.041640 0.041219
0 0.825531 0.527165 0.019759 0.020488
0 0.884061 0.097994 0.023537 0.023842
0 0.404502 0.561560 0.020410 0.020714
0 0.554231 0.173273 0.037047 0.037067
0 0.333409 0.556266 0.021529 0.021682
0 0.359614 0.119484 0.026693 0.027520
0 0.289847 0.319035 0.021511 0.021565
0 0.238821 0.084407 0.023809 0.023650
0 0.299431 0.937553 0.019395 0.019908
0 0.439996 0.978309 0.102247 0.043383
0 0.215236 0.184001 0.035750 0.037508
0 0.088493 0.651820 0.150050 0.149426
0 0.661953 0.697618 0.077200 0.076296
0 0.688732 0.118996 0.027923 0.027614
0 0.086381 0.176739 0.020314 0.020328
0 0.012346 0.424074 0.023408 0.029738
0 0.013042 0.891471 0.020791 0.021077
0 0.639661 0.072978 0.039879 0.039843
0 0.562785 0.578178 0.079590 0.081528
0 0.346395 0.154824 0.091486 0.097559
0 0.026392 0.021357 0.021319 0.021038
0 0.218567 0.013132 0.093993 0.026176
0 0.432758 0.722320 0.018963 0.018905
0 0.802217 0.575853 0.023634 0.023240
0 0.380166 0.473948 0.022098 0.021318
0 0.486165 0.538082 0.042567 0.043691
0 0.445539 0.039194 0.019940 0.019950
0 0.526351 0.265386 0.025207 0.025957
0 0.109451 0.735660 0.114410 0.116838
0 0.217365 0.220972 0.126754 0.126622
0 0.076411 0.272539 0.020944 0.021250
0 0.103699 0.129746 0.020087 0.019951
0 0.783332 0.607058 0.023548 0.023638
0 0.107808 0.836998 0.066447 0.067975
0 0.423048 0.526379 0.044266 0.043997
0 0.561793 0.241194 0.026228 0.026252
0 0.336315 0.787214 0.125631 0.125371
0 0.651899 0.135140 0.021407 0.021434
0 0.020404 0.790567 0.040275 0.068630
0 0.825779 0.020923 0.132953 0.041618
0 0.206747 0.810988 0.021817 0.021424
0 0.577908 0.558958 0.042032 0.042741
0 0.404429 0.016687 0.158043 0.032885
0 0.301043 0.125884 0.018897 0.018859
0 0.487291 0.340181 0.031182 0.031589
0 0.585624 0.962239 0.025462 0.024354
0 0.440707 0.436789 0.021720 0.021867
0 0.442265 0.240183 0.042333 0.040837
0 0.109120 0.895956 0.055832 0.055696
0 0.074665 0.110045 0.018703 0.018566
0 0.894047 0.561991 0.211905 0.320305
0 0.153480 0.014994 0.045606 0.029780
0 0.030072 0.710501 0.039862 0.039851
0 0.843872 0.992817 0.032117 0.014199
0 0.660863 0.850730 0.018952 0.018839
0 0.210218 0.525185 0.190482 0.203402
