0 0.316792 0.372273 0.185342 0.182402
0 0.557723 0.939230 0.133282 0.121540
0 0.320831 0.041273 0.037142 0.036154
0 0.868997 0.884844 0.039052 0.039299
0 0.653120 0.913288 0.048612 0.048739
0 0.793283 0.659191 0.026145 0.026119
0 0.418304 0.298919 0.052312 0.051796
0 0.535106 0.390822 0.149058 0.147573
0 0.708744 0.834021 0.041978 0.041916
0 0.827466 0.822500 0.070084 0.068728
0 0.335380 0.576411 0.061111 0.060894
0 0.887584 0.066929 0.033913 0.033573
0 0.508477 0.213650 0.027195 0.026408
0 0.225246 0.449603 0.028727 0.028742
0 0.808338 0.173554 0.383203 0.347108
0 0.862450 0.528248 0.032522 0.031861
0 0.424795 0.639153 0.024001 0.023865
0 0.464522 0.822298 0.023745 0.023940
0 0.669507 0.850142 0.033888 0.033259
0 0.027040 0.039847 0.054069 0.070805
0 0.412328 0.588106 0.027795 0.028137
0 0.010695 0.859030 0.021391 0.033968
0 0.320039 0.095658 0.028547 0.028352
0 0.591605 0.657155 0.024699 0.024603
0 0.437448 0.977006 0.025285 0.025052
0 0.916640 0.474208 0.042066 0.042543
0 0.801234 0.602524 0.027929 0.027485
0 0.148406 0.637997 0.038251 0.038004
0 0.725208 0.766262 0.029204 0.028711
0 0.638036 0.980643 0.050662 0.038356
0 0.873241 0.436672 0.081541 0.081904
0 0.874967 0.477036 0.031974 0.030991
0 0.389382 0.269045 0.024120 0.023897
0 0.897743 0.744918 0.024904 0.025049
0 0.680190 0.679607 0.023980 0.023917
0 0.940155 0.494883 0.025020 0.024650
0 0.737787 0.914469 0.033531 0.033417
0 0.547404 0.748825 0.021253 0.021368
0 0.674623 0.393905 0.334007 0.338821
0 0.966491 0.281090 0.040153 0.040422
0 0.588589 0.084609 0.094122 0.094078
0 0.108873 0.141362 0.025450 0.025840
0 0.873874 0.665159 0.234988 0.242724
0 0.752603 0.974704 0.120447 0.050593
0 0.834495 0.710912 0.034029 0.033982
0 0.789764 0.090972 0.021280 0.021284
0 0.107259 0.166765 0.023889 0.023741
0 0.758011 0.101552 0.022586 0.022494
0 0.257830 0.212870 0.024722 0.024508
0 0.979661 0.546291 0.040678 0.046263
0 0.687210 0.070876 0.111240 0.109253
0 0.807250 0.523626 0.026123 0.026414
0 0.393438 0.016282 0.021128 0.021069
0 0.803766 0.809344 0.022966 0.023781
0 0.710225 0.796161 0.025212 0.024988
0 0.920883 0.595026 0.023557 0.023685
0 0.737075 0.677105 0.043983 0.043999
0 0.518829 0.623545 0.019938 0.020409
0 0.888037 0.662866 0.020164 0.019995
0 0.866926 0.644910 0.019406 0.019835
0 0.427267 0.165140 0.020947 0.020906
0 0.217520 0.871961 0.027536 0.027718
