0 0.135764 0.886510 0.056102 0.055513
0 0.099453 0.135295 0.034750 0.035075
0 0.866490 0.836357 0.026234 0.026686
0 0.805823 0.887362 0.038222 0.038432
0 0.245249 0.625839 0.215049 0.217844
0 0.390753 0.730539 0.025733 0.025064
0 0.923752 0.422864 0.042677 0.042722
0 0.469426 0.493787 0.025664 0.025516
0 0.599850 0.725156 0.090579 0.092030
0 0.429342 0.551690 0.024416 0.024378
0 0.145655 0.500401 0.025017 0.024665
0 0.841930 0.408013 0.029335 0.029638
0 0.445477 0.666416 0.022880 0.022502
0 0.494681 0.560189 0.026715 0.027381
0 0.862240 0.283248 0.025398 0.025569
0 0.423703 0.255705 0.021445 0.021847
0 0.545159 0.101448 0.023131 0.024194
0 0.716297 0.982875 0.023585 0.023303
0 0.954981 0.396971 0.049347 0.048334
0 0.965548 0.425985 0.040221 0.041036
0 0.714677 0.429342 0.020015 0.020309
0 0.402650 0.578012 0.028999 0.029818
0 0.814114 0.280910 0.036174 0.035326
0 0.140572 0.472311 0.280725 0.367817
0 0.093689 0.486620 0.022130 0.021811
0 0.987316 0.931735 0.022711 0.022440
0 0.847852 0.261289 0.026472 0.026722
0 0.436359 0.459717 0.021293 0.021485
0 0.411926 0.005631 0.025437 0.010956
0 0.855781 0.181599 0.019359 0.019491
0 0.547191 0.201311 0.085809 0.084726
0 0.798202 0.253018 0.026934 0.026629
0 0.127488 0.387646 0.022500 0.022405
0 0.054490 0.168118 0.020016 0.020075
0 0.025707 0.218808 0.050791 0.060753
0 0.470424 0.415925 0.019154 0.019310
0 0.131380 0.684027 0.021573 0.021623
0 0.076205 0.078386 0.020078 0.020751
0 0.742825 0.951659 0.019660 0.019673
0 0.008583 0.268514 0.017166 0.080853
0 0.335682 0.897154 0.022397 0.022536
0 0.120809 0.625599 0.065211 0.066012
0 0.382855 0.602822 0.021110 0.021177
0 0.460021 0.830078 0.087235 0.086124
0 0.179731 0.825227 0.021374 0.021142
0 0.011415 0.857716 0.022378 0.024122
0 0.334420 0.241882 0.018354 0.018493
0 0.574279 0.916275 0.020682 0.020587
0 0.127660 0.295342 0.022305 0.022405
0 0.890886 0.688500 0.019221 0.019277
0 0.927419 0.080519 0.029648 0.029555
0 0.235008 0.113791 0.019817 0.019536
0 0.459665 0.793810 0.020520 0.022111
0 0.529146 0.840742 0.018878 0.019009
0 0.149618 0.799812 0.020616 0.020741
0 0.414315 0.632321 0.019375 0.019473
0 0.820705 0.393594 0.021021 0.021298
