0 0.536357 0.378151 0.188442 0.183836
0 0.098748 0.461108 0.197495 0.240120
0 0.745740 0.643899 0.037819 0.037881
0 0.348929 0.214392 0.040551 0.040284
0 0.989267 0.470340 0.021467 0.036871
0 0.253473 0.578483 0.038629 0.039131
0 0.893780 0.959844 0.028334 0.028386
0 0.283897 0.880112 0.038763 0.038192
0 0.939544 0.225804 0.065980 0.064304
0 0.701720 0.699356 0.070985 0.070623
0 0.491043 0.577770 0.036423 0.034800
0 0.795118 0.088962 0.025849 0.026049
0 0.712678 0.101301 0.048205 0.047689
0 0.533119 0.986422 0.052063 0.026894
0 0.330027 0.866956 0.026183 0.026127
0 0.339475 0.263828 0.030854 0.031100
0 0.267797 0.238887 0.031542 0.030436
0 0.297059 0.509346 0.190918 0.193074
0 0.299111 0.978618 0.147734 0.042608
0 0.824064 0.734134 0.022104 0.022239
0 0.055508 0.663878 0.022334 0.022134
0 0.076593 0.303949 0.024540 0.024893
0 0.426217 0.560275 0.023240 0.023364
0 0.773751 0.326568 0.022735 0.022470
0 0.507548 0.603724 0.028488 0.027950
0 0.951677 0.729147 0.096647 0.327554
0 0.840878 0.548733 0.070747 0.070706
0 0.049480 0.991659 0.020024 0.016682
0 0.552280 0.325795 0.023568 0.023823
0 0.298232 0.134012 0.031513 0.035745
0 0.263300 0.706325 0.019767 0.020047
