0 0.448034 0.197345 0.078727 0.062943
0 0.565373 0.919807 0.045340 0.036508
0 0.346611 0.610405 0.036895 0.033486
0 0.488304 0.010144 0.048180 0.019760
0 0.877479 0.109359 0.040472 0.033581
0 0.246289 0.219263 0.032619 0.025261
0 0.494138 0.282570 0.061738 0.054826
0 0.394703 0.072899 0.032413 0.027976
0 0.799670 0.036895 0.037112 0.031780
0 0.159400 0.978402 0.052937 0.042330
0 0.889402 0.299616 0.051392 0.045274
0 0.954427 0.302566 0.038086 0.032698
0 0.454925 0.313517 0.039506 0.036652
0 0.787077 0.010802 0.030016 0.021603
