0 0.180142 0.616957 0.170681 0.167514
0 0.037048 0.941250 0.052436 0.050970
0 0.749334 0.165999 0.258558 0.255355
0 0.258947 0.126075 0.083983 0.082272
0 0.032987 0.282022 0.029541 0.029364
0 0.546820 0.831296 0.055983 0.055931
0 0.323549 0.785716 0.041494 0.040740
0 0.401735 0.713990 0.044201 0.043096
0 0.250818 0.568730 0.031563 0.031601
0 0.873913 0.634033 0.049969 0.048599
0 0.314048 0.078930 0.154769 0.148081
0 0.097874 0.436743 0.181433 0.176196
0 0.245702 0.636116 0.028120 0.027821
0 0.794816 0.401768 0.031594 0.030921
0 0.545331 0.953390 0.035062 0.034376
0 0.019271 0.712850 0.028292 0.028149
0 0.428810 0.511274 0.024789 0.024248
0 0.428024 0.342011 0.033066 0.033698
0 0.485915 0.679855 0.030872 0.030029
0 0.775674 0.772134 0.030932 0.029765
0 0.012769 0.861656 0.024244 0.024944
0 0.518335 0.804480 0.028571 0.028370
0 0.742487 0.684615 0.042124 0.041030
0 0.471255 0.649582 0.033839 0.033034
0 0.328540 0.647078 0.024714 0.025263
0 0.407196 0.758771 0.049497 0.049382
0 0.634892 0.322064 0.029805 0.028895
0 0.805427 0.428163 0.032424 0.032435
0 0.092140 0.158002 0.029960 0.029387
0 0.070889 0.585730 0.022230 0.022613
0 0.292664 0.542700 0.024255 0.024329
0 0.085284 0.772975 0.022166 0.022149
0 0.357170 0.617635 0.024140 0.024228
0 0.506484 0.486789 0.026329 0.026310
0 0.077027 0.654689 0.022089 0.022460
0 0.367411 0.270965 0.026884 0.026313
0 0.986556 0.591580 0.026888 0.031668
0 0.389202 0.609532 0.025263 0.024924
0 0.980470 0.569800 0.031831 0.031041
0 0.118905 0.094810 0.028348 0.027913
0 0.466860 0.177637 0.028418 0.028663
0 0.653730 0.869546 0.029716 0.029545
0 0.179302 0.437266 0.025335 0.025778
0 0.415607 0.057015 0.040651 0.038762
0 0.398894 0.335864 0.024092 0.024060
0 0.058089 0.546326 0.020767 0.020978
0 0.907971 0.580785 0.034987 0.036092
0 0.565370 0.918224 0.039078 0.037526
0 0.429192 0.131028 0.031544 0.031177
0 0.610534 0.962821 0.034240 0.033621
0 0.889198 0.949303 0.067990 0.065471
0 0.113318 0.403441 0.123997 0.120551
0 0.980982 0.548804 0.031209 0.031183
0 0.176040 0.186476 0.147170 0.146935
0 0.085279 0.617110 0.021269 0.021865
