0 0.526408 0.383881 0.100038 0.098199
0 0.706135 0.900418 0.025283 0.025248
0 0.831002 0.264578 0.214484 0.216561
0 0.832271 0.112524 0.221132 0.218690
0 0.087021 0.830679 0.034810 0.034225
0 0.064800 0.439542 0.099250 0.099394
0 0.918782 0.828460 0.037986 0.038031
0 0.835573 0.903560 0.039688 0.040043
0 0.383664 0.340334 0.028824 0.029004
0 0.504270 0.087460 0.023114 0.023261
0 0.776279 0.808550 0.028955 0.029260
0 0.934868 0.907228 0.028191 0.028699
0 0.122999 0.285849 0.058913 0.059084
0 0.254850 0.589054 0.026884 0.026734
0 0.329056 0.804385 0.396174 0.378610
0 0.139732 0.238749 0.052936 0.053141
0 0.071046 0.890429 0.043798 0.043886
0 0.080914 0.364766 0.058937 0.058687
0 0.660104 0.083960 0.044714 0.044214
0 0.353634 0.743763 0.027247 0.026841
0 0.420451 0.576748 0.023556 0.024004
0 0.607111 0.951387 0.024178 0.024543
0 0.241958 0.461304 0.031735 0.031365
0 0.307663 0.936362 0.026167 0.026396
0 0.627619 0.605777 0.090547 0.090301
0 0.815102 0.649396 0.038535 0.038660
0 0.675076 0.553240 0.101447 0.105078
0 0.850281 0.673846 0.050709 0.050552
0 0.722483 0.837689 0.027280 0.027390
0 0.464530 0.661581 0.023454 0.023541
0 0.575102 0.109202 0.028852 0.028925
0 0.461146 0.341205 0.021186 0.021916
0 0.616846 0.369260 0.024348 0.024499
0 0.899156 0.656335 0.043641 0.043521
0 0.128363 0.630667 0.037690 0.037591
0 0.618315 0.093314 0.036396 0.036240
0 0.963553 0.281478 0.061462 0.061031
0 0.053904 0.295948 0.043594 0.043057
0 0.047268 0.181759 0.029867 0.029991
0 0.731118 0.033578 0.042601 0.042884
0 0.227666 0.218013 0.021565 0.021555
0 0.505550 0.451683 0.023040 0.022890
0 0.049435 0.252038 0.029533 0.029395
0 0.645386 0.818425 0.036355 0.036299
0 0.105668 0.492837 0.024718 0.024665
0 0.695488 0.391633 0.035634 0.035660
0 0.586057 0.133493 0.034048 0.034438
0 0.405938 0.878317 0.022343 0.022242
0 0.662255 0.329196 0.022987 0.022999
0 0.026763 0.118390 0.023910 0.024831
0 0.910782 0.887074 0.036625 0.037613
0 0.315414 0.604549 0.043959 0.044850
0 0.050790 0.119190 0.028347 0.028515
0 0.327851 0.052769 0.031783 0.031915
0 0.323273 0.012646 0.029751 0.025291
0 0.029366 0.355572 0.022662 0.022786
0 0.048357 0.344870 0.025302 0.026156
0 0.118584 0.468528 0.026722 0.026640
0 0.962015 0.752824 0.047436 0.047059
0 0.213211 0.367894 0.085561 0.085193
0 0.698938 0.426094 0.021335 0.020805
0 0.144716 0.117895 0.269579 0.233206
0 0.956855 0.524997 0.054250 0.054756
0 0.181671 0.243968 0.023211 0.023122
0 0.021698 0.282683 0.040519 0.040702
0 0.054545 0.827440 0.025545 0.025185
0 0.010727 0.736780 0.021207 0.024131
0 0.271064 0.542058 0.022835 0.022868
0 0.766894 0.991472 0.027419 0.016732
0 0.197034 0.309820 0.028864 0.028502
0 0.987516 0.790830 0.020430 0.020338
0 0.303766 0.780429 0.020643 0.020565
0 0.503151 0.555322 0.057485 0.058375
0 0.167303 0.791073 0.026962 0.027718
0 0.124427 0.541608 0.021685 0.020990
0 0.209853 0.396121 0.052281 0.053097
0 0.680795 0.831776 0.045778 0.046900
0 0.438939 0.489644 0.075553 0.077328
0 0.460906 0.589841 0.024901 0.024953
0 0.301354 0.028819 0.028768 0.026468
0 0.962601 0.985491 0.019973 0.020376
0 0.173270 0.681543 0.021659 0.022367
0 0.436450 0.993537 0.039361 0.012927
0 0.957344 0.215649 0.020330 0.020053
0 0.163945 0.590316 0.019913 0.020378
0 0.732558 0.989896 0.047238 0.019995
0 0.235675 0.575134 0.020530 0.020015
0 0.088646 0.741720 0.026681 0.026983
0 0.985195 0.865519 0.018688 0.018809
0 0.344908 0.621542 0.019094 0.020133
0 0.850511 0.531937 0.049579 0.049462
0 0.016088 0.321364 0.025619 0.026891
0 0.185905 0.431656 0.026776 0.027567
0 0.379767 0.415615 0.035780 0.039471
0 0.006997 0.820598 0.013775 0.020815
0 0.701613 0.014588 0.022657 0.024187
0 0.915789 0.500534 0.024910 0.024864
0 0.589843 0.963828 0.018905 0.019149
0 0.961954 0.684766 0.019739 0.019939
0 0.270334 0.569069 0.019935 0.019609
0 0.369216 0.413862 0.054133 0.052434
0 0.096903 0.943088 0.040061 0.040045
0 0.700458 0.364017 0.020368 0.020516
0 0.911289 0.191086 0.018772 0.019286
0 0.211830 0.926733 0.031079 0.031058
0 0.313397 0.580908 0.022344 0.019111
0 0.812421 0.851031 0.023870 0.023909
0 0.005617 0.786080 0.011017 0.023896
0 0.010947 0.252083 0.021895 0.040055
0 0.693547 0.042381 0.025658 0.026094
0 0.719392 0.630939 0.018224 0.017757
0 0.425321 0.965556 0.024038 0.024235
0 0.520754 0.439800 0.020009 0.019365
0 0.567175 0.335125 0.028479 0.028886
0 0.244287 0.935114 0.021226 0.021175
0 0.009304 0.684549 0.018608 0.027741
0 0.169882 0.656629 0.018590 0.018150
