0 0.151477 0.331287 0.096844 0.076580
0 0.134534 0.613147 0.268421 0.222798
0 0.064044 0.736568 0.105859 0.081195
0 0.543713 0.138419 0.244408 0.176101
0 0.580065 0.494043 0.048802 0.038820
0 0.276850 0.219901 0.227677 0.160441
0 0.356888 0.296198 0.049865 0.037394
0 0.739449 0.418449 0.048099 0.035827
0 0.799833 0.720642 0.056237 0.043458
0 0.773594 0.525751 0.047206 0.033171
0 0.418466 0.898080 0.280995 0.202987
0 0.468791 0.026776 0.052152 0.042979
0 0.940837 0.280366 0.118325 0.108740
0 0.714440 0.952662 0.037483 0.028189
0 0.362577 0.683359 0.044551 0.034790
0 0.369149 0.369259 0.037931 0.029788
0 0.172197 0.243442 0.163057 0.119827
0 0.065108 0.106589 0.035931 0.028624
0 0.454508 0.589281 0.039783 0.030617
0 0.238873 0.807053 0.155913 0.123747
0 0.357715 0.117287 0.095285 0.071367
0 0.862398 0.705099 0.043193 0.030163
0 0.538221 0.837554 0.075274 0.060151
0 0.145542 0.545327 0.036571 0.027083
0 0.103964 0.048474 0.033857 0.028598
0 0.123219 0.824629 0.041598 0.034656
0 0.731576 0.704609 0.106362 0.081889
0 0.777683 0.426380 0.035077 0.030346
