0 0.645878 0.860397 0.121188 0.124513
0 0.086989 0.511704 0.029928 0.029561
0 0.521495 0.508206 0.040506 0.039937
0 0.410969 0.281500 0.029441 0.029285
0 0.397597 0.101132 0.105012 0.098490
0 0.574253 0.452783 0.058404 0.057794
0 0.622478 0.764695 0.059743 0.059285
0 0.583931 0.570644 0.045365 0.045179
0 0.400156 0.515944 0.026992 0.027072
0 0.676289 0.710305 0.033897 0.034005
0 0.602676 0.799475 0.030546 0.031235
0 0.296397 0.495085 0.039267 0.038905
0 0.202627 0.371487 0.069103 0.066284
0 0.698430 0.674295 0.048203 0.046881
0 0.782398 0.840363 0.022290 0.022020
0 0.505790 0.316879 0.049504 0.049769
