0 0.840162 0.795339 0.032666 0.033337
0 0.182222 0.119524 0.037456 0.036442
0 0.895074 0.141201 0.029730 0.029325
0 0.113820 0.188094 0.051857 0.051772
0 0.860466 0.924073 0.035586 0.035348
0 0.643730 0.417388 0.042396 0.041766
0 0.419316 0.761120 0.030589 0.031334
0 0.313560 0.263553 0.041729 0.041610
0 0.354286 0.251215 0.050187 0.049824
0 0.993698 0.955352 0.012370 0.036390
0 0.301520 0.033027 0.048626 0.048886
0 0.609724 0.394319 0.038000 0.036890
0 0.278474 0.722025 0.041413 0.040918
0 0.910574 0.785055 0.028534 0.028230
0 0.783692 0.641131 0.030383 0.031271
0 0.658146 0.251205 0.035321 0.034654
0 0.057695 0.223449 0.037807 0.037412
0 0.953248 0.517721 0.022511 0.022610
0 0.672133 0.582755 0.032822 0.032133
0 0.355614 0.477052 0.050252 0.049894
0 0.436581 0.473808 0.049331 0.049610
0 0.783741 0.412701 0.023251 0.023026
0 0.253047 0.619383 0.058401 0.058833
0 0.837754 0.325407 0.023451 0.023711
0 0.785268 0.977026 0.054291 0.045948
0 0.750534 0.466455 0.031163 0.031807
0 0.866170 0.759558 0.021251 0.021140
0 0.099222 0.150884 0.028687 0.028124
0 0.510014 0.713900 0.023876 0.023886
0 0.642887 0.372655 0.033175 0.033409
0 0.255267 0.063971 0.036108 0.035655
0 0.615833 0.458057 0.033362 0.033034
0 0.608183 0.751675 0.022663 0.022600
0 0.709973 0.503637 0.034582 0.034703
0 0.638637 0.219603 0.039713 0.039475
0 0.927913 0.560232 0.021289 0.021220
0 0.624183 0.841335 0.021605 0.021664
0 0.778487 0.553315 0.024766 0.025482
0 0.731387 0.100909 0.025896 0.026405
0 0.288571 0.072953 0.026039 0.025737
0 0.117125 0.770679 0.028302 0.027836
0 0.672877 0.608945 0.034231 0.034598
0 0.807346 0.664662 0.030958 0.031051
0 0.494657 0.423207 0.032096 0.032499
0 0.408709 0.251875 0.031183 0.031915
0 0.399409 0.496976 0.045868 0.045865
0 0.034707 0.701715 0.023926 0.023921
0 0.018895 0.351564 0.037791 0.045966
0 0.161733 0.513652 0.021613 0.021663
0 0.413675 0.410061 0.043108 0.043528
0 0.815206 0.963121 0.024337 0.024481
0 0.313165 0.488645 0.030191 0.030055
0 0.722706 0.525386 0.031567 0.030788
0 0.628301 0.919781 0.023278 0.023454
0 0.293625 0.410736 0.049618 0.050118
0 0.258335 0.562376 0.026683 0.027311
0 0.713669 0.737893 0.019515 0.019469
0 0.314602 0.457249 0.034133 0.033931
0 0.312881 0.175075 0.027310 0.027160
0 0.160986 0.666424 0.026383 0.026641
0 0.117828 0.876945 0.030120 0.029473
0 0.097613 0.535639 0.026525 0.026947
0 0.461804 0.021815 0.021306 0.021614
0 0.715584 0.532045 0.042392 0.034975
0 0.106367 0.303532 0.022025 0.021694
0 0.606452 0.305642 0.027806 0.028957
0 0.298898 0.744692 0.032194 0.032609
0 0.074915 0.244369 0.030591 0.030511
0 0.099789 0.222886 0.030034 0.029803
0 0.036934 0.384401 0.033387 0.033386
0 0.576627 0.612295 0.021480 0.021823
0 0.036117 0.103790 0.021089 0.021521
0 0.238066 0.042179 0.038657 0.038994
0 0.088451 0.424183 0.039106 0.038064
0 0.007431 0.717195 0.014455 0.026419
0 0.526990 0.150105 0.033491 0.034265
0 0.306925 0.812196 0.029591 0.028927
0 0.154640 0.849754 0.026488 0.026790
0 0.603798 0.008372 0.036182 0.016277
0 0.453736 0.824534 0.020138 0.020324
0 0.258227 0.685093 0.031906 0.032385
0 0.228889 0.825542 0.019753 0.019841
0 0.536701 0.474826 0.024853 0.025656
0 0.392434 0.471732 0.031180 0.030251
0 0.547549 0.194688 0.019672 0.020006
0 0.595731 0.245527 0.021759 0.021993
0 0.335933 0.324185 0.023540 0.024091
0 0.429767 0.712683 0.020833 0.020911
0 0.414796 0.050144 0.019967 0.020296
0 0.671166 0.218377 0.026026 0.026261
0 0.935820 0.012036 0.043414 0.024071
0 0.286150 0.601814 0.023360 0.024750
0 0.651455 0.183102 0.034638 0.034085
0 0.006386 0.946648 0.012574 0.033156
