0 0.131395 0.475169 0.033585 0.033159
0 0.767794 0.653697 0.025488 0.025810
0 0.063008 0.096868 0.073993 0.073870
0 0.626114 0.200752 0.022294 0.022084
0 0.656706 0.554112 0.035866 0.036164
0 0.192026 0.060761 0.030871 0.030734
0 0.633314 0.953272 0.025288 0.025613
0 0.097743 0.746106 0.025489 0.026048
0 0.649397 0.122504 0.039455 0.039578
0 0.991113 0.418370 0.017220 0.021950
0 0.138710 0.155384 0.026132 0.025985
0 0.837444 0.394953 0.021859 0.021848
0 0.052274 0.861227 0.056432 0.056640
0 0.369548 0.966354 0.023097 0.022942
0 0.902239 0.649726 0.024063 0.024229
0 0.950797 0.014457 0.028096 0.027751
0 0.097172 0.374580 0.022004 0.021899
0 0.009177 0.592186 0.018331 0.025142
0 0.084533 0.139938 0.023896 0.023646
0 0.009230 0.211906 0.018357 0.047727
0 0.066214 0.448224 0.021056 0.020862
0 0.861864 0.109502 0.024343 0.024502
0 0.260946 0.258761 0.020331 0.020409
0 0.537817 0.780625 0.111943 0.111857
0 0.034606 0.811617 0.041146 0.041100
0 0.443598 0.462528 0.190520 0.193902
0 0.977603 0.511784 0.023677 0.024073
0 0.088759 0.029882 0.024756 0.024846
0 0.125069 0.547859 0.019216 0.019179
0 0.423512 0.866464 0.254867 0.243984
0 0.645615 0.495219 0.019830 0.020130
0 0.236630 0.108313 0.020500 0.020854
0 0.683607 0.289684 0.019922 0.019870
0 0.086771 0.159597 0.019909 0.019988
0 0.005664 0.372711 0.011328 0.022802
0 0.102676 0.857254 0.034736 0.034816
0 0.022411 0.022766 0.044822 0.045532
0 0.579710 0.443281 0.022566 0.022028
0 0.102726 0.726027 0.109341 0.112314
0 0.639367 0.058533 0.076972 0.076953
0 0.097817 0.814156 0.035160 0.035358
0 0.758916 0.458344 0.030975 0.031314
0 0.654437 0.015601 0.020440 0.021408
0 0.423280 0.351680 0.069350 0.068877
0 0.199773 0.472266 0.026433 0.026281
0 0.596995 0.930914 0.018720 0.018954
