0 0.220865 0.723441 0.241324 0.222546
0 0.667640 0.441108 0.080343 0.073089
0 0.088066 0.646199 0.034427 0.033389
0 0.573560 0.087120 0.080434 0.072145
0 0.590828 0.547451 0.212060 0.187740
0 0.864030 0.649180 0.098049 0.094891
0 0.833203 0.155927 0.042017 0.038139
0 0.262070 0.315489 0.035228 0.031196
0 0.075281 0.258949 0.071570 0.066351
0 0.312492 0.939359 0.080200 0.076307
0 0.663993 0.382557 0.023424 0.022498
0 0.094587 0.055533 0.038686 0.035405
0 0.986926 0.344968 0.024646 0.024508
0 0.224001 0.436026 0.029082 0.028517
0 0.547247 0.665752 0.280535 0.249054
0 0.721397 0.067834 0.081022 0.078277
0 0.220339 0.673738 0.023732 0.023227
0 0.457904 0.951897 0.028540 0.027223
0 0.861931 0.923267 0.027050 0.025640
0 0.664138 0.020069 0.034086 0.031852
0 0.564713 0.577530 0.025133 0.024688
0 0.930762 0.766734 0.074710 0.070253
0 0.326719 0.244388 0.331064 0.283536
0 0.682222 0.777046 0.028581 0.027182
0 0.848168 0.450257 0.024485 0.023175
0 0.931406 0.653270 0.050401 0.048886
0 0.402047 0.315662 0.020914 0.020178
0 0.176316 0.449799 0.234595 0.224543
0 0.593360 0.359945 0.022556 0.022321
0 0.510118 0.043915 0.052492 0.050322
0 0.860388 0.016767 0.024725 0.024691
0 0.192650 0.889609 0.165456 0.148242
0 0.226757 0.278606 0.024187 0.023728
0 0.049686 0.329459 0.083971 0.077039
0 0.037920 0.453329 0.075840 0.161775
0 0.897190 0.809233 0.032963 0.031531
0 0.727551 0.468232 0.030696 0.030231
0 0.790815 0.555942 0.057678 0.053774
0 0.181313 0.722685 0.021239 0.020879
0 0.529275 0.603577 0.021765 0.021357
0 0.364711 0.017032 0.033030 0.031453
0 0.914317 0.594285 0.031489 0.031049
0 0.989677 0.544573 0.020398 0.084453
0 0.089682 0.180851 0.160719 0.134062
0 0.718082 0.418823 0.022404 0.019562
0 0.782530 0.730598 0.028248 0.027118
0 0.307040 0.089742 0.065360 0.058841
0 0.651080 0.281012 0.021508 0.020766
0 0.395015 0.603843 0.019600 0.019561
0 0.013495 0.842448 0.024598 0.023799
0 0.578440 0.793687 0.021997 0.021341
0 0.492215 0.472585 0.023934 0.023842
0 0.202208 0.398433 0.028721 0.025184
0 0.023102 0.992687 0.020923 0.014626
0 0.969914 0.294788 0.020164 0.019667
0 0.181734 0.521245 0.102557 0.095538
0 0.848458 0.296080 0.303083 0.476966
