0 0.397605 0.619621 0.269155 0.239000
0 0.701143 0.281066 0.121336 0.107360
0 0.806982 0.105683 0.150852 0.134391
0 0.635267 0.336417 0.061631 0.058182
0 0.240428 0.785450 0.037605 0.035649
0 0.724331 0.888127 0.029123 0.027665
0 0.648266 0.173522 0.052759 0.049807
0 0.599735 0.419876 0.038906 0.037056
0 0.161798 0.390302 0.146164 0.130493
0 0.335009 0.633503 0.032492 0.030879
0 0.671576 0.403150 0.062067 0.057036
0 0.109508 0.841138 0.219016 0.303866
0 0.815433 0.896461 0.042004 0.039827
0 0.822920 0.769158 0.026456 0.025852
0 0.732955 0.050507 0.041029 0.038052
0 0.238260 0.653209 0.029226 0.027712
0 0.716872 0.718850 0.038188 0.035653
0 0.535307 0.950115 0.026805 0.025924
0 0.181681 0.699482 0.101840 0.093135
0 0.367846 0.428329 0.048192 0.045737
0 0.366519 0.592147 0.026718 0.025125
0 0.293770 0.335460 0.040043 0.039163
0 0.267415 0.241127 0.355034 0.313847
0 0.366307 0.055283 0.028745 0.028767
0 0.549786 0.100080 0.082065 0.076393
0 0.661676 0.105757 0.035238 0.030535
0 0.044365 0.956950 0.087697 0.086099
0 0.885820 0.584076 0.226874 0.204115
0 0.711761 0.172727 0.025982 0.025802
0 0.488097 0.903054 0.025526 0.025476
0 0.744423 0.008411 0.038641 0.016822
0 0.556469 0.216190 0.034767 0.034520
0 0.604645 0.507790 0.057600 0.057031
0 0.866159 0.989567 0.024084 0.020804
0 0.976468 0.407197 0.047063 0.054303
0 0.766067 0.390061 0.024815 0.024298
0 0.064598 0.313460 0.120858 0.116492
0 0.637521 0.047129 0.028744 0.026716
0 0.600876 0.882914 0.025723 0.024088
0 0.543657 0.260093 0.023437 0.023238
0 0.973161 0.579885 0.031808 0.030122
0 0.312574 0.456392 0.069581 0.063968
0 0.783538 0.939642 0.274240 0.120715
0 0.117182 0.572926 0.024140 0.022501
0 0.506230 0.874416 0.080803 0.077632
0 0.094705 0.461877 0.055037 0.051369
0 0.460614 0.594630 0.022680 0.022415
0 0.752691 0.238055 0.024710 0.024050
0 0.974540 0.558063 0.024798 0.024442
0 0.556188 0.167144 0.067216 0.063546
0 0.810254 0.510433 0.055755 0.053268
