0 0.642751 0.415567 0.026364 0.026441
0 0.714615 0.435621 0.026755 0.026778
0 0.222631 0.241900 0.033367 0.032958
0 0.882627 0.965082 0.023528 0.023309
0 0.961554 0.680958 0.022519 0.022528
0 0.545470 0.935028 0.033102 0.033558
0 0.291683 0.896622 0.054970 0.055211
0 0.808703 0.547309 0.029249 0.029109
0 0.521114 0.829342 0.033408 0.033317
0 0.859377 0.803858 0.041291 0.040815
0 0.359847 0.138300 0.026156 0.026215
0 0.814708 0.369904 0.027530 0.027227
0 0.051854 0.408883 0.021131 0.021397
0 0.803199 0.800888 0.029668 0.030985
0 0.847530 0.350940 0.023517 0.023444
0 0.605840 0.181181 0.029154 0.029627
0 0.544930 0.195704 0.043209 0.042729
0 0.879157 0.092760 0.031576 0.031853
0 0.387202 0.128562 0.028543 0.028563
0 0.219134 0.195870 0.021289 0.021237
0 0.966627 0.351124 0.045122 0.045653
0 0.927697 0.424724 0.026215 0.025605
0 0.586271 0.095235 0.039230 0.039314
0 0.092567 0.011834 0.034750 0.023403
0 0.787646 0.091685 0.033647 0.033356
0 0.485798 0.685290 0.055922 0.055889
0 0.073037 0.345113 0.028760 0.028587
0 0.449701 0.054450 0.137387 0.108173
0 0.912969 0.293985 0.038058 0.037952
0 0.230663 0.636326 0.073548 0.073787
0 0.975366 0.798960 0.047091 0.047058
0 0.853259 0.526028 0.023064 0.022604
0 0.636012 0.753418 0.040872 0.040074
0 0.591576 0.871665 0.022657 0.023003
0 0.784177 0.577712 0.027606 0.027601
0 0.666997 0.073519 0.026576 0.026593
0 0.190495 0.560123 0.052687 0.053463
0 0.941190 0.893048 0.022217 0.022498
0 0.605035 0.711948 0.050985 0.051595
0 0.963240 0.055447 0.029581 0.030016
0 0.183453 0.746690 0.025533 0.025938
0 0.594137 0.549353 0.027992 0.027933
0 0.557860 0.432094 0.052554 0.053364
0 0.276827 0.848015 0.037324 0.037404
0 0.631661 0.617186 0.040201 0.039876
0 0.940929 0.549870 0.019784 0.019973
0 0.366913 0.971586 0.025386 0.025496
0 0.863384 0.157181 0.038282 0.038283
0 0.634192 0.473551 0.046758 0.047269
0 0.376619 0.865017 0.041122 0.041423
0 0.723646 0.685107 0.069038 0.069445
0 0.270510 0.724646 0.049919 0.049571
0 0.227754 0.015725 0.041735 0.031303
0 0.120260 0.799400 0.069535 0.069948
0 0.933396 0.496744 0.018801 0.018770
0 0.346749 0.679505 0.036203 0.036102
0 0.290416 0.268096 0.020313 0.020576
0 0.032920 0.889208 0.026110 0.026299
0 0.314123 0.697315 0.050372 0.050711
0 0.454067 0.769490 0.045364 0.045372
0 0.859919 0.043903 0.019757 0.019699
0 0.136721 0.913862 0.101783 0.104091
0 0.212712 0.526376 0.067448 0.070501
0 0.274090 0.670478 0.037029 0.037560
0 0.401531 0.528905 0.019047 0.018969
0 0.455063 0.609652 0.038805 0.039233
0 0.099700 0.543009 0.022728 0.022690
0 0.170511 0.303798 0.028657 0.029184
0 0.503962 0.546292 0.065450 0.065260
0 0.234355 0.151271 0.035905 0.036873
0 0.031890 0.659668 0.030360 0.031157
0 0.348293 0.100379 0.023988 0.023388
0 0.286624 0.470028 0.047804 0.049805
0 0.261120 0.284447 0.018516 0.019121
0 0.566095 0.710857 0.025541 0.026523
0 0.441403 0.265315 0.068399 0.070439
0 0.294416 0.414042 0.035154 0.036120
0 0.102989 0.865200 0.074863 0.075108
0 0.950118 0.144228 0.076332 0.075351
0 0.666991 0.009516 0.039512 0.019033
0 0.968009 0.735268 0.029517 0.028912
0 0.014019 0.728316 0.027531 0.030087
0 0.792462 0.506432 0.020304 0.020470
0 0.082000 0.149405 0.054976 0.053470
0 0.328248 0.850470 0.068450 0.068620
0 0.430299 0.792847 0.025871 0.026041
0 0.042551 0.580786 0.021575 0.021518
0 0.343650 0.197481 0.018688 0.018662
0 0.365465 0.597686 0.019733 0.019755
0 0.113423 0.446625 0.028780 0.028588
0 0.893841 0.987350 0.018608 0.019032
0 0.807730 0.006865 0.021895 0.013592
0 0.443684 0.566169 0.030558 0.030303
0 0.071194 0.991031 0.020215 0.017938
0 0.065641 0.040310 0.019941 0.018997
0 0.565852 0.748408 0.062127 0.062432
0 0.460755 0.750521 0.030990 0.032078
0 0.253205 0.443150 0.035932 0.036166
0 0.380027 0.261887 0.058018 0.058458
0 0.702901 0.491275 0.019698 0.020224
0 0.014120 0.846862 0.028240 0.095903
0 0.080477 0.521897 0.021597 0.021164
0 0.125149 0.016026 0.023781 0.024888
0 0.482664 0.342232 0.018242 0.018729
0 0.407660 0.774448 0.019769 0.019679
0 0.644731 0.787867 0.086312 0.089888
0 0.539394 0.360678 0.021115 0.021509
0 0.867462 0.269169 0.064803 0.072393
0 0.668795 0.675723 0.017737 0.017523
0 0.960421 0.109312 0.032252 0.032098
0 0.374410 0.741169 0.021597 0.021672
0 0.175640 0.804062 0.036076 0.036139
0 0.378817 0.764128 0.017944 0.018313
0 0.412595 0.824962 0.017713 0.017580
0 0.898453 0.775023 0.037478 0.037327
0 0.922458 0.236084 0.019014 0.019256
0 0.493203 0.401634 0.017718 0.017701
0 0.133686 0.303994 0.027425 0.027116
0 0.092103 0.749415 0.032286 0.032602
0 0.554087 0.569492 0.024700 0.024169
0 0.641834 0.702586 0.025127 0.025283
0 0.519314 0.956229 0.030822 0.031659
0 0.916545 0.689759 0.018275 0.018205
0 0.496855 0.264869 0.033985 0.033603
0 0.577475 0.571778 0.023983 0.025065
0 0.178215 0.777487 0.038381 0.037951
0 0.879187 0.662608 0.017019 0.017033
0 0.928868 0.333367 0.033640 0.033591
0 0.557438 0.852448 0.044847 0.046330
0 0.317847 0.271107 0.028845 0.029034
0 0.988660 0.030528 0.016547 0.016428
0 0.841609 0.323917 0.017354 0.017480
