0 0.890986 0.397325 0.210477 0.213155
0 0.386517 0.040194 0.034272 0.034610
0 0.125508 0.603552 0.025119 0.025055
0 0.674886 0.814293 0.060697 0.060341
0 0.109260 0.268719 0.042256 0.042016
0 0.373773 0.139265 0.032109 0.031922
0 0.352422 0.948994 0.079408 0.079563
0 0.269717 0.705651 0.029891 0.029802
0 0.806588 0.049548 0.024114 0.024402
0 0.710741 0.048973 0.028971 0.028866
0 0.347880 0.166292 0.026165 0.026334
0 0.019555 0.556482 0.032623 0.032892
0 0.356953 0.680237 0.026192 0.026267
0 0.681404 0.223854 0.026339 0.026581
0 0.126687 0.152047 0.023470 0.023088
0 0.308305 0.818185 0.029402 0.030250
0 0.126961 0.987121 0.026158 0.024810
0 0.218527 0.937925 0.032597 0.032120
0 0.149428 0.725781 0.073754 0.073004
0 0.253448 0.114247 0.037531 0.037843
0 0.711332 0.230330 0.024799 0.024861
0 0.771068 0.495081 0.021709 0.021662
0 0.020804 0.388693 0.023676 0.022545
0 0.557566 0.403360 0.029330 0.029173
0 0.077330 0.892146 0.024251 0.024338
0 0.387739 0.260723 0.063227 0.063891
0 0.425316 0.956565 0.031364 0.031318
0 0.370569 0.211516 0.028753 0.028852
0 0.157610 0.530867 0.022365 0.022445
0 0.361643 0.606179 0.027890 0.027412
0 0.103371 0.227985 0.022185 0.022395
0 0.305394 0.422673 0.022506 0.022651
0 0.492784 0.242052 0.021555 0.021645
0 0.305530 0.761729 0.021662 0.021861
0 0.498108 0.773587 0.115205 0.116826
0 0.228610 0.458067 0.022576 0.023288
0 0.218201 0.641456 0.036611 0.036669
0 0.292382 0.785777 0.021793 0.021635
0 0.576536 0.449534 0.022399 0.022769
0 0.638318 0.248124 0.020635 0.021185
0 0.631761 0.062426 0.023746 0.023768
0 0.337950 0.851813 0.022994 0.023326
0 0.648424 0.906547 0.023221 0.023357
0 0.829395 0.881347 0.066596 0.067762
0 0.368406 0.103525 0.022340 0.021902
0 0.398805 0.905015 0.046320 0.046573
0 0.547547 0.620244 0.020470 0.020263
0 0.395200 0.072423 0.028477 0.027676
0 0.279996 0.734108 0.020573 0.020756
0 0.705184 0.079134 0.019835 0.019563
0 0.364367 0.864894 0.039877 0.040379
0 0.627194 0.280989 0.118230 0.123189
0 0.181423 0.071406 0.051545 0.051417
0 0.509692 0.907630 0.077595 0.078280
0 0.883701 0.142594 0.082856 0.084890
0 0.047719 0.324778 0.019316 0.019266
0 0.014738 0.320711 0.019640 0.019485
0 0.732157 0.319580 0.032428 0.032747
