0 0.067649 0.239334 0.135297 0.151351
0 0.920174 0.511564 0.026848 0.026965
0 0.189507 0.873027 0.026376 0.027244
0 0.360884 0.575628 0.037821 0.037972
0 0.049863 0.502356 0.031925 0.031643
0 0.760369 0.968753 0.034527 0.034918
0 0.233136 0.206183 0.039271 0.039551
0 0.470141 0.862256 0.416203 0.275487
0 0.684227 0.573541 0.028437 0.028373
0 0.376448 0.680815 0.037522 0.037875
0 0.141464 0.136008 0.024058 0.024394
0 0.010723 0.814506 0.021446 0.043652
0 0.929806 0.456530 0.038265 0.038079
0 0.163454 0.500948 0.022689 0.023294
0 0.815710 0.462258 0.033985 0.034011
0 0.722137 0.769858 0.186194 0.182247
0 0.508667 0.521649 0.030467 0.030291
0 0.372701 0.031369 0.021548 0.021808
0 0.264284 0.123119 0.031496 0.030681
0 0.194999 0.807615 0.039279 0.039596
0 0.052591 0.819668 0.020533 0.021211
0 0.085384 0.776986 0.041882 0.043109
0 0.510820 0.305670 0.032887 0.032874
0 0.444483 0.539001 0.020966 0.020599
0 0.701623 0.859154 0.023834 0.023528
0 0.247533 0.170053 0.046200 0.044428
0 0.276480 0.302431 0.032554 0.033027
0 0.350523 0.308238 0.025917 0.026720
0 0.008098 0.528291 0.016197 0.028871
0 0.247220 0.554695 0.034701 0.034590
0 0.300739 0.327910 0.034903 0.035538
0 0.133048 0.355255 0.025502 0.024859
0 0.212596 0.654295 0.029303 0.029761
0 0.966085 0.664197 0.027483 0.028145
0 0.168377 0.132723 0.023804 0.023419
0 0.102938 0.367266 0.032875 0.033369
0 0.121116 0.874280 0.020355 0.020316
0 0.037778 0.794121 0.045136 0.046250
0 0.010425 0.861458 0.020784 0.048363
0 0.051193 0.456145 0.028486 0.027762
0 0.757988 0.245231 0.484024 0.486101
0 0.571685 0.382446 0.030812 0.030480
0 0.005215 0.052941 0.010431 0.034220
0 0.062264 0.746908 0.020505 0.020389
0 0.231542 0.476037 0.019639 0.020686
0 0.099167 0.548694 0.018064 0.017781
0 0.969742 0.781309 0.021054 0.021241
0 0.675182 0.432632 0.031569 0.030658
0 0.032748 0.834449 0.026571 0.027554
0 0.111305 0.773268 0.026288 0.030344
0 0.712864 0.466288 0.024488 0.024587
