0 0.513520 0.271290 0.047980 0.046939
0 0.703948 0.545185 0.038944 0.038282
0 0.711189 0.269242 0.039368 0.038742
0 0.171856 0.624531 0.037680 0.035896
0 0.507437 0.562405 0.030627 0.030270
0 0.034358 0.434339 0.034132 0.033414
0 0.625837 0.183332 0.026419 0.026448
0 0.282878 0.190061 0.026945 0.026653
0 0.011302 0.281054 0.022453 0.029184
0 0.470886 0.659739 0.026846 0.025972
0 0.120658 0.363599 0.028794 0.028492
0 0.336089 0.249777 0.025903 0.025615
0 0.546385 0.523837 0.027467 0.026920
0 0.763569 0.189312 0.023834 0.023817
0 0.580635 0.702776 0.025697 0.024815
0 0.898475 0.932122 0.030226 0.027940
0 0.231702 0.244221 0.028091 0.027653
0 0.599244 0.886671 0.027137 0.025621
0 0.268561 0.268004 0.028044 0.027992
0 0.022541 0.491596 0.024488 0.024421
0 0.176075 0.122189 0.025762 0.025609
0 0.529281 0.542612 0.025265 0.024402
0 0.717628 0.647652 0.024336 0.024488
0 0.197058 0.091092 0.023450 0.023307
0 0.843384 0.282824 0.024240 0.023750
0 0.118249 0.307723 0.024534 0.023929
0 0.563817 0.103403 0.023729 0.023546
0 0.110642 0.836862 0.025733 0.024483
0 0.875527 0.896224 0.030003 0.029318
0 0.448272 0.217198 0.022654 0.022594
0 0.007390 0.323734 0.014781 0.021732
0 0.771299 0.620953 0.021571 0.020995
0 0.463303 0.263230 0.022630 0.022696
0 0.114001 0.210698 0.023070 0.022809
0 0.332199 0.919569 0.023341 0.023423
0 0.484153 0.700768 0.021897 0.021833
0 0.357110 0.030597 0.023264 0.023034
0 0.195392 0.505452 0.022012 0.021709
