0 0.067738 0.751942 0.135476 0.168863
0 0.340699 0.456333 0.147344 0.150772
0 0.133913 0.234621 0.114067 0.114852
0 0.337857 0.832348 0.029014 0.028726
0 0.451425 0.973325 0.024664 0.024954
0 0.188010 0.800717 0.026053 0.026163
0 0.665084 0.881789 0.282823 0.235586
0 0.353141 0.808094 0.027525 0.027197
0 0.338407 0.090519 0.030165 0.030344
0 0.801085 0.563869 0.397831 0.426955
0 0.360167 0.129513 0.026685 0.026845
0 0.041453 0.851157 0.021998 0.022067
0 0.619221 0.010915 0.025376 0.021695
0 0.363338 0.659182 0.144324 0.144882
0 0.310350 0.574790 0.124546 0.125199
0 0.267193 0.240129 0.105306 0.103953
0 0.121088 0.049111 0.116133 0.098222
0 0.867105 0.943735 0.158150 0.111903
0 0.341999 0.114660 0.023415 0.023044
0 0.029179 0.534852 0.058246 0.086397
0 0.276107 0.374148 0.072309 0.072458
0 0.515794 0.289787 0.021905 0.022102
0 0.792651 0.572861 0.022589 0.021823
0 0.219886 0.936425 0.101405 0.102617
0 0.051957 0.006822 0.021347 0.013644
0 0.106154 0.355224 0.055957 0.054642
0 0.024983 0.229805 0.048755 0.057009
0 0.614930 0.174933 0.273484 0.295921
0 0.811805 0.135619 0.372520 0.269057
0 0.151376 0.508957 0.132838 0.136105
0 0.210572 0.813499 0.019146 0.019354
0 0.243496 0.679834 0.025280 0.025327
0 0.640518 0.278940 0.093400 0.098476
0 0.375022 0.257824 0.054215 0.054281
0 0.223935 0.555020 0.265431 0.273638
0 0.006669 0.746702 0.013339 0.021529
0 0.812506 0.574242 0.019849 0.020111
