0 0.386152 0.445962 0.096448 0.073669
0 0.254293 0.232139 0.054559 0.043331
0 0.556794 0.011985 0.040490 0.023890
0 0.277509 0.535975 0.038505 0.031886
0 0.160480 0.551200 0.048194 0.039136
0 0.178073 0.927743 0.036171 0.029617
0 0.354525 0.821189 0.208610 0.178515
0 0.344263 0.076705 0.038069 0.031129
0 0.156355 0.621126 0.043641 0.032413
0 0.501461 0.931700 0.031526 0.027014
0 0.114228 0.057062 0.060716 0.051130
0 0.401980 0.798469 0.033044 0.030018
0 0.963756 0.095796 0.047400 0.040782
0 0.049930 0.109887 0.099860 0.119742
