0 0.641040 0.432688 0.105057 0.098011
0 0.261857 0.733538 0.052693 0.052087
0 0.182569 0.278986 0.033509 0.033671
0 0.324794 0.650638 0.037118 0.036606
0 0.028223 0.840065 0.039591 0.039268
0 0.799589 0.262823 0.031916 0.032260
0 0.027667 0.437840 0.027245 0.027081
0 0.923628 0.263389 0.075456 0.074128
0 0.597436 0.859901 0.033443 0.032772
0 0.392050 0.743584 0.043002 0.042160
0 0.386356 0.136371 0.039514 0.039411
0 0.288122 0.067158 0.042565 0.042706
0 0.607080 0.058874 0.091814 0.089652
0 0.026387 0.958633 0.035352 0.035200
0 0.251310 0.093410 0.048215 0.047380
0 0.806590 0.323072 0.058112 0.056977
0 0.270900 0.668478 0.026727 0.026608
0 0.309413 0.041073 0.025568 0.026310
0 0.819448 0.131121 0.025035 0.024739
0 0.853402 0.726994 0.060297 0.059878
0 0.298718 0.434421 0.032374 0.032107
0 0.582425 0.249614 0.096129 0.093860
0 0.258352 0.362509 0.041095 0.042393
0 0.024151 0.925924 0.032428 0.031556
0 0.038342 0.316006 0.051712 0.051087
0 0.015371 0.984953 0.030108 0.029964
0 0.600452 0.640492 0.022533 0.024688
0 0.288101 0.325042 0.037433 0.037430
0 0.113320 0.866215 0.062448 0.060214
0 0.218262 0.349460 0.050188 0.050125
0 0.440058 0.130668 0.040401 0.038947
0 0.128887 0.493687 0.068924 0.070520
0 0.024019 0.544443 0.021924 0.021512
0 0.698634 0.333268 0.037792 0.038763
0 0.343438 0.334292 0.041296 0.040860
0 0.492760 0.095058 0.031736 0.032012
0 0.757050 0.282535 0.052589 0.051934
0 0.546311 0.740819 0.043710 0.041715
0 0.808185 0.459112 0.026636 0.026126
0 0.790528 0.493338 0.021810 0.021590
0 0.488157 0.315717 0.040112 0.039946
0 0.830832 0.530887 0.025215 0.025077
0 0.011063 0.612178 0.022125 0.028703
0 0.640535 0.231707 0.039360 0.037897
0 0.383704 0.711233 0.032320 0.031770
0 0.307660 0.388196 0.105808 0.102264
0 0.438770 0.378302 0.061590 0.061198
0 0.504369 0.654462 0.024188 0.024680
0 0.688418 0.932633 0.160381 0.134734
0 0.412452 0.257975 0.064429 0.063970
0 0.680708 0.158171 0.044203 0.044217
0 0.226913 0.761335 0.052130 0.049899
0 0.324265 0.755297 0.086178 0.085878
0 0.009384 0.632375 0.018668 0.024458
0 0.637063 0.353671 0.082018 0.079953
0 0.748121 0.638097 0.025690 0.025669
