0 0.637831 0.087244 0.041320 0.038373
0 0.770817 0.014596 0.054959 0.028874
0 0.230688 0.484742 0.060736 0.051118
0 0.231959 0.147751 0.037429 0.032881
0 0.844703 0.131435 0.056614 0.049088
0 0.531268 0.267315 0.042058 0.038748
0 0.431989 0.472299 0.043172 0.036501
0 0.728942 0.165705 0.074562 0.068729
0 0.344597 0.139536 0.037626 0.035953
0 0.548083 0.473174 0.047587 0.040615
0 0.805298 0.585572 0.127854 0.105417
0 0.727464 0.577162 0.048994 0.040517
0 0.396370 0.294662 0.036464 0.032628
0 0.233362 0.590842 0.036018 0.030415
0 0.365418 0.112924 0.035475 0.033716
0 0.507245 0.324829 0.037729 0.033287
0 0.436632 0.107702 0.038853 0.036513
0 0.899014 0.976004 0.043110 0.034971
0 0.883929 0.636325 0.070770 0.060314
0 0.418887 0.027380 0.034134 0.033585
0 0.555541 0.575709 0.035301 0.031309
0 0.643283 0.345748 0.041220 0.039316
0 0.506780 0.461840 0.029659 0.024331
0 0.820944 0.402662 0.030020 0.025981
0 0.451757 0.521645 0.031966 0.028619
0 0.415513 0.086860 0.031037 0.029128
0 0.465248 0.613715 0.037544 0.030953
0 0.280905 0.272075 0.028248 0.026377
0 0.518979 0.567954 0.040589 0.037246
0 0.157909 0.501873 0.032900 0.027244
0 0.964400 0.650509 0.070722 0.068868
0 0.658047 0.012231 0.033584 0.024423
0 0.306242 0.089847 0.038107 0.034670
0 0.525125 0.407743 0.029457 0.028047
0 0.452736 0.420981 0.025801 0.023411
0 0.917636 0.242374 0.030949 0.028541
0 0.018341 0.585446 0.031351 0.028073
0 0.380969 0.979231 0.036856 0.029465
0 0.553084 0.177002 0.033172 0.029090
0 0.086932 0.580887 0.173474 0.309519
0 0.443206 0.372121 0.024651 0.023677
0 0.260567 0.613472 0.033350 0.029449
0 0.385047 0.541106 0.028780 0.024953
0 0.924735 0.533027 0.031576 0.026034
0 0.554858 0.646339 0.113258 0.095127
0 0.341571 0.333929 0.028903 0.026738
0 0.585058 0.044346 0.027918 0.027024
0 0.344299 0.478876 0.027344 0.023168
0 0.010986 0.962752 0.021394 0.035909
0 0.851761 0.261335 0.051949 0.044567
0 0.035601 0.312075 0.070649 0.099992
0 0.743059 0.115357 0.028623 0.027250
0 0.493928 0.676334 0.030909 0.026787
0 0.981869 0.139738 0.029584 0.025842
0 0.797435 0.151274 0.027346 0.025495
0 0.518533 0.185122 0.026203 0.025583
0 0.503928 0.390734 0.024132 0.021651
0 0.778371 0.513797 0.074146 0.062732
0 0.814478 0.349928 0.110917 0.082815
0 0.385392 0.176804 0.078146 0.068148
0 0.310175 0.484022 0.024953 0.020319
0 0.791638 0.600201 0.059927 0.040293
0 0.935905 0.738215 0.062407 0.050040
