0 0.493178 0.332477 0.024930 0.025131
0 0.895232 0.116073 0.125914 0.120822
0 0.339156 0.557749 0.033477 0.033296
0 0.403911 0.917690 0.121459 0.119317
0 0.693909 0.078527 0.024456 0.023506
0 0.750209 0.336616 0.033380 0.032834
0 0.179954 0.095732 0.029013 0.029215
0 0.541385 0.061402 0.161787 0.122370
0 0.250713 0.354710 0.471764 0.440931
0 0.133878 0.920889 0.025895 0.024811
0 0.905117 0.058889 0.028190 0.028183
0 0.880305 0.369033 0.025192 0.024619
0 0.253506 0.534686 0.024409 0.024797
0 0.597908 0.548875 0.025787 0.026033
0 0.809652 0.629321 0.028024 0.028351
0 0.041880 0.535164 0.045664 0.043283
0 0.731015 0.120684 0.031126 0.030422
0 0.279135 0.985668 0.031244 0.027510
0 0.750634 0.137203 0.021273 0.021409
0 0.640998 0.291770 0.022071 0.021526
0 0.806807 0.202248 0.024282 0.024059
0 0.201808 0.113235 0.038295 0.039810
0 0.734841 0.586169 0.024310 0.024066
0 0.658309 0.478627 0.038517 0.038175
0 0.023175 0.172273 0.020470 0.019924
0 0.314072 0.056556 0.040893 0.041011
0 0.691313 0.105018 0.022712 0.023227
0 0.677080 0.592932 0.022613 0.022098
0 0.521625 0.598359 0.021597 0.022168
0 0.706743 0.141078 0.027308 0.027411
