0 0.278008 0.121129 0.067350 0.060731
0 0.881814 0.525214 0.042031 0.039569
0 0.029352 0.260952 0.041129 0.036803
0 0.519023 0.082050 0.031745 0.030552
0 0.146038 0.669935 0.037072 0.034817
0 0.752476 0.734822 0.028299 0.027484
0 0.060751 0.710140 0.045383 0.042956
0 0.134864 0.551224 0.037187 0.035348
0 0.394059 0.142439 0.033964 0.032511
0 0.598176 0.891837 0.030544 0.029817
0 0.863445 0.432501 0.032622 0.032075
0 0.989190 0.319171 0.021572 0.035677
0 0.250782 0.366983 0.031338 0.029914
0 0.611185 0.940136 0.033359 0.032100
0 0.232742 0.420231 0.028085 0.027108
0 0.936960 0.067187 0.029692 0.028357
0 0.178933 0.215938 0.034624 0.032749
0 0.532030 0.245283 0.024345 0.024146
0 0.970913 0.106986 0.027301 0.026326
0 0.877538 0.787604 0.032386 0.031248
0 0.016801 0.127474 0.033602 0.034576
0 0.707543 0.857233 0.025075 0.025179
0 0.582362 0.645159 0.023401 0.022862
0 0.055930 0.202554 0.028207 0.026159
0 0.033011 0.324276 0.030768 0.026893
