0 0.093569 0.300580 0.034697 0.034910
0 0.478259 0.809439 0.022403 0.022398
0 0.071430 0.678370 0.024812 0.024963
0 0.084997 0.727552 0.022222 0.022359
0 0.081690 0.907161 0.033528 0.033701
0 0.051135 0.857122 0.027348 0.027073
0 0.245531 0.427438 0.031394 0.031596
0 0.619901 0.374211 0.025648 0.026036
0 0.226385 0.745363 0.031990 0.032789
0 0.706446 0.214317 0.059924 0.058612
0 0.369535 0.769941 0.030677 0.030248
0 0.412358 0.899101 0.022177 0.022453
0 0.237727 0.679604 0.021763 0.021814
0 0.014272 0.830237 0.027285 0.028474
0 0.100177 0.938706 0.024611 0.024090
0 0.011858 0.634988 0.023407 0.049054
0 0.757712 0.541666 0.020967 0.021171
0 0.017509 0.562594 0.029392 0.029060
0 0.757787 0.991935 0.027725 0.016000
0 0.615118 0.061826 0.020763 0.021109
0 0.801928 0.488837 0.021136 0.021325
0 0.990327 0.483043 0.018419 0.019747
0 0.096572 0.825398 0.019659 0.019628
0 0.515028 0.061522 0.021235 0.021015
0 0.534051 0.774993 0.019748 0.019549
0 0.678973 0.153356 0.020050 0.019865
0 0.006874 0.459853 0.013596 0.025310
0 0.652937 0.040033 0.018976 0.018624
0 0.889230 0.411664 0.021798 0.022305
0 0.104925 0.805807 0.018656 0.018831
0 0.953037 0.680548 0.083717 0.084467
0 0.828975 0.558002 0.119348 0.115740
0 0.473216 0.221153 0.046536 0.046070
0 0.788985 0.219464 0.019795 0.019806
0 0.214994 0.816381 0.019101 0.019293
0 0.689305 0.795964 0.135146 0.131835
