0 0.885140 0.520626 0.034818 0.034682
0 0.215741 0.973852 0.060196 0.052295
0 0.072954 0.885530 0.034156 0.033774
0 0.593608 0.764446 0.029109 0.028636
0 0.930556 0.623938 0.024824 0.025315
0 0.064905 0.956129 0.027398 0.027623
0 0.610822 0.948618 0.026140 0.026006
0 0.502276 0.831726 0.023477 0.023223
0 0.585966 0.908839 0.025925 0.025752
0 0.354489 0.710365 0.032316 0.032383
0 0.340876 0.693809 0.028946 0.028843
0 0.272451 0.855048 0.029646 0.029221
0 0.533547 0.918149 0.036030 0.035613
0 0.941554 0.647083 0.020072 0.021158
0 0.158810 0.811398 0.021003 0.020937
0 0.398696 0.556097 0.041181 0.039129
0 0.873404 0.832474 0.037731 0.038014
0 0.708341 0.730167 0.022340 0.022257
0 0.009421 0.852634 0.018539 0.021021
0 0.953624 0.400212 0.048299 0.049437
0 0.083709 0.973127 0.023361 0.023551
0 0.602709 0.557271 0.020887 0.020833
0 0.275187 0.875322 0.021971 0.021802
0 0.659595 0.492039 0.020689 0.020615
0 0.753276 0.677531 0.020411 0.020440
0 0.527433 0.784458 0.019354 0.019547
0 0.654002 0.991068 0.023760 0.017776
0 0.012430 0.185126 0.024617 0.051587
0 0.613992 0.784966 0.026679 0.026142
