0 0.675160 0.774339 0.332449 0.294096
0 0.963177 0.592988 0.050885 0.046873
0 0.650352 0.563169 0.172286 0.153639
0 0.879144 0.681269 0.135221 0.117359
0 0.853436 0.035431 0.032655 0.031864
0 0.053262 0.819716 0.035011 0.033346
0 0.081285 0.072680 0.035333 0.035185
0 0.037745 0.131105 0.029114 0.028412
0 0.859688 0.507806 0.031693 0.029988
0 0.854779 0.402783 0.035370 0.033142
0 0.357544 0.402109 0.029875 0.028844
0 0.916546 0.780352 0.113576 0.102810
0 0.595841 0.946489 0.036235 0.031232
0 0.306017 0.753721 0.025249 0.024592
0 0.551770 0.297004 0.025630 0.025101
0 0.771987 0.189336 0.083806 0.080313
0 0.102819 0.529983 0.033720 0.032514
0 0.275007 0.780402 0.025759 0.024616
0 0.369540 0.332274 0.027790 0.027007
0 0.086715 0.923601 0.057812 0.053496
0 0.079134 0.563616 0.028231 0.026830
0 0.297649 0.302632 0.022923 0.022597
0 0.093750 0.496264 0.035285 0.033717
0 0.979657 0.530480 0.039352 0.067779
0 0.766748 0.569315 0.082100 0.081445
