0 0.363307 0.588612 0.064153 0.062692
0 0.263046 0.311369 0.045978 0.043413
0 0.627197 0.694143 0.084699 0.079590
0 0.851680 0.447074 0.041442 0.040394
0 0.497907 0.561988 0.056608 0.055621
0 0.639031 0.537093 0.045942 0.045130
0 0.030100 0.787427 0.038750 0.032292
0 0.798248 0.203048 0.032400 0.032065
0 0.071999 0.239969 0.037855 0.036601
0 0.738972 0.462197 0.099307 0.094279
0 0.381427 0.161909 0.249584 0.284051
0 0.486848 0.764445 0.081388 0.072430
0 0.654709 0.309887 0.052005 0.051256
0 0.706196 0.216766 0.029893 0.029649
0 0.519455 0.617573 0.034253 0.033262
0 0.092776 0.282144 0.049725 0.051455
0 0.114132 0.462752 0.064107 0.062525
0 0.142738 0.064505 0.029561 0.028691
0 0.279881 0.372343 0.073566 0.070455
0 0.387437 0.551474 0.051372 0.050875
0 0.283589 0.576919 0.035915 0.035794
0 0.072566 0.663433 0.029451 0.028451
0 0.421794 0.715327 0.069761 0.067625
0 0.340534 0.698877 0.095011 0.095744
0 0.048825 0.174353 0.097650 0.133102
0 0.578571 0.479598 0.081484 0.079025
0 0.560364 0.745960 0.078502 0.078848
0 0.591842 0.284914 0.038518 0.039380
0 0.011226 0.719406 0.022451 0.036096
0 0.094105 0.763104 0.050509 0.048481
0 0.235294 0.753206 0.029023 0.028397
0 0.765029 0.181637 0.467804 0.363273
0 0.682416 0.549108 0.048472 0.046736
0 0.983011 0.480967 0.031018 0.031188
0 0.892823 0.007369 0.032025 0.014714
0 0.824596 0.639622 0.311237 0.305453
0 0.528943 0.710764 0.031996 0.034483
0 0.645643 0.755605 0.112244 0.099595
0 0.011016 0.109791 0.021748 0.063807
0 0.113107 0.687241 0.025677 0.025517
0 0.966100 0.030612 0.064341 0.060899
0 0.048245 0.121458 0.048456 0.047541
