0 0.789538 0.800305 0.148989 0.149278
0 0.273291 0.892060 0.027280 0.027274
0 0.147051 0.204859 0.031286 0.031357
0 0.226315 0.546635 0.030632 0.030903
0 0.628469 0.832676 0.073150 0.072903
0 0.414829 0.623115 0.034367 0.034768
0 0.272382 0.494199 0.033326 0.033559
0 0.405786 0.439349 0.023815 0.023922
0 0.437976 0.716619 0.052658 0.052589
0 0.907305 0.909305 0.029501 0.029737
0 0.939912 0.801094 0.040792 0.040435
0 0.708353 0.385741 0.041139 0.040966
0 0.904615 0.736285 0.046210 0.046390
0 0.842530 0.535264 0.025103 0.025459
0 0.300709 0.423982 0.053891 0.054422
0 0.805016 0.369893 0.029941 0.029535
0 0.949660 0.323372 0.056377 0.055416
0 0.915631 0.568817 0.036310 0.035777
0 0.533522 0.889740 0.050956 0.052189
0 0.851115 0.418385 0.038794 0.038955
0 0.966276 0.378464 0.024969 0.025002
0 0.783586 0.385907 0.032001 0.030444
0 0.188475 0.060271 0.020770 0.020689
0 0.055368 0.350783 0.035016 0.035792
0 0.714359 0.468742 0.021233 0.021007
0 0.533376 0.721323 0.143871 0.146100
0 0.031901 0.292560 0.026150 0.026424
0 0.863689 0.749363 0.031165 0.031215
0 0.865745 0.297989 0.100642 0.100553
0 0.711765 0.885683 0.021306 0.021319
0 0.955223 0.959791 0.023259 0.023901
0 0.929704 0.550485 0.024433 0.024751
0 0.541721 0.989385 0.038724 0.021230
0 0.306257 0.119496 0.041820 0.041544
0 0.066340 0.899546 0.026420 0.025828
0 0.506243 0.932959 0.103537 0.107580
0 0.953219 0.563107 0.023064 0.023368
0 0.739541 0.423523 0.021338 0.021092
0 0.549705 0.036248 0.036578 0.037310
0 0.452607 0.802682 0.083172 0.080249
0 0.561161 0.567023 0.129213 0.129960
0 0.706626 0.454825 0.063476 0.063810
