0 0.603444 0.715725 0.038375 0.036745
0 0.198468 0.281456 0.061499 0.059277
0 0.285796 0.294843 0.043568 0.043431
0 0.461700 0.397986 0.039949 0.038824
0 0.444497 0.815214 0.077374 0.076706
0 0.836540 0.428000 0.033303 0.032114
0 0.768134 0.387483 0.037390 0.036843
0 0.228295 0.483323 0.029479 0.027853
0 0.263469 0.825181 0.031759 0.030190
0 0.101125 0.622110 0.028760 0.027511
0 0.222797 0.548140 0.024827 0.024511
0 0.711394 0.657955 0.022371 0.023012
0 0.574846 0.553311 0.026764 0.026495
0 0.943163 0.691101 0.022784 0.022535
0 0.596524 0.992070 0.027650 0.015207
0 0.633846 0.464272 0.025839 0.025412
0 0.564048 0.850964 0.031301 0.030039
0 0.734143 0.575736 0.022502 0.022488
0 0.978079 0.216010 0.025956 0.025619
0 0.095368 0.311137 0.035655 0.034506
0 0.602910 0.883922 0.025643 0.025536
0 0.021103 0.743305 0.025780 0.024427
0 0.326209 0.682006 0.077406 0.073141
0 0.687566 0.902387 0.029993 0.030581
