0 0.502746 0.840751 0.195007 0.198417
0 0.220878 0.642775 0.038591 0.037969
0 0.195486 0.135069 0.056380 0.056380
0 0.628401 0.696992 0.038572 0.038573
0 0.304785 0.084453 0.023986 0.023970
0 0.821517 0.124572 0.031337 0.031581
0 0.393199 0.543339 0.093374 0.092614
0 0.204070 0.177770 0.026082 0.025858
0 0.476346 0.189488 0.065673 0.064509
0 0.411315 0.356133 0.027205 0.027333
0 0.584567 0.085491 0.144188 0.140211
0 0.327562 0.658871 0.051418 0.051040
0 0.309367 0.279414 0.031165 0.031158
0 0.314337 0.772582 0.035363 0.035856
0 0.460441 0.238054 0.043902 0.044108
0 0.452283 0.288310 0.063766 0.064036
0 0.296053 0.050929 0.022270 0.022012
0 0.133803 0.566597 0.050669 0.050015
0 0.806277 0.933594 0.024034 0.024227
0 0.466526 0.480974 0.049499 0.049020
0 0.882403 0.085397 0.025941 0.026149
0 0.396928 0.591800 0.033326 0.032858
0 0.521142 0.290603 0.037387 0.037073
0 0.264927 0.130183 0.052504 0.052358
0 0.074157 0.473891 0.060943 0.060895
0 0.234369 0.726586 0.037564 0.037372
0 0.888158 0.913760 0.071249 0.071712
0 0.193792 0.333550 0.051637 0.051664
0 0.233274 0.038519 0.023385 0.023071
0 0.148987 0.126528 0.037370 0.037213
0 0.350045 0.084903 0.026902 0.027312
0 0.441265 0.410508 0.042360 0.042714
0 0.148764 0.675542 0.046754 0.046225
0 0.748473 0.019967 0.026436 0.026756
0 0.416458 0.151511 0.046423 0.046285
0 0.161758 0.359460 0.028629 0.028393
0 0.053525 0.571355 0.088465 0.086933
0 0.925694 0.079757 0.026869 0.025429
0 0.343500 0.889899 0.089877 0.088651
0 0.577736 0.855313 0.023509 0.023521
0 0.626693 0.852568 0.065720 0.065859
0 0.193084 0.378623 0.046726 0.045700
0 0.111801 0.269849 0.034653 0.034085
0 0.062610 0.497722 0.031863 0.032141
0 0.378782 0.199869 0.021027 0.021682
0 0.255175 0.410023 0.028126 0.028117
0 0.033518 0.175827 0.066717 0.084656
0 0.361792 0.317227 0.033662 0.033935
0 0.425886 0.200046 0.041345 0.041105
0 0.222428 0.095942 0.036535 0.038577
0 0.381537 0.344740 0.032095 0.032838
0 0.497906 0.625644 0.071943 0.072508
0 0.827111 0.597534 0.342793 0.401417
0 0.221522 0.963198 0.096401 0.071937
0 0.474832 0.724395 0.037068 0.036875
0 0.684391 0.106419 0.020775 0.020732
0 0.273739 0.730643 0.021873 0.021526
0 0.392008 0.218451 0.033260 0.033297
0 0.638727 0.922176 0.023207 0.023197
0 0.739019 0.222732 0.065228 0.064399
0 0.729749 0.913585 0.131684 0.131728
0 0.016162 0.018143 0.031677 0.031411
0 0.022512 0.008479 0.023091 0.016958
0 0.237351 0.897214 0.020794 0.020555
0 0.480621 0.433634 0.052043 0.052050
0 0.395009 0.983834 0.017980 0.017914
0 0.562689 0.222455 0.018957 0.019463
0 0.391410 0.693968 0.019214 0.019055
0 0.577648 0.785916 0.032655 0.033210
0 0.632321 0.881193 0.027095 0.024285
0 0.493303 0.991527 0.018276 0.016850
0 0.338056 0.359331 0.047146 0.047711
0 0.960700 0.143704 0.039807 0.037660
0 0.017897 0.537440 0.035794 0.048122
0 0.729667 0.988618 0.029630 0.022763
0 0.495822 0.366692 0.132169 0.133745
0 0.198708 0.235704 0.025444 0.024641
0 0.960736 0.123792 0.031096 0.028348
0 0.121882 0.114651 0.022253 0.021977
0 0.110183 0.784135 0.218961 0.333173
0 0.211226 0.569391 0.033398 0.033754
0 0.867196 0.117216 0.019672 0.019386
0 0.691140 0.057093 0.019530 0.019731
0 0.070554 0.013278 0.029964 0.026192
0 0.326102 0.376833 0.020719 0.022475
0 0.807546 0.053312 0.036707 0.036445
0 0.560633 0.250500 0.065872 0.066221
0 0.951086 0.902240 0.018643 0.018330
0 0.117191 0.506246 0.019817 0.020103
0 0.381584 0.151965 0.023278 0.023617
0 0.069449 0.542849 0.036656 0.036433
0 0.188411 0.772178 0.062960 0.061684
0 0.009997 0.113487 0.019545 0.022093
0 0.103736 0.012154 0.033683 0.024309
0 0.853281 0.966792 0.035058 0.035590
0 0.418536 0.223894 0.020436 0.020579
0 0.433269 0.737258 0.044733 0.044330
0 0.290740 0.307870 0.030189 0.029957
0 0.444528 0.646521 0.035914 0.035431
0 0.395680 0.046376 0.040107 0.039962
0 0.008585 0.429054 0.016735 0.018679
0 0.304398 0.370645 0.019744 0.019756
0 0.147587 0.964954 0.023080 0.022482
0 0.757351 0.141867 0.030754 0.029595
0 0.128601 0.228122 0.043801 0.043006
0 0.005235 0.495192 0.010469 0.018852
0 0.771737 0.199779 0.024020 0.025253
