0 0.571422 0.265825 0.218120 0.196007
0 0.856297 0.220704 0.253620 0.217132
0 0.832221 0.320937 0.052731 0.047124
0 0.185487 0.492112 0.150839 0.138899
0 0.929360 0.881676 0.141280 0.149156
0 0.817911 0.067312 0.257494 0.134010
0 0.364855 0.675959 0.034181 0.032358
0 0.823847 0.782923 0.057164 0.053872
0 0.686431 0.522482 0.025406 0.025372
0 0.173576 0.261921 0.029195 0.025442
0 0.199453 0.279974 0.040033 0.037234
0 0.112577 0.145871 0.024831 0.023279
0 0.602553 0.373935 0.025743 0.023548
0 0.486329 0.434237 0.038301 0.035733
0 0.942486 0.439860 0.027058 0.026359
0 0.907376 0.381574 0.027430 0.026024
0 0.970552 0.551277 0.026904 0.024785
0 0.719911 0.460734 0.022408 0.021518
0 0.790856 0.372216 0.113862 0.112251
0 0.543620 0.386981 0.022578 0.021407
0 0.066206 0.225219 0.021229 0.020828
0 0.939055 0.390297 0.024000 0.023395
0 0.089578 0.375016 0.024100 0.023358
0 0.115781 0.291020 0.022842 0.021624
0 0.051482 0.791548 0.102442 0.303135
0 0.636923 0.540073 0.033713 0.032572
0 0.526546 0.037337 0.131075 0.074675
0 0.699057 0.125170 0.093986 0.079652
0 0.662857 0.333929 0.020109 0.019791
