0 0.764291 0.024613 0.069679 0.047965
0 0.414022 0.871717 0.056996 0.044152
0 0.603040 0.543256 0.069469 0.055062
0 0.431243 0.156153 0.043404 0.037903
0 0.962358 0.049630 0.035888 0.032217
0 0.901357 0.208720 0.101070 0.085908
0 0.516419 0.566796 0.044395 0.037744
0 0.633868 0.744137 0.045459 0.037660
0 0.489595 0.962962 0.036471 0.027991
0 0.669669 0.612526 0.041250 0.032535
0 0.013591 0.618591 0.027183 0.032286
0 0.803114 0.588091 0.037841 0.030569
0 0.753320 0.775155 0.061887 0.053826
0 0.183760 0.369762 0.085378 0.074393
0 0.164151 0.244298 0.202547 0.172756
0 0.461238 0.932012 0.033724 0.028611
0 0.528603 0.803384 0.050376 0.041834
0 0.587478 0.299132 0.037981 0.034670
0 0.216940 0.510021 0.061391 0.048905
0 0.327810 0.690972 0.064517 0.047306
0 0.418330 0.040072 0.031275 0.026692
0 0.120031 0.890637 0.038320 0.032619
0 0.454281 0.305101 0.037734 0.033888
0 0.107328 0.535384 0.087127 0.065263
0 0.126202 0.035461 0.099275 0.068479
0 0.621047 0.713594 0.035019 0.030411
0 0.581868 0.438269 0.029872 0.026369
0 0.743013 0.192514 0.030789 0.026760
0 0.751112 0.344618 0.061280 0.050657
0 0.350911 0.989128 0.034662 0.021744
0 0.224378 0.621316 0.039421 0.030894
0 0.148289 0.203897 0.119324 0.095390
0 0.506937 0.358481 0.036204 0.030712
0 0.327178 0.437458 0.106158 0.094078
0 0.634288 0.291216 0.053095 0.045329
0 0.037421 0.269311 0.029817 0.026191
0 0.115016 0.094288 0.056323 0.048676
0 0.057076 0.388363 0.057502 0.045527
0 0.887708 0.954027 0.184676 0.090523
0 0.110405 0.737003 0.220810 0.392810
