0 0.111218 0.171109 0.073887 0.059665
0 0.037502 0.541258 0.054926 0.043400
0 0.963483 0.568469 0.050359 0.036765
0 0.956377 0.798894 0.042579 0.033711
0 0.242255 0.624997 0.054013 0.042131
0 0.580755 0.938075 0.137370 0.113422
0 0.311516 0.816602 0.060131 0.052000
0 0.941807 0.049162 0.113272 0.094099
0 0.301678 0.890452 0.056045 0.043682
0 0.347863 0.869058 0.041020 0.031947
0 0.862645 0.488433 0.036097 0.029881
0 0.453756 0.095907 0.167664 0.131537
0 0.182703 0.614498 0.062424 0.046772
0 0.490890 0.911130 0.069419 0.053111
0 0.130174 0.639427 0.085070 0.065506
0 0.499830 0.778506 0.042373 0.035478
0 0.687140 0.951913 0.035907 0.031248
0 0.715414 0.026855 0.048117 0.041068
0 0.305040 0.434213 0.037205 0.032989
0 0.365658 0.990096 0.037511 0.019255
0 0.887475 0.015664 0.074134 0.031270
0 0.703438 0.732253 0.036871 0.030350
0 0.054994 0.893414 0.038285 0.029285
0 0.896944 0.866553 0.087923 0.069836
0 0.457810 0.956227 0.049865 0.035574
0 0.118609 0.477408 0.055372 0.043363
