0 0.180572 0.374736 0.107676 0.102814
0 0.530471 0.544473 0.033178 0.032038
0 0.453201 0.237058 0.100032 0.094991
0 0.512479 0.497916 0.073949 0.072371
0 0.578600 0.398799 0.054838 0.053421
0 0.250082 0.860995 0.066184 0.062810
0 0.919782 0.647502 0.057250 0.056342
0 0.571574 0.015209 0.051795 0.030333
0 0.585851 0.289024 0.051331 0.050223
0 0.699715 0.610280 0.090656 0.088765
0 0.969997 0.397311 0.059852 0.064688
0 0.331572 0.626680 0.029530 0.028935
0 0.390099 0.345828 0.067794 0.066844
0 0.377184 0.586182 0.070533 0.070008
0 0.943370 0.746826 0.039071 0.038965
0 0.191547 0.225960 0.059401 0.056820
0 0.379167 0.416962 0.043873 0.042390
0 0.172890 0.906257 0.058314 0.053945
0 0.534495 0.629581 0.071942 0.070903
0 0.750247 0.588325 0.030755 0.028650
0 0.174863 0.592468 0.039673 0.037702
0 0.975273 0.788934 0.049453 0.056527
0 0.487230 0.352250 0.086852 0.083130
0 0.870698 0.328579 0.054312 0.053179
0 0.324488 0.701167 0.031821 0.031011
0 0.159698 0.444025 0.080262 0.075595
0 0.865664 0.251723 0.067239 0.067142
0 0.387094 0.701652 0.026266 0.025762
0 0.849665 0.714328 0.031068 0.030025
0 0.245034 0.962787 0.054584 0.050220
0 0.924193 0.348168 0.032420 0.032324
0 0.353720 0.484105 0.039742 0.039026
0 0.245801 0.477737 0.034974 0.034705
0 0.867722 0.282145 0.036132 0.035433
0 0.635769 0.710930 0.080832 0.080607
0 0.172501 0.971387 0.096932 0.057164
0 0.930631 0.321276 0.066463 0.065868
0 0.141020 0.313510 0.035590 0.033359
0 0.500098 0.416205 0.027951 0.026278
0 0.286107 0.987319 0.029934 0.024460
0 0.658431 0.665216 0.074400 0.070372
0 0.335998 0.165910 0.069598 0.068952
0 0.635196 0.961136 0.111399 0.077727
0 0.255584 0.747887 0.072061 0.069947
0 0.493761 0.528279 0.035140 0.034751
0 0.649226 0.254381 0.036041 0.035232
0 0.385453 0.310831 0.024144 0.022554
0 0.304123 0.123245 0.034538 0.034403
0 0.990726 0.022405 0.018548 0.026284
0 0.763535 0.951717 0.022853 0.023123
0 0.233257 0.309978 0.023666 0.023582
0 0.017571 0.373461 0.034688 0.083111
0 0.482813 0.306877 0.086666 0.080683
0 0.864912 0.460052 0.132521 0.124412
0 0.768648 0.142788 0.022505 0.021956
0 0.452326 0.429748 0.060961 0.060897
0 0.666401 0.436234 0.033381 0.032606
0 0.992617 0.986660 0.013323 0.026681
0 0.122248 0.268212 0.030727 0.030406
0 0.916515 0.533182 0.062851 0.062062
0 0.857188 0.759504 0.020603 0.020430
0 0.424157 0.965157 0.064517 0.061129
0 0.081358 0.227942 0.035518 0.033050
0 0.717367 0.684892 0.021667 0.020751
0 0.069343 0.028127 0.052929 0.052498
0 0.249931 0.409876 0.047025 0.045153
0 0.243189 0.108611 0.153690 0.143054
0 0.006471 0.155069 0.012902 0.070059
0 0.979447 0.468175 0.040201 0.041084
0 0.108843 0.299593 0.026923 0.026217
