0 0.864365 0.435906 0.085545 0.062630
0 0.553372 0.201699 0.171232 0.134480
0 0.860158 0.076018 0.049493 0.040956
0 0.806946 0.844347 0.046585 0.036884
0 0.849386 0.721135 0.058074 0.044897
0 0.766381 0.838093 0.037488 0.032161
0 0.505469 0.103135 0.036609 0.029335
0 0.228865 0.682734 0.316125 0.261966
0 0.350313 0.700756 0.035230 0.028655
0 0.752309 0.546244 0.260198 0.175749
0 0.985005 0.199592 0.029991 0.033359
0 0.550462 0.660800 0.034686 0.027941
0 0.641877 0.683256 0.030349 0.024212
0 0.582921 0.375375 0.029736 0.023487
0 0.948071 0.309744 0.033603 0.025876
0 0.443076 0.006407 0.032763 0.012754
