0 0.744798 0.843388 0.080564 0.059867
0 0.112119 0.459645 0.133079 0.099826
0 0.525327 0.521564 0.093812 0.070935
0 0.065945 0.270896 0.100842 0.078772
0 0.260164 0.613393 0.150245 0.118612
0 0.437364 0.560335 0.071415 0.054999
0 0.385119 0.355810 0.054082 0.041936
0 0.820866 0.528412 0.043583 0.034401
0 0.238430 0.766949 0.050547 0.040359
0 0.647489 0.409047 0.053312 0.039015
0 0.134182 0.786070 0.049551 0.037956
0 0.421880 0.737394 0.102903 0.079751
0 0.168153 0.348884 0.153707 0.121304
0 0.018956 0.671475 0.037913 0.041116
0 0.937438 0.966614 0.070049 0.055224
0 0.154920 0.583332 0.143123 0.113432
0 0.163629 0.868514 0.055639 0.041195
0 0.931615 0.228829 0.133885 0.107369
0 0.314734 0.908810 0.451617 0.181682
0 0.783126 0.891477 0.034845 0.026256
0 0.356464 0.599101 0.130547 0.099942
0 0.537114 0.856310 0.044620 0.031934
0 0.555095 0.420832 0.045416 0.032925
0 0.510672 0.412061 0.042396 0.030499
0 0.017603 0.140774 0.034815 0.046577
0 0.138451 0.738542 0.065068 0.051709
0 0.597507 0.428308 0.039497 0.030250
