0 0.601809 0.863492 0.187517 0.146138
0 0.734575 0.275773 0.134802 0.106759
0 0.591617 0.368551 0.090059 0.072168
0 0.127137 0.586077 0.119961 0.099907
0 0.841173 0.501555 0.105911 0.093676
0 0.230992 0.380876 0.117225 0.090285
0 0.167226 0.695058 0.127467 0.093676
0 0.257978 0.812816 0.095561 0.079156
0 0.191161 0.279574 0.181934 0.127162
0 0.879213 0.847594 0.093403 0.075127
0 0.178912 0.846081 0.042108 0.033649
0 0.539340 0.677468 0.035362 0.030696
0 0.882109 0.081535 0.087075 0.072273
0 0.319642 0.342271 0.068495 0.055382
0 0.307318 0.405375 0.058074 0.050198
0 0.262837 0.537182 0.084389 0.067329
0 0.817295 0.735636 0.085567 0.073180
0 0.770166 0.946155 0.101803 0.078434
0 0.470083 0.275597 0.073259 0.055744
0 0.367823 0.153973 0.085702 0.067410
0 0.849988 0.928922 0.103034 0.076804
0 0.961814 0.763985 0.076371 0.078455
0 0.113999 0.432999 0.043369 0.035092
0 0.036857 0.589948 0.039368 0.032472
0 0.909663 0.345799 0.080872 0.066140
0 0.300941 0.738838 0.062974 0.047906
0 0.978680 0.295498 0.042641 0.040369
0 0.568291 0.421991 0.099445 0.082214
0 0.689945 0.530590 0.121359 0.099121
0 0.233661 0.472770 0.057941 0.044806
0 0.935407 0.376018 0.127558 0.103895
0 0.248407 0.182528 0.063478 0.043807
0 0.147337 0.486594 0.042312 0.034156
0 0.074774 0.509852 0.083001 0.064786
0 0.796754 0.428494 0.057584 0.050646
0 0.708548 0.589395 0.043093 0.037932
0 0.858446 0.690478 0.042816 0.035204
0 0.017499 0.473008 0.034751 0.097603
0 0.432387 0.564683 0.366118 0.292087
0 0.572198 0.576570 0.128615 0.110230
0 0.392513 0.022305 0.067206 0.044238
0 0.979825 0.442376 0.040323 0.066655
0 0.949053 0.553420 0.031242 0.028085
0 0.978276 0.182202 0.037070 0.028725
0 0.546680 0.495027 0.203237 0.163761
0 0.927361 0.142081 0.080686 0.062836
0 0.816962 0.152698 0.125614 0.098990
0 0.428914 0.730213 0.039997 0.030282
0 0.262632 0.704316 0.058556 0.041793
0 0.968855 0.948759 0.061302 0.047237
0 0.363613 0.267441 0.056561 0.043958
0 0.476878 0.962698 0.034599 0.026671
0 0.078475 0.027899 0.051989 0.041486
0 0.345837 0.471988 0.047556 0.040900
0 0.138430 0.842405 0.276577 0.312411
0 0.359437 0.298237 0.046057 0.036162
0 0.377114 0.526411 0.031532 0.026409
0 0.901825 0.509049 0.039868 0.034388
0 0.671366 0.533401 0.022703 0.022250
0 0.904585 0.268480 0.112875 0.089548
0 0.678068 0.201457 0.184657 0.142002
0 0.417153 0.209733 0.063176 0.051192
0 0.029233 0.665434 0.058466 0.076097
0 0.327082 0.794451 0.066251 0.050795
0 0.353329 0.756412 0.054091 0.038568
0 0.823393 0.185440 0.169875 0.142624
0 0.094339 0.197295 0.187616 0.386206
0 0.899775 0.048073 0.042875 0.033817
0 0.759322 0.458390 0.036719 0.030885
0 0.626614 0.793189 0.405573 0.336974
