0 0.120733 0.869970 0.024733 0.024713
0 0.228002 0.111017 0.187192 0.186336
0 0.318280 0.405415 0.021930 0.021530
0 0.705271 0.704735 0.029538 0.029876
0 0.218940 0.523764 0.027940 0.027854
0 0.537167 0.409188 0.100321 0.102415
0 0.599796 0.815490 0.087205 0.087485
0 0.847250 0.324610 0.026816 0.026437
0 0.537473 0.744310 0.030057 0.029670
0 0.810145 0.783096 0.029272 0.029575
0 0.413986 0.480860 0.053829 0.054496
0 0.216896 0.378995 0.036406 0.036389
0 0.894252 0.274098 0.025134 0.024775
0 0.282117 0.564201 0.024009 0.023895
0 0.471155 0.973207 0.025476 0.025630
0 0.475323 0.899853 0.031819 0.031932
0 0.175487 0.717439 0.054572 0.054659
0 0.895639 0.558421 0.030332 0.029899
0 0.582667 0.144451 0.034882 0.035715
0 0.875682 0.861886 0.087472 0.087594
0 0.804683 0.716515 0.039112 0.039939
0 0.797964 0.331321 0.035541 0.035217
0 0.084965 0.587235 0.026304 0.026553
0 0.472294 0.759089 0.074799 0.076276
0 0.882415 0.662332 0.036139 0.035641
0 0.418888 0.264265 0.101715 0.104377
0 0.907265 0.231634 0.029896 0.030333
0 0.241965 0.979443 0.037351 0.036946
0 0.603224 0.625169 0.043686 0.043274
0 0.385117 0.977481 0.039182 0.039565
0 0.591792 0.249387 0.022551 0.022413
0 0.254201 0.883891 0.032579 0.032931
0 0.906056 0.939084 0.056352 0.055898
0 0.902738 0.376187 0.030014 0.030367
0 0.766141 0.922200 0.056406 0.057587
0 0.804567 0.898385 0.021494 0.020929
0 0.318400 0.548552 0.058900 0.058816
0 0.832878 0.077946 0.059310 0.059552
0 0.622710 0.927466 0.021330 0.021306
0 0.828441 0.700987 0.023960 0.024301
0 0.222104 0.922518 0.023087 0.023089
0 0.662822 0.539206 0.052363 0.052334
0 0.215612 0.559098 0.022922 0.022261
0 0.250603 0.555768 0.036289 0.036609
0 0.947324 0.701541 0.024144 0.024259
0 0.265333 0.514459 0.036090 0.036311
0 0.520013 0.363936 0.043231 0.042795
0 0.932263 0.795201 0.027115 0.027135
0 0.931813 0.632593 0.052881 0.052487
0 0.656113 0.115360 0.021640 0.021746
0 0.947940 0.902032 0.024061 0.024228
0 0.165159 0.418063 0.022964 0.022622
0 0.763648 0.615904 0.021001 0.020862
0 0.828641 0.923612 0.022845 0.023078
0 0.655333 0.341973 0.042122 0.043697
0 0.077220 0.347371 0.037346 0.036929
0 0.986081 0.545588 0.027839 0.031565
0 0.022886 0.548551 0.045004 0.068456
0 0.784593 0.694712 0.019824 0.019550
0 0.093187 0.317223 0.046010 0.046936
0 0.442350 0.857473 0.019267 0.019172
0 0.986143 0.635925 0.027277 0.042612
0 0.951935 0.575540 0.020792 0.020067
0 0.684429 0.954457 0.047150 0.048003
0 0.616830 0.730601 0.028903 0.028939
0 0.058174 0.396684 0.034776 0.034951
0 0.513218 0.340745 0.025202 0.024603
0 0.189162 0.939060 0.019169 0.019085
0 0.183450 0.780913 0.037251 0.036908
0 0.792868 0.488481 0.020624 0.020783
0 0.320242 0.779638 0.021264 0.021133
0 0.485516 0.587059 0.018662 0.018375
0 0.299758 0.485942 0.019255 0.019428
0 0.638064 0.296213 0.044195 0.045162
0 0.169185 0.893972 0.018030 0.017954
0 0.844535 0.743502 0.019142 0.019378
0 0.641895 0.396976 0.020423 0.020396
0 0.612259 0.477655 0.084152 0.082711
0 0.535353 0.780255 0.055200 0.054521
0 0.481389 0.121475 0.019187 0.019191
0 0.685204 0.988204 0.025348 0.023210
0 0.925597 0.776865 0.019067 0.019216
0 0.493182 0.727640 0.018532 0.018158
0 0.300392 0.993914 0.020002 0.012146
0 0.576447 0.120962 0.020731 0.020236
0 0.625856 0.656836 0.042911 0.043017
0 0.953985 0.843877 0.074186 0.075916
0 0.774987 0.471627 0.249238 0.253163
0 0.014384 0.530296 0.027539 0.057897
0 0.122357 0.807788 0.022314 0.022730
0 0.982285 0.332743 0.020648 0.020514
0 0.949397 0.311597 0.023592 0.023676
0 0.265932 0.326130 0.091818 0.093319
0 0.041523 0.688284 0.075516 0.075915
0 0.047776 0.306387 0.047524 0.046709
0 0.699697 0.778893 0.020746 0.021015
0 0.854908 0.390833 0.044593 0.045618
0 0.442133 0.895427 0.026158 0.027414
0 0.928327 0.387183 0.025228 0.026022
0 0.768872 0.293192 0.027449 0.027959
0 0.754803 0.272335 0.026060 0.026837
0 0.870244 0.956339 0.021525 0.021663
0 0.710148 0.645572 0.023976 0.023667
0 0.942562 0.122300 0.019785 0.019838
0 0.241183 0.635775 0.018996 0.018993
0 0.990038 0.058310 0.018829 0.038683
0 0.426242 0.571069 0.017706 0.017830
0 0.301062 0.745937 0.244962 0.229368
0 0.109687 0.354379 0.026148 0.025911
