0 0.370742 0.523841 0.064395 0.064767
0 0.759968 0.639715 0.035394 0.034376
0 0.231812 0.665491 0.077176 0.076250
0 0.956302 0.090460 0.049689 0.050372
0 0.860640 0.851160 0.147523 0.147573
0 0.562142 0.059216 0.024798 0.024396
0 0.448513 0.680361 0.027300 0.027070
0 0.702082 0.505516 0.070308 0.070145
0 0.266660 0.502621 0.024101 0.024294
0 0.742157 0.692733 0.030141 0.029977
0 0.697156 0.177194 0.025622 0.025581
0 0.623649 0.862665 0.037266 0.037154
0 0.244023 0.356036 0.118019 0.116287
0 0.558345 0.121081 0.037632 0.037622
0 0.349968 0.391661 0.103167 0.102071
0 0.306257 0.558574 0.023466 0.023168
0 0.613066 0.538634 0.038454 0.038516
0 0.663744 0.539451 0.050366 0.049055
0 0.801816 0.558693 0.058486 0.059108
0 0.863393 0.107027 0.036459 0.037359
0 0.817883 0.520146 0.023127 0.023191
0 0.791323 0.591645 0.022555 0.021707
0 0.430194 0.903196 0.042541 0.042528
0 0.548907 0.203505 0.068692 0.068220
0 0.916714 0.576144 0.065490 0.065339
0 0.952201 0.531426 0.024986 0.025649
0 0.754193 0.463667 0.031295 0.031810
0 0.953357 0.148203 0.034197 0.033419
0 0.931445 0.934346 0.137111 0.130058
0 0.914318 0.097139 0.041784 0.042809
0 0.748020 0.016744 0.057169 0.033080
0 0.885836 0.407872 0.020571 0.020641
0 0.030810 0.248022 0.030242 0.029698
0 0.715502 0.786965 0.027143 0.026495
0 0.786961 0.677281 0.054670 0.054539
0 0.529138 0.639175 0.404693 0.420760
0 0.575529 0.972762 0.023140 0.023439
0 0.993385 0.242464 0.013231 0.024239
0 0.495406 0.043683 0.078810 0.080273
0 0.906937 0.523030 0.020653 0.020169
0 0.922546 0.716580 0.046617 0.046783
0 0.946999 0.139662 0.049634 0.049691
0 0.787919 0.474768 0.031850 0.031590
0 0.765132 0.494402 0.031813 0.032299
0 0.830226 0.216196 0.021626 0.021501
0 0.508273 0.300720 0.161106 0.164385
0 0.540151 0.150687 0.024916 0.025824
0 0.401458 0.116170 0.020843 0.020156
0 0.303527 0.806523 0.028214 0.027508
0 0.816687 0.018036 0.083677 0.035734
0 0.451321 0.023825 0.092362 0.047649
0 0.968205 0.186709 0.019365 0.019443
0 0.638529 0.347984 0.077070 0.078111
