0 0.179788 0.847561 0.056248 0.056902
0 0.875355 0.652999 0.049729 0.050695
0 0.299597 0.312662 0.100008 0.100942
0 0.802765 0.084615 0.069882 0.070380
0 0.961327 0.075885 0.026437 0.026301
0 0.387241 0.301346 0.034719 0.034636
0 0.761718 0.891797 0.023823 0.024048
0 0.909695 0.433442 0.023089 0.023099
0 0.939597 0.928270 0.025250 0.025326
0 0.798730 0.785897 0.062521 0.062760
0 0.676803 0.796703 0.029012 0.029438
0 0.392546 0.253678 0.029280 0.029062
0 0.748355 0.151152 0.022117 0.022174
0 0.010926 0.069791 0.021853 0.031591
0 0.737384 0.786247 0.027352 0.027378
0 0.505595 0.674192 0.030331 0.029986
0 0.024046 0.086368 0.024403 0.024089
0 0.581388 0.353263 0.037744 0.037802
0 0.174480 0.733008 0.027237 0.027247
0 0.986369 0.284733 0.021238 0.020443
0 0.738928 0.006799 0.026741 0.013599
0 0.137259 0.984162 0.089901 0.031675
0 0.454106 0.699964 0.023222 0.023486
0 0.171889 0.145162 0.024902 0.024698
0 0.667311 0.871754 0.023949 0.023468
0 0.437916 0.665201 0.023027 0.023281
0 0.234840 0.663979 0.027196 0.027587
0 0.224632 0.601067 0.025099 0.025521
0 0.587658 0.726326 0.047406 0.046737
0 0.376925 0.718889 0.021216 0.021418
0 0.849495 0.006835 0.024831 0.013669
0 0.149191 0.650664 0.029028 0.029189
0 0.269186 0.761564 0.022856 0.022250
0 0.066770 0.573081 0.035544 0.035737
0 0.959120 0.824931 0.026770 0.025811
0 0.807941 0.243486 0.055462 0.055377
0 0.543547 0.930795 0.032262 0.031813
0 0.729080 0.292140 0.035627 0.036053
0 0.187786 0.912282 0.024781 0.024113
0 0.171440 0.330309 0.048302 0.049218
0 0.678025 0.406380 0.041969 0.041954
0 0.388862 0.674137 0.024144 0.023708
0 0.857551 0.063208 0.018971 0.019080
0 0.635666 0.128737 0.020214 0.020458
0 0.980257 0.334854 0.023204 0.023165
0 0.838175 0.891782 0.020424 0.020737
0 0.187548 0.033719 0.021952 0.022115
0 0.981912 0.102413 0.027949 0.028993
0 0.625704 0.083649 0.019211 0.019433
0 0.257289 0.489642 0.038888 0.039207
0 0.025870 0.181848 0.020485 0.020567
0 0.196886 0.542069 0.021546 0.021476
0 0.534936 0.313514 0.053119 0.053436
0 0.465434 0.538683 0.094399 0.094006
0 0.398797 0.560215 0.053590 0.052978
0 0.993587 0.976818 0.012825 0.022028
0 0.360425 0.636565 0.020707 0.020361
0 0.099047 0.436027 0.035096 0.035236
0 0.283416 0.562695 0.043898 0.044204
0 0.037041 0.973776 0.026112 0.025455
0 0.059578 0.257958 0.023631 0.023543
0 0.523158 0.621545 0.020644 0.020506
0 0.033172 0.615508 0.064684 0.069891
0 0.306951 0.653049 0.021292 0.021432
0 0.015006 0.211384 0.030012 0.070782
0 0.395712 0.526040 0.041857 0.041519
0 0.762893 0.850034 0.019302 0.019462
