0 0.591099 0.738816 0.108060 0.087459
0 0.425656 0.015453 0.057967 0.030906
0 0.939216 0.792530 0.043843 0.034870
0 0.224134 0.337211 0.039640 0.033458
0 0.837212 0.397811 0.309226 0.276187
0 0.029939 0.118981 0.039085 0.036601
0 0.140732 0.899887 0.035751 0.028550
0 0.133276 0.951940 0.084121 0.072508
0 0.208335 0.863558 0.039027 0.030981
0 0.238357 0.917080 0.051424 0.041357
0 0.080769 0.972238 0.032796 0.029195
0 0.407621 0.877584 0.037025 0.029226
0 0.282019 0.207155 0.101979 0.090846
0 0.156218 0.121623 0.030137 0.026727
0 0.810254 0.601378 0.033203 0.028876
