0 0.204569 0.584473 0.091248 0.092307
0 0.929594 0.205059 0.027458 0.027442
0 0.152411 0.949299 0.032930 0.032091
0 0.404085 0.560844 0.033027 0.033092
0 0.493116 0.447197 0.027704 0.027697
0 0.545512 0.300700 0.044621 0.044401
0 0.944878 0.806671 0.028687 0.028232
0 0.404269 0.014405 0.035812 0.028811
0 0.225547 0.304606 0.024648 0.024777
0 0.254280 0.544906 0.035534 0.035429
0 0.355135 0.989428 0.030552 0.021144
0 0.449649 0.069022 0.028559 0.028450
0 0.939919 0.226577 0.024713 0.023935
0 0.981420 0.228588 0.032941 0.033049
0 0.096606 0.238855 0.027104 0.027077
0 0.250184 0.522295 0.022410 0.022578
0 0.731256 0.316994 0.023809 0.024120
0 0.798646 0.544327 0.021104 0.021400
0 0.835579 0.249234 0.023812 0.023932
0 0.308668 0.309213 0.021782 0.022228
0 0.694725 0.621709 0.021395 0.021229
0 0.025520 0.076071 0.025539 0.024978
0 0.951926 0.630223 0.031484 0.031204
0 0.757930 0.327971 0.022585 0.022925
0 0.937226 0.909241 0.069140 0.070078
0 0.109043 0.525320 0.029444 0.028821
0 0.030771 0.123593 0.020740 0.020838
0 0.986150 0.261694 0.020928 0.020329
0 0.626915 0.126701 0.025036 0.025075
0 0.103832 0.498684 0.021817 0.021449
0 0.771775 0.950089 0.092465 0.093456
0 0.008878 0.637141 0.017756 0.039661
0 0.396218 0.624914 0.020975 0.020973
0 0.265294 0.963502 0.053398 0.052515
0 0.942937 0.246954 0.020011 0.019880
0 0.467335 0.010684 0.038665 0.021190
0 0.837723 0.899500 0.021809 0.022050
0 0.255449 0.500606 0.031245 0.031633
0 0.045110 0.058678 0.023872 0.024274
0 0.286085 0.036858 0.037089 0.037269
0 0.416694 0.617437 0.020501 0.020545
0 0.530533 0.052848 0.019576 0.019877
0 0.574459 0.440267 0.027869 0.027720
0 0.613275 0.302157 0.115263 0.127069
0 0.321785 0.867260 0.020578 0.020641
0 0.222465 0.230489 0.047297 0.047167
0 0.870058 0.056975 0.060021 0.057228
0 0.933437 0.778321 0.060988 0.062488
0 0.830933 0.952750 0.023058 0.022964
0 0.009228 0.928363 0.018124 0.020028
0 0.084735 0.042206 0.074857 0.073890
