0 0.921126 0.749250 0.062684 0.063141
0 0.866683 0.924342 0.059329 0.058628
0 0.494120 0.626158 0.040830 0.040607
0 0.278898 0.044997 0.037804 0.037204
0 0.130824 0.219725 0.043314 0.042046
0 0.898885 0.892222 0.033920 0.033477
0 0.251177 0.275802 0.031549 0.031663
0 0.492763 0.328070 0.032093 0.031548
0 0.679617 0.990137 0.025330 0.019725
0 0.143385 0.159036 0.033049 0.031832
0 0.209619 0.093700 0.033407 0.032955
0 0.672503 0.459682 0.027887 0.027702
0 0.152689 0.265302 0.045104 0.044060
0 0.097339 0.304902 0.055629 0.057818
0 0.413864 0.427626 0.031690 0.032785
0 0.199239 0.331446 0.032990 0.032144
0 0.783194 0.561919 0.044938 0.044595
0 0.539128 0.559257 0.030833 0.030998
0 0.679968 0.220615 0.033814 0.031560
0 0.146847 0.184741 0.034102 0.032573
0 0.398206 0.088107 0.025123 0.025641
0 0.540247 0.635073 0.050182 0.049782
0 0.096493 0.527649 0.022974 0.022920
0 0.664544 0.437028 0.025356 0.026017
0 0.629646 0.651885 0.052195 0.051847
0 0.561634 0.588544 0.038491 0.038859
0 0.810993 0.188058 0.024137 0.023677
0 0.889789 0.372647 0.025117 0.024842
0 0.555432 0.519280 0.031323 0.032030
0 0.178173 0.156430 0.028746 0.029086
0 0.620631 0.186736 0.026522 0.026224
0 0.456739 0.482075 0.020298 0.019932
0 0.167500 0.319346 0.028331 0.027906
0 0.788558 0.220175 0.023674 0.023920
