0 0.671505 0.196517 0.326018 0.309289
0 0.066247 0.917893 0.132373 0.153628
0 0.368201 0.132756 0.046640 0.045695
0 0.041395 0.297954 0.038899 0.037012
0 0.339492 0.359112 0.035413 0.035241
0 0.868163 0.351890 0.033018 0.033115
0 0.672659 0.168957 0.037754 0.036366
0 0.569221 0.506329 0.032652 0.032404
0 0.570071 0.597576 0.117937 0.114872
0 0.793723 0.449802 0.202609 0.193341
0 0.223832 0.594872 0.045452 0.044790
0 0.364598 0.857231 0.026111 0.026391
0 0.985336 0.879367 0.029327 0.040236
0 0.766785 0.032681 0.116419 0.064897
0 0.926985 0.367384 0.027687 0.026730
0 0.738878 0.554493 0.032567 0.032589
0 0.910255 0.435557 0.026511 0.026085
0 0.315578 0.529371 0.205683 0.196368
0 0.666081 0.534294 0.083550 0.079482
0 0.494816 0.448131 0.040025 0.038681
0 0.929228 0.754322 0.024428 0.024497
0 0.414166 0.534431 0.025310 0.025227
0 0.194523 0.521988 0.030424 0.030177
0 0.091399 0.676152 0.076875 0.073663
0 0.878950 0.289415 0.026094 0.025410
0 0.877782 0.916016 0.244437 0.167968
0 0.742203 0.766172 0.071241 0.071653
0 0.445635 0.245385 0.044494 0.043393
0 0.704423 0.020122 0.043371 0.039208
0 0.027858 0.626412 0.055405 0.054332
0 0.856974 0.022076 0.023229 0.023452
0 0.488239 0.576843 0.026385 0.026657
0 0.922390 0.027076 0.024299 0.023435
0 0.669664 0.030429 0.051908 0.048421
0 0.011379 0.792703 0.022758 0.033019
0 0.052138 0.815612 0.084146 0.082913
0 0.879550 0.600933 0.032162 0.032224
0 0.553351 0.941116 0.050899 0.050097
0 0.085551 0.622176 0.040981 0.039845
0 0.188219 0.901665 0.023040 0.023578
0 0.224399 0.713246 0.086869 0.085132
0 0.010100 0.306378 0.020200 0.022491
0 0.889175 0.650541 0.021589 0.021518
0 0.605727 0.026201 0.025844 0.025819
0 0.972603 0.306404 0.020106 0.020233
0 0.960986 0.593280 0.077718 0.275285
0 0.676342 0.190289 0.166213 0.119879
