0 0.251823 0.625095 0.347319 0.307122
0 0.770416 0.184886 0.058468 0.055028
0 0.718678 0.869509 0.060059 0.057824
0 0.717251 0.407497 0.050211 0.047865
0 0.812960 0.224389 0.054613 0.051963
0 0.729945 0.091432 0.047543 0.045338
0 0.446516 0.192165 0.037297 0.034504
0 0.504475 0.295537 0.056682 0.053820
0 0.731195 0.301798 0.033549 0.032782
0 0.585446 0.559513 0.028016 0.026740
0 0.366288 0.090008 0.053480 0.047427
0 0.585773 0.148001 0.047747 0.045978
0 0.540314 0.278800 0.039184 0.038849
0 0.783207 0.695285 0.257129 0.230499
0 0.057268 0.330194 0.082608 0.080657
0 0.974493 0.431578 0.049860 0.053584
0 0.479936 0.463960 0.050389 0.046401
0 0.273314 0.225619 0.058904 0.054449
0 0.254758 0.970039 0.029026 0.027211
0 0.986698 0.545593 0.026604 0.049206
0 0.074263 0.599646 0.037132 0.035749
0 0.630252 0.330494 0.029537 0.028759
0 0.537258 0.211310 0.029024 0.026355
0 0.669385 0.378934 0.048920 0.045695
0 0.037113 0.855564 0.074095 0.151271
0 0.830673 0.433476 0.062631 0.060866
0 0.883523 0.298462 0.113431 0.105550
0 0.895350 0.643695 0.050317 0.048467
0 0.092163 0.400563 0.037794 0.036805
0 0.987652 0.470869 0.024695 0.033698
0 0.515693 0.990484 0.034658 0.018602
0 0.943740 0.970379 0.112519 0.058827
0 0.641775 0.148644 0.024728 0.023714
0 0.879133 0.075801 0.239158 0.151602
0 0.240698 0.369556 0.108008 0.102664
0 0.721461 0.815026 0.078806 0.075674
0 0.967616 0.330794 0.064769 0.078591
0 0.311319 0.045285 0.074129 0.070695
0 0.947099 0.222265 0.105801 0.224581
0 0.857387 0.991598 0.060612 0.016664
0 0.261807 0.839330 0.113738 0.111052
0 0.637075 0.164756 0.024400 0.023422
0 0.809122 0.489455 0.022913 0.022509
0 0.860381 0.797537 0.022787 0.022377
0 0.766010 0.501361 0.021267 0.020934
0 0.536747 0.061224 0.042724 0.037852
0 0.808491 0.470330 0.025105 0.024050
0 0.056165 0.623258 0.024587 0.023623
0 0.909579 0.139526 0.028644 0.027649
0 0.609774 0.111552 0.033468 0.032520
0 0.417246 0.141287 0.061450 0.058287
0 0.317665 0.819881 0.207555 0.185478
0 0.508662 0.826713 0.021796 0.021760
0 0.901953 0.703487 0.033499 0.031917
0 0.863696 0.974941 0.026380 0.023877
0 0.010497 0.755496 0.020582 0.089834
0 0.826197 0.800731 0.030579 0.029821
