0 0.758201 0.167823 0.291733 0.291900
0 0.602952 0.374963 0.027951 0.027943
0 0.976860 0.578815 0.023968 0.023335
0 0.320365 0.530202 0.089299 0.090136
0 0.667522 0.421294 0.030295 0.030260
0 0.427346 0.261455 0.024589 0.024346
0 0.897136 0.745738 0.031058 0.031177
0 0.877944 0.700931 0.022181 0.022056
0 0.052014 0.338795 0.037725 0.037270
0 0.169713 0.124166 0.022977 0.023489
0 0.436701 0.504987 0.053209 0.053053
0 0.390093 0.451047 0.058710 0.058353
0 0.494947 0.692081 0.022389 0.022744
0 0.605795 0.763420 0.063353 0.063326
0 0.208142 0.637284 0.044517 0.044555
0 0.572895 0.640686 0.055332 0.055366
0 0.110122 0.537724 0.051133 0.051287
0 0.707531 0.446018 0.029302 0.028384
0 0.365455 0.358006 0.027089 0.027390
0 0.364463 0.678382 0.038433 0.037288
0 0.399195 0.172733 0.041584 0.040970
0 0.307695 0.198717 0.063667 0.064379
0 0.021013 0.768702 0.024878 0.024505
0 0.814553 0.627729 0.019850 0.019950
0 0.736660 0.828387 0.022315 0.022294
0 0.113726 0.720120 0.099212 0.100637
0 0.771695 0.557632 0.110555 0.111550
0 0.520191 0.803007 0.039460 0.040023
0 0.028203 0.884033 0.034330 0.034180
0 0.312959 0.608706 0.039336 0.039535
0 0.282815 0.644193 0.030439 0.030459
0 0.855530 0.046187 0.027351 0.027525
0 0.257110 0.350884 0.057609 0.057956
0 0.422178 0.675448 0.031004 0.031268
0 0.287077 0.160553 0.067270 0.067830
0 0.648126 0.633426 0.021951 0.022281
0 0.223256 0.872890 0.125206 0.127681
0 0.295691 0.090473 0.020246 0.020338
0 0.527510 0.472608 0.020799 0.020873
0 0.403120 0.713301 0.035253 0.035043
0 0.856196 0.421699 0.019185 0.018916
0 0.900124 0.601310 0.020580 0.020775
0 0.383921 0.767379 0.060196 0.058180
0 0.977673 0.036704 0.034513 0.035396
0 0.643674 0.817303 0.020862 0.020683
0 0.251701 0.640527 0.031692 0.031492
0 0.773044 0.707811 0.032707 0.033976
0 0.484129 0.986140 0.048876 0.027719
0 0.666141 0.382935 0.019635 0.019842
0 0.290351 0.384663 0.049811 0.050159
0 0.326879 0.436867 0.070914 0.070274
0 0.142131 0.783392 0.039607 0.041552
0 0.598788 0.322003 0.020470 0.020090
0 0.180122 0.268391 0.037179 0.037644
0 0.126651 0.120598 0.019686 0.019917
0 0.658126 0.325864 0.019141 0.019265
0 0.937247 0.276826 0.019322 0.019191
0 0.531161 0.053535 0.034828 0.034021
0 0.652404 0.526026 0.021687 0.021716
0 0.113823 0.088869 0.025345 0.026452
0 0.279822 0.596268 0.032126 0.032663
0 0.991242 0.343704 0.016651 0.019472
0 0.558273 0.056844 0.019766 0.019659
0 0.359929 0.850439 0.019996 0.020145
0 0.989480 0.834790 0.021040 0.029839
0 0.224912 0.984353 0.069647 0.031295
0 0.859299 0.748296 0.020351 0.020287
0 0.293983 0.720672 0.045471 0.045633
0 0.637735 0.715600 0.018723 0.018671
0 0.643772 0.777052 0.020476 0.020521
0 0.275002 0.013773 0.104518 0.027547
0 0.709958 0.723418 0.042825 0.042309
0 0.007065 0.903247 0.014130 0.031551
0 0.053285 0.797275 0.018336 0.018506
0 0.555489 0.010600 0.090808 0.021200
0 0.434896 0.710178 0.019034 0.019179
0 0.421988 0.042351 0.043042 0.043528
0 0.144660 0.138778 0.029319 0.028225
0 0.386184 0.535925 0.036355 0.037582
0 0.745297 0.715329 0.029341 0.029447
0 0.732036 0.372015 0.061070 0.059757
0 0.706527 0.942530 0.018933 0.018869
0 0.283254 0.749789 0.018090 0.018177
0 0.475378 0.794773 0.019732 0.019663
0 0.521316 0.320345 0.019454 0.019863
0 0.009537 0.411467 0.018725 0.022473
0 0.831342 0.976029 0.316471 0.047943
0 0.332305 0.333401 0.018196 0.018307
0 0.546180 0.983926 0.062804 0.031949
0 0.354242 0.656341 0.020622 0.019992
0 0.266174 0.844723 0.065472 0.067367
0 0.303721 0.451289 0.038624 0.039652
0 0.052537 0.058779 0.104118 0.117161
0 0.174317 0.666446 0.041276 0.041022
0 0.979394 0.079507 0.038425 0.049485
0 0.539498 0.032175 0.027270 0.025408
0 0.605651 0.415958 0.018361 0.018204
0 0.210415 0.835382 0.060798 0.059828
0 0.940706 0.475618 0.019112 0.019148
0 0.308345 0.973447 0.076441 0.052910
0 0.338061 0.588180 0.023660 0.023185
0 0.202607 0.452525 0.039626 0.039907
0 0.696938 0.464996 0.018545 0.018399
0 0.372535 0.989626 0.019314 0.018955
0 0.440195 0.869655 0.018965 0.018994
0 0.316777 0.030806 0.031912 0.031817
