0 0.070417 0.657457 0.078502 0.062337
0 0.688289 0.560022 0.053792 0.042604
0 0.807547 0.527088 0.047174 0.037086
0 0.708899 0.148166 0.040387 0.030215
0 0.460905 0.032424 0.042079 0.034117
0 0.460715 0.522910 0.067417 0.049401
0 0.428500 0.154102 0.046724 0.036245
0 0.412119 0.083164 0.059215 0.045153
0 0.412464 0.118028 0.053609 0.039964
0 0.271298 0.508506 0.040483 0.033609
0 0.010533 0.781256 0.021066 0.033236
0 0.463157 0.077561 0.045651 0.037648
0 0.897916 0.522365 0.038868 0.029856
0 0.860458 0.486648 0.035376 0.030397
0 0.871374 0.812326 0.037030 0.029495
0 0.458151 0.263223 0.036536 0.033132
0 0.982876 0.927350 0.034248 0.032395
0 0.421856 0.050056 0.055102 0.044136
0 0.342586 0.027443 0.113283 0.054886
0 0.879791 0.160862 0.206998 0.155658
