0 0.648411 0.212340 0.032361 0.031865
0 0.656628 0.155222 0.041706 0.041570
0 0.248858 0.217452 0.024909 0.024181
0 0.249232 0.297025 0.030335 0.029991
0 0.280965 0.261080 0.031081 0.031024
0 0.160501 0.769390 0.038172 0.037782
0 0.350882 0.046700 0.027562 0.026789
0 0.838213 0.552970 0.032174 0.032833
0 0.864532 0.573449 0.032983 0.032457
0 0.146768 0.075535 0.032044 0.032917
0 0.690830 0.798213 0.024155 0.023966
0 0.059768 0.301278 0.023730 0.022796
0 0.686358 0.088491 0.028598 0.028110
0 0.545290 0.244645 0.022381 0.022282
0 0.044930 0.061348 0.026105 0.026941
0 0.234151 0.277829 0.022955 0.023249
0 0.627775 0.626263 0.023674 0.023534
0 0.007776 0.368786 0.015312 0.023284
0 0.698955 0.169238 0.021740 0.021804
0 0.114149 0.746518 0.029338 0.029387
0 0.552604 0.713651 0.027523 0.028076
0 0.567096 0.261712 0.026363 0.025898
0 0.413269 0.196509 0.021742 0.021837
0 0.220838 0.083859 0.020727 0.020542
0 0.171745 0.444350 0.030276 0.030361
