0 0.053548 0.138242 0.083436 0.082601
0 0.244639 0.745957 0.063583 0.063143
0 0.229348 0.340324 0.082472 0.082504
0 0.646442 0.562008 0.023079 0.022787
0 0.698515 0.474316 0.041059 0.040347
0 0.550811 0.625112 0.028480 0.028269
0 0.399274 0.724509 0.038436 0.037818
0 0.831375 0.289264 0.047137 0.046505
0 0.530607 0.405721 0.052569 0.052159
0 0.397101 0.421235 0.042858 0.042712
0 0.024523 0.290668 0.049045 0.055762
0 0.156732 0.247344 0.035420 0.035853
0 0.796243 0.410037 0.041375 0.040949
0 0.460831 0.445801 0.068540 0.067857
0 0.290010 0.174795 0.025801 0.025152
0 0.039481 0.215309 0.021530 0.021352
0 0.812592 0.900476 0.024254 0.024331
0 0.507106 0.695296 0.046744 0.045039
0 0.943987 0.566498 0.029316 0.029533
0 0.210641 0.222584 0.022427 0.022759
0 0.023352 0.368506 0.046703 0.075374
0 0.095078 0.241989 0.023316 0.023714
0 0.655822 0.750072 0.037145 0.036655
0 0.470718 0.065870 0.033053 0.032895
0 0.741051 0.346289 0.036394 0.036840
0 0.028390 0.008041 0.046162 0.016081
0 0.588646 0.926672 0.043547 0.043382
0 0.738980 0.213471 0.030660 0.030103
0 0.789711 0.891333 0.021916 0.021533
0 0.721028 0.287554 0.031818 0.031738
0 0.102227 0.576384 0.066648 0.067109
0 0.783843 0.799977 0.026301 0.025745
0 0.326989 0.445316 0.030370 0.030558
0 0.963242 0.696186 0.023891 0.022323
0 0.843069 0.181996 0.027492 0.027153
0 0.857590 0.607702 0.023223 0.023417
0 0.313001 0.339412 0.034226 0.034070
0 0.655757 0.462949 0.019990 0.020511
0 0.794016 0.628182 0.022103 0.022134
0 0.855402 0.204729 0.027247 0.026951
0 0.985456 0.764229 0.026046 0.024866
0 0.736588 0.703062 0.029001 0.028040
0 0.813457 0.167589 0.024938 0.024642
0 0.885791 0.458269 0.228418 0.389998
0 0.756928 0.682002 0.019891 0.019683
0 0.659553 0.770306 0.030715 0.031512
0 0.186267 0.186822 0.019433 0.019457
0 0.369802 0.251246 0.034812 0.034847
0 0.649896 0.048448 0.029303 0.028751
0 0.375024 0.397748 0.023040 0.023081
0 0.133504 0.534208 0.027451 0.027615
0 0.387277 0.173829 0.134226 0.131483
0 0.422835 0.952274 0.121578 0.095453
0 0.326895 0.320721 0.041069 0.043023
0 0.969167 0.867800 0.031375 0.030512
0 0.371536 0.967031 0.033554 0.034000
