0 0.882106 0.214301 0.108224 0.107874
0 0.262635 0.163208 0.103919 0.103531
0 0.265495 0.398235 0.286703 0.279813
0 0.547439 0.209642 0.098461 0.098648
0 0.205581 0.647507 0.033084 0.033081
0 0.962445 0.885387 0.033129 0.032598
0 0.403710 0.166318 0.093516 0.090143
0 0.257175 0.368590 0.030164 0.029601
0 0.948667 0.436597 0.044283 0.044133
0 0.844154 0.667744 0.048527 0.047428
0 0.740329 0.861406 0.030674 0.030154
0 0.544987 0.442529 0.059733 0.060873
0 0.818208 0.452510 0.031962 0.031480
0 0.889287 0.858807 0.029925 0.030461
0 0.871519 0.306207 0.024568 0.024639
0 0.434525 0.414047 0.056835 0.056436
0 0.908197 0.925021 0.022848 0.023010
0 0.483541 0.513763 0.214166 0.205997
0 0.658588 0.089973 0.052459 0.052290
0 0.874035 0.379432 0.152846 0.154737
0 0.691868 0.435987 0.123665 0.119851
0 0.710675 0.044863 0.060708 0.059478
0 0.750366 0.378691 0.118433 0.120323
0 0.779082 0.428413 0.062797 0.062537
0 0.052477 0.163737 0.046565 0.046368
0 0.910029 0.718563 0.028802 0.028470
0 0.588573 0.732120 0.024013 0.023721
0 0.105906 0.138868 0.070930 0.069136
0 0.480983 0.126281 0.034822 0.034203
0 0.660386 0.034546 0.043075 0.042619
0 0.768289 0.126305 0.033663 0.033468
0 0.201410 0.437628 0.025275 0.024871
0 0.853335 0.797436 0.021569 0.021382
0 0.265011 0.278020 0.023411 0.022872
0 0.699139 0.619762 0.028872 0.028541
0 0.489981 0.500915 0.025289 0.026213
0 0.676580 0.991446 0.038779 0.016890
0 0.979410 0.733840 0.036507 0.036154
0 0.194603 0.916887 0.024896 0.024586
0 0.797534 0.157053 0.034678 0.034622
0 0.806538 0.300684 0.024129 0.024529
0 0.934721 0.168997 0.025067 0.025649
0 0.302617 0.116432 0.033373 0.033293
0 0.963372 0.488577 0.072005 0.106358
0 0.837601 0.007412 0.041744 0.014824
0 0.359703 0.493904 0.021991 0.021768
0 0.522302 0.905647 0.023539 0.022515
0 0.470341 0.019555 0.085749 0.039110
0 0.559833 0.958084 0.023095 0.022266
0 0.339271 0.126542 0.025416 0.025441
0 0.919464 0.880752 0.021279 0.021542
0 0.701501 0.249858 0.056700 0.056743
0 0.086068 0.547301 0.021841 0.021074
0 0.878572 0.449882 0.038790 0.038914
0 0.780519 0.794587 0.021025 0.021283
0 0.827249 0.472879 0.021771 0.021583
0 0.136410 0.328233 0.103626 0.104662
0 0.575514 0.720896 0.265746 0.264308
0 0.471735 0.272344 0.020351 0.020173
0 0.952375 0.304957 0.020266 0.020236
0 0.767048 0.981525 0.021664 0.021158
0 0.065631 0.478398 0.024258 0.024700
0 0.476730 0.471082 0.027481 0.026803
0 0.826651 0.795881 0.021931 0.021936
0 0.498279 0.647304 0.044233 0.043504
0 0.926143 0.105681 0.030932 0.030154
0 0.333422 0.018516 0.026420 0.027465
0 0.689709 0.158352 0.042129 0.043127
0 0.544092 0.007667 0.034133 0.015335
0 0.915536 0.601748 0.156666 0.160951
0 0.791589 0.620992 0.101644 0.098238
0 0.734196 0.662065 0.029383 0.028618
0 0.868673 0.020392 0.022973 0.023597
0 0.964161 0.072139 0.033180 0.032410
0 0.895050 0.257505 0.022060 0.022482
0 0.275065 0.324601 0.020338 0.020173
0 0.716389 0.414555 0.020948 0.021387
