0 0.548465 0.767745 0.188427 0.182089
0 0.538674 0.465601 0.251717 0.244601
0 0.147336 0.474390 0.283851 0.289585
0 0.402239 0.400805 0.041486 0.040733
0 0.628019 0.297813 0.049484 0.049287
0 0.612864 0.545704 0.049837 0.049387
0 0.195952 0.719587 0.042641 0.042301
0 0.279349 0.926931 0.053862 0.053208
0 0.252219 0.789614 0.031098 0.030978
0 0.204888 0.235912 0.039690 0.038812
0 0.878685 0.813429 0.051036 0.050303
0 0.931851 0.599045 0.031856 0.031371
0 0.609075 0.897891 0.037900 0.036765
0 0.281900 0.690954 0.030518 0.030302
0 0.791196 0.367318 0.027770 0.027580
0 0.777273 0.743117 0.031949 0.032161
0 0.872533 0.859037 0.027597 0.027422
0 0.399321 0.180559 0.031465 0.031566
0 0.449734 0.585675 0.025028 0.024884
0 0.650510 0.161943 0.031708 0.030648
0 0.854900 0.838413 0.026795 0.026353
0 0.461088 0.363536 0.027696 0.027506
0 0.243169 0.604191 0.031504 0.031129
0 0.749886 0.162342 0.035745 0.035920
0 0.474044 0.235118 0.026121 0.025616
0 0.872427 0.346216 0.027253 0.026813
0 0.532408 0.365666 0.025941 0.025380
0 0.848271 0.182941 0.028756 0.028648
0 0.655695 0.194108 0.027308 0.026729
0 0.173732 0.906735 0.028156 0.027883
0 0.981432 0.185434 0.037079 0.061210
0 0.535547 0.265075 0.031545 0.030913
0 0.351490 0.719259 0.024950 0.024745
0 0.422749 0.300521 0.028210 0.028479
0 0.708687 0.357347 0.023480 0.023216
0 0.485179 0.056664 0.054664 0.052477
0 0.048048 0.177147 0.027421 0.027330
0 0.557062 0.370501 0.030312 0.030114
0 0.045510 0.067268 0.026872 0.026551
0 0.831571 0.074472 0.030638 0.030786
0 0.862817 0.426241 0.089709 0.086520
0 0.819476 0.099250 0.029227 0.028709
0 0.788078 0.952397 0.026435 0.027542
0 0.686451 0.578802 0.021638 0.021359
0 0.104313 0.418011 0.021759 0.021855
0 0.096436 0.232579 0.027999 0.028071
0 0.723452 0.218678 0.030153 0.030760
0 0.731158 0.933611 0.022338 0.022523
0 0.045002 0.245990 0.022373 0.022044
0 0.076676 0.090040 0.025162 0.024711
0 0.533672 0.478759 0.021243 0.020955
0 0.746242 0.132478 0.030762 0.030171
0 0.835574 0.764630 0.023652 0.024020
0 0.032150 0.009773 0.024845 0.019547
0 0.363173 0.807753 0.175679 0.180608
0 0.581063 0.006245 0.038883 0.012384
0 0.524805 0.938057 0.066307 0.064253
0 0.877788 0.404862 0.042961 0.041778
0 0.847066 0.791822 0.024440 0.024096
0 0.534951 0.573714 0.020540 0.020476
0 0.116166 0.755857 0.020797 0.020553
0 0.178688 0.847447 0.026725 0.026837
0 0.690400 0.344945 0.023464 0.023242
0 0.452319 0.900827 0.023270 0.023700
0 0.720413 0.018544 0.023986 0.023906
0 0.056685 0.763831 0.020681 0.020404
0 0.970707 0.555216 0.020651 0.020989
0 0.027044 0.786814 0.024174 0.024514
0 0.277926 0.064745 0.020842 0.020925
0 0.485521 0.356337 0.022328 0.022231
0 0.645071 0.084117 0.026361 0.026203
0 0.091858 0.034910 0.023195 0.023427
0 0.593047 0.288185 0.046141 0.045458
0 0.941148 0.923595 0.116584 0.152810
0 0.263533 0.721161 0.021432 0.021144
0 0.979222 0.230717 0.022169 0.021215
0 0.366905 0.057099 0.020252 0.020211
