0 0.785897 0.753514 0.328342 0.306432
0 0.344942 0.660060 0.051302 0.049118
0 0.360706 0.619373 0.129022 0.127000
0 0.679049 0.357355 0.193610 0.184950
0 0.732962 0.278873 0.028939 0.028199
0 0.174367 0.213612 0.340252 0.363021
0 0.299721 0.832663 0.025242 0.024561
0 0.668905 0.045748 0.030928 0.030705
0 0.262515 0.553502 0.081055 0.079928
0 0.695619 0.445839 0.163040 0.156431
0 0.897750 0.117406 0.181467 0.189807
0 0.852013 0.487280 0.022651 0.022035
0 0.097921 0.600126 0.027110 0.026803
0 0.393871 0.143366 0.113366 0.111741
0 0.801466 0.077344 0.170712 0.154414
0 0.806556 0.930544 0.164727 0.138912
0 0.596569 0.564100 0.106926 0.105472
0 0.469768 0.736091 0.079978 0.078007
0 0.330906 0.067283 0.023918 0.023784
0 0.668519 0.948500 0.298398 0.103000
0 0.897857 0.916025 0.121115 0.115310
0 0.105501 0.804524 0.020372 0.020634
0 0.906003 0.234331 0.049652 0.048201
0 0.537977 0.429284 0.022611 0.022435
0 0.954989 0.242140 0.049481 0.045924
0 0.920475 0.985580 0.082219 0.028662
0 0.574910 0.460584 0.074184 0.071652
0 0.490064 0.113540 0.059197 0.055750
