0 0.607073 0.406775 0.036878 0.036348
0 0.417464 0.937632 0.033763 0.033236
0 0.825877 0.026608 0.025700 0.025510
0 0.956558 0.062256 0.032133 0.031728
0 0.353312 0.036884 0.031506 0.031356
0 0.951466 0.085093 0.023480 0.023594
0 0.297182 0.213211 0.045085 0.044838
0 0.889449 0.919896 0.024989 0.025199
0 0.104792 0.887066 0.024859 0.024722
0 0.598658 0.661668 0.031324 0.031180
0 0.820593 0.876386 0.026282 0.025840
0 0.156793 0.718436 0.030181 0.029858
0 0.613932 0.639463 0.028916 0.029301
0 0.890429 0.874002 0.031046 0.031055
0 0.787483 0.650579 0.033237 0.033377
0 0.329053 0.747528 0.037538 0.037368
0 0.112120 0.441645 0.041023 0.040521
0 0.379141 0.303089 0.024449 0.025260
0 0.364774 0.210040 0.030902 0.031410
0 0.700244 0.898706 0.025022 0.025314
0 0.511631 0.891818 0.026249 0.025981
0 0.433372 0.629305 0.023546 0.023938
0 0.666103 0.809922 0.028229 0.028291
0 0.120629 0.471212 0.044134 0.043305
0 0.719519 0.753964 0.026365 0.026219
0 0.563328 0.196783 0.028586 0.028848
0 0.886985 0.716370 0.035801 0.035649
0 0.385332 0.525279 0.020928 0.020949
0 0.849119 0.412132 0.022042 0.021787
0 0.011994 0.843802 0.023987 0.030955
0 0.026590 0.872166 0.023321 0.023625
0 0.312166 0.568608 0.027979 0.027861
0 0.921193 0.733317 0.022241 0.022259
0 0.016297 0.717372 0.032393 0.036022
0 0.653472 0.395683 0.020488 0.020296
0 0.774468 0.255261 0.021649 0.021513
0 0.091263 0.123290 0.021857 0.022208
0 0.126344 0.492925 0.027986 0.026631
0 0.710518 0.684109 0.028292 0.028831
0 0.531322 0.128118 0.027912 0.028048
0 0.481523 0.060910 0.024782 0.024914
0 0.976369 0.487494 0.030495 0.030079
0 0.143633 0.402605 0.022944 0.022291
0 0.296504 0.909382 0.022607 0.022609
0 0.444135 0.976454 0.024084 0.024285
0 0.828226 0.122079 0.024461 0.024444
0 0.128271 0.058367 0.021195 0.021080
0 0.492797 0.457110 0.024033 0.024139
0 0.484378 0.960418 0.031690 0.031651
0 0.367236 0.275738 0.022556 0.022923
0 0.407676 0.623474 0.021165 0.021027
0 0.788220 0.397352 0.024202 0.024276
0 0.452409 0.640222 0.023578 0.024122
0 0.728047 0.159125 0.020927 0.020625
0 0.511113 0.159259 0.021137 0.021350
0 0.695668 0.102824 0.025961 0.026116
0 0.984689 0.471068 0.029939 0.030997
0 0.877775 0.842555 0.024906 0.025711
0 0.970873 0.451750 0.019694 0.019512
