0 0.275379 0.389150 0.031125 0.030535
0 0.852442 0.568786 0.032381 0.032410
0 0.304508 0.410379 0.030954 0.030886
0 0.107244 0.650382 0.022286 0.022462
0 0.278519 0.427009 0.024344 0.023936
0 0.692388 0.803193 0.024428 0.024449
0 0.499127 0.228795 0.024187 0.024042
0 0.320714 0.147362 0.422869 0.292746
0 0.698962 0.087038 0.022820 0.023025
0 0.049690 0.709628 0.020802 0.021168
0 0.024236 0.326673 0.020751 0.020920
0 0.701123 0.295874 0.025217 0.024801
0 0.509035 0.199245 0.021546 0.020862
0 0.842556 0.773705 0.024017 0.024151
0 0.464905 0.212165 0.023393 0.024064
0 0.222675 0.448867 0.019789 0.020097
