0 0.940904 0.528921 0.097922 0.099367
0 0.893773 0.108845 0.040462 0.040894
0 0.137540 0.112051 0.031914 0.032148
0 0.887515 0.591166 0.038316 0.038276
0 0.898255 0.895295 0.038992 0.038891
0 0.008640 0.380582 0.017280 0.030877
0 0.309785 0.938743 0.036524 0.036227
0 0.035058 0.124791 0.034290 0.033656
0 0.509192 0.092616 0.032336 0.032041
0 0.551315 0.253446 0.445736 0.447917
0 0.821594 0.370121 0.034996 0.034167
0 0.255207 0.197843 0.024499 0.024485
0 0.855920 0.338277 0.048662 0.049568
0 0.887348 0.956510 0.076824 0.077664
0 0.417707 0.892470 0.029149 0.029189
0 0.271264 0.039105 0.034928 0.034982
0 0.763269 0.938435 0.191917 0.121655
0 0.829358 0.232062 0.030166 0.029819
0 0.473668 0.134707 0.030169 0.029720
0 0.801231 0.594592 0.028057 0.027865
0 0.186064 0.916509 0.027812 0.027809
0 0.015983 0.432369 0.027362 0.027730
0 0.528789 0.281684 0.023708 0.023685
0 0.829694 0.783655 0.024886 0.025031
0 0.874101 0.484011 0.024438 0.024888
0 0.863137 0.557008 0.028646 0.028790
0 0.919797 0.338850 0.160407 0.307230
0 0.102147 0.694569 0.025081 0.025301
