0 0.671236 0.139184 0.183513 0.177531
0 0.185572 0.341161 0.051259 0.050065
0 0.442900 0.599909 0.036380 0.035831
0 0.199893 0.870483 0.029977 0.029625
0 0.245986 0.858554 0.031324 0.030771
0 0.217890 0.459058 0.034189 0.034587
0 0.157827 0.718706 0.027000 0.026877
0 0.041915 0.303015 0.023266 0.023111
0 0.358939 0.359353 0.026045 0.025919
0 0.230338 0.319070 0.026064 0.025695
0 0.380021 0.148157 0.025674 0.025772
0 0.014037 0.371628 0.025246 0.024996
0 0.305436 0.708961 0.025020 0.024546
0 0.273967 0.847699 0.025605 0.025506
0 0.938454 0.658081 0.025630 0.025352
0 0.612443 0.666772 0.027746 0.027150
0 0.657961 0.552217 0.027573 0.027394
0 0.452632 0.670873 0.035644 0.035208
0 0.226740 0.988899 0.022716 0.021994
0 0.818063 0.953279 0.027314 0.027055
0 0.473535 0.278383 0.022133 0.022031
0 0.024294 0.866857 0.022959 0.022747
0 0.539450 0.304204 0.021172 0.021163
0 0.134819 0.333605 0.021753 0.021828
0 0.198480 0.141770 0.043510 0.042808
0 0.533884 0.862693 0.023891 0.024538
0 0.262655 0.968303 0.021592 0.020913
0 0.705215 0.363975 0.090496 0.085769
0 0.835451 0.015919 0.027143 0.027284
0 0.556421 0.825627 0.020975 0.021054
0 0.977652 0.761460 0.027751 0.027636
0 0.396312 0.451520 0.024707 0.024803
0 0.633163 0.747312 0.020977 0.020924
0 0.893362 0.389338 0.102488 0.094542
0 0.911467 0.204708 0.029942 0.029458
0 0.481695 0.059494 0.021756 0.021844
0 0.217305 0.113126 0.029182 0.029256
