0 0.128929 0.252897 0.131704 0.123730
0 0.683664 0.769508 0.047387 0.047034
0 0.546111 0.337100 0.047234 0.044968
0 0.944932 0.815945 0.049805 0.046647
0 0.868464 0.183550 0.038464 0.037630
0 0.734832 0.948375 0.040066 0.038707
0 0.944079 0.291336 0.063953 0.064317
0 0.341184 0.437455 0.031963 0.031729
0 0.809142 0.450527 0.038995 0.038747
0 0.120971 0.718200 0.030833 0.029570
0 0.603119 0.716671 0.023261 0.023386
0 0.551599 0.149184 0.025875 0.025586
0 0.639121 0.040035 0.025553 0.024603
0 0.705753 0.028972 0.026037 0.025493
0 0.918437 0.853450 0.024277 0.023691
