0 0.539829 0.255121 0.104746 0.085547
0 0.808019 0.906414 0.098991 0.079289
0 0.383191 0.593890 0.073473 0.055422
0 0.260429 0.334595 0.069853 0.056657
0 0.795802 0.972306 0.085579 0.055044
0 0.789771 0.018722 0.065534 0.037444
0 0.956077 0.633689 0.087498 0.098085
0 0.953708 0.859996 0.047943 0.038931
0 0.863976 0.968207 0.033188 0.027247
0 0.702010 0.080160 0.150208 0.099260
0 0.737961 0.015665 0.039014 0.030360
0 0.191790 0.224715 0.033884 0.026922
0 0.916680 0.147076 0.072191 0.056044
0 0.904796 0.986032 0.045926 0.027112
0 0.798327 0.151464 0.051839 0.037921
0 0.699258 0.832368 0.043393 0.033273
0 0.682942 0.145870 0.102731 0.076105
0 0.917956 0.556547 0.164088 0.136200
0 0.635984 0.721630 0.126486 0.102238
0 0.977035 0.187176 0.033011 0.026533
0 0.554340 0.599128 0.042167 0.035057
