0 0.677705 0.852373 0.087936 0.067211
0 0.205989 0.130268 0.136668 0.104564
0 0.651945 0.694658 0.066380 0.055027
0 0.466808 0.339232 0.039586 0.031756
0 0.830181 0.185873 0.062919 0.052176
0 0.060695 0.710602 0.067290 0.053013
0 0.421408 0.213004 0.160740 0.123044
0 0.234966 0.675959 0.050202 0.037769
0 0.516536 0.920749 0.078941 0.057211
0 0.146288 0.870903 0.093313 0.068687
0 0.673193 0.385003 0.053463 0.045930
0 0.388134 0.459272 0.082303 0.068726
0 0.692366 0.117058 0.118552 0.094539
0 0.934072 0.548637 0.060939 0.044396
0 0.450241 0.124341 0.052399 0.042273
0 0.399633 0.272091 0.033562 0.027393
0 0.987019 0.476696 0.025653 0.040073
0 0.909319 0.320411 0.087636 0.073444
0 0.966520 0.819763 0.045054 0.033957
0 0.021805 0.049873 0.043573 0.041734
0 0.069479 0.942912 0.065806 0.053570
0 0.145677 0.361036 0.136306 0.113219
0 0.545879 0.635268 0.043133 0.036320
0 0.586592 0.665769 0.072073 0.055653
0 0.050478 0.580956 0.100957 0.084417
0 0.831717 0.083788 0.085472 0.064557
0 0.498838 0.018628 0.055119 0.037025
0 0.731038 0.987345 0.045852 0.024738
0 0.088313 0.802887 0.044181 0.033534
0 0.140910 0.702975 0.059222 0.043223
0 0.515330 0.668483 0.038148 0.030331
0 0.703369 0.286808 0.044099 0.034781
0 0.042208 0.644609 0.054697 0.041919
0 0.287578 0.835212 0.034329 0.027442
0 0.814010 0.672721 0.066643 0.053700
0 0.327525 0.260152 0.065195 0.050849
0 0.913377 0.256887 0.040066 0.031001
0 0.886131 0.889905 0.046374 0.034444
0 0.953749 0.610967 0.073556 0.054920
0 0.851596 0.882011 0.131377 0.089010
0 0.393473 0.525523 0.225481 0.187926
0 0.672518 0.052452 0.082306 0.061091
0 0.027852 0.935942 0.046235 0.039674
0 0.311511 0.113518 0.079966 0.064308
0 0.398248 0.646207 0.056096 0.043992
0 0.187832 0.715165 0.054493 0.040386
0 0.187298 0.225033 0.073519 0.057299
0 0.178042 0.403110 0.064383 0.049641
0 0.479230 0.833688 0.068080 0.053726
0 0.057028 0.909179 0.040666 0.031605
0 0.594687 0.676877 0.039293 0.030099
0 0.555645 0.027202 0.063490 0.048283
0 0.775445 0.105833 0.046062 0.035551
0 0.272340 0.317182 0.030564 0.025659
0 0.012935 0.695973 0.025615 0.058383
0 0.754839 0.698792 0.032541 0.025070
