0 0.806941 0.792627 0.091636 0.090889
0 0.029565 0.218190 0.036641 0.036302
0 0.168051 0.799993 0.029824 0.029736
0 0.410363 0.682221 0.040917 0.040533
0 0.639790 0.836986 0.041289 0.040616
0 0.244847 0.669186 0.044229 0.042926
0 0.626935 0.349328 0.034119 0.033767
0 0.591095 0.472959 0.113291 0.114182
0 0.791841 0.360255 0.078976 0.079346
0 0.120023 0.445166 0.059158 0.058394
0 0.270714 0.393071 0.034217 0.034585
0 0.627072 0.744734 0.034998 0.034418
0 0.212360 0.755798 0.027022 0.027256
0 0.920164 0.375751 0.065353 0.063337
0 0.061836 0.070979 0.065731 0.065766
0 0.665873 0.797762 0.032247 0.032199
0 0.958863 0.457844 0.037706 0.037369
0 0.706071 0.304175 0.104466 0.101202
0 0.041111 0.804700 0.035588 0.035569
0 0.419815 0.848886 0.023646 0.023662
0 0.529510 0.661803 0.050216 0.051252
0 0.049574 0.764558 0.083273 0.084080
0 0.660417 0.693433 0.066249 0.064995
0 0.657477 0.653268 0.060816 0.061062
0 0.137352 0.162660 0.052271 0.053931
0 0.591838 0.081047 0.025427 0.024939
0 0.101151 0.507707 0.071010 0.069843
0 0.869129 0.343856 0.053586 0.052942
0 0.729062 0.447504 0.027752 0.027366
0 0.461239 0.210141 0.094716 0.092718
0 0.544580 0.207405 0.123896 0.120334
0 0.900494 0.867004 0.053502 0.053481
0 0.065836 0.135100 0.037239 0.037294
0 0.177697 0.026575 0.085607 0.053151
0 0.145160 0.257485 0.035121 0.034837
0 0.349715 0.817540 0.035577 0.034919
0 0.871687 0.405333 0.041905 0.042154
0 0.767439 0.988507 0.042319 0.022794
0 0.767287 0.210686 0.021966 0.021975
0 0.809659 0.244161 0.039636 0.038819
0 0.010911 0.374772 0.021760 0.028926
0 0.139701 0.369147 0.020640 0.020663
0 0.308795 0.879223 0.053025 0.053587
0 0.837719 0.294365 0.024159 0.023651
0 0.858230 0.863730 0.035916 0.036621
0 0.019502 0.111273 0.038850 0.044361
0 0.580301 0.607812 0.103215 0.101707
0 0.566859 0.564722 0.026198 0.025980
0 0.862229 0.142618 0.275543 0.284646
0 0.243203 0.774734 0.026083 0.025660
0 0.114209 0.117750 0.068739 0.068217
0 0.924860 0.986967 0.113382 0.026066
0 0.040467 0.845491 0.020749 0.020116
0 0.126996 0.608543 0.022567 0.023373
0 0.828897 0.403949 0.036036 0.036622
0 0.022243 0.249046 0.025410 0.026205
0 0.372910 0.779507 0.020971 0.021136
0 0.025373 0.143500 0.049795 0.081011
0 0.574334 0.991880 0.044329 0.016239
0 0.047077 0.745443 0.020663 0.021034
0 0.221285 0.394081 0.074242 0.073760
0 0.896003 0.251747 0.110417 0.111333
0 0.012156 0.274650 0.024079 0.034147
0 0.188400 0.357867 0.035919 0.035555
0 0.675959 0.295808 0.048463 0.048580
0 0.937682 0.901194 0.055640 0.055506
0 0.529932 0.305537 0.052267 0.052182
0 0.450928 0.589575 0.152781 0.149497
0 0.045546 0.497313 0.034365 0.035083
0 0.381433 0.883268 0.022228 0.022286
0 0.917514 0.516381 0.039233 0.039047
0 0.681951 0.763215 0.029290 0.028613
0 0.654716 0.239917 0.019304 0.019471
0 0.683941 0.811370 0.071517 0.069777
0 0.667668 0.196220 0.026783 0.026258
0 0.837459 0.246140 0.021920 0.021666
0 0.871566 0.611744 0.051315 0.050929
0 0.329940 0.837315 0.021334 0.021657
0 0.300534 0.938057 0.118688 0.115146
0 0.042329 0.552124 0.079778 0.078497
0 0.059161 0.540849 0.050588 0.049476
0 0.690348 0.171808 0.046600 0.045397
0 0.263384 0.149207 0.045976 0.044000
0 0.818129 0.406074 0.052300 0.051382
0 0.257249 0.522227 0.060224 0.058683
