0 0.137287 0.596501 0.051780 0.050744
0 0.238423 0.860937 0.059666 0.052316
0 0.189739 0.195030 0.045579 0.042520
0 0.854067 0.760978 0.065452 0.059645
0 0.285223 0.980720 0.043285 0.038560
0 0.449141 0.835403 0.044045 0.039303
0 0.691889 0.124228 0.041354 0.038440
0 0.919967 0.368899 0.044307 0.039099
0 0.339368 0.153076 0.035190 0.033029
0 0.289799 0.635580 0.057258 0.056929
0 0.156963 0.874153 0.041991 0.039500
0 0.362323 0.447843 0.167702 0.158679
0 0.160145 0.906965 0.046658 0.043621
0 0.752151 0.857487 0.034372 0.030981
0 0.903943 0.551881 0.192114 0.237534
0 0.106691 0.573334 0.026683 0.025674
0 0.258846 0.083704 0.026355 0.025598
0 0.879692 0.043069 0.045008 0.040685
0 0.871747 0.622401 0.093057 0.083496
0 0.525963 0.118575 0.029009 0.027291
0 0.285554 0.881057 0.032370 0.030240
0 0.710621 0.612020 0.034708 0.030832
0 0.781053 0.481642 0.103422 0.085078
0 0.034401 0.011541 0.057590 0.023082
0 0.081944 0.005913 0.034474 0.011825
0 0.644562 0.549361 0.033847 0.030467
0 0.084508 0.559260 0.022069 0.021904
0 0.641468 0.518463 0.025292 0.024184
0 0.876178 0.369333 0.030363 0.028344
0 0.005662 0.272471 0.011325 0.033988
0 0.557948 0.880504 0.084032 0.076053
0 0.280234 0.662318 0.030047 0.029561
0 0.751928 0.465485 0.073798 0.066082
