0 0.146085 0.097284 0.058980 0.059212
0 0.691408 0.602208 0.023983 0.024031
0 0.925801 0.779745 0.087591 0.087025
0 0.836665 0.060537 0.032321 0.032112
0 0.794231 0.226508 0.136169 0.137716
0 0.221552 0.927976 0.029681 0.029638
0 0.887889 0.188601 0.042751 0.042888
0 0.102447 0.283007 0.022908 0.022905
0 0.087703 0.061263 0.030691 0.030221
0 0.819076 0.931843 0.028260 0.028096
0 0.859537 0.591997 0.037074 0.037125
0 0.590797 0.439629 0.151080 0.152153
0 0.512651 0.978116 0.049337 0.043700
0 0.438224 0.917282 0.100421 0.102600
0 0.677393 0.304973 0.052844 0.052885
0 0.431952 0.383333 0.051992 0.051476
0 0.574189 0.658786 0.026418 0.025941
0 0.858852 0.563820 0.025156 0.025689
0 0.645203 0.155639 0.028312 0.028461
0 0.813998 0.422290 0.027400 0.027785
0 0.271672 0.198328 0.107211 0.108005
0 0.660633 0.973074 0.082875 0.053834
0 0.678754 0.765862 0.193073 0.190141
0 0.286167 0.802477 0.024335 0.024945
0 0.477194 0.731933 0.058072 0.058997
0 0.561286 0.733490 0.028406 0.028468
0 0.940567 0.279887 0.038693 0.038627
0 0.138980 0.023989 0.057190 0.047871
0 0.745170 0.106056 0.022261 0.022831
0 0.618552 0.285049 0.076448 0.077960
0 0.335588 0.413060 0.022947 0.022974
0 0.280140 0.500466 0.434824 0.478504
0 0.818250 0.957084 0.022179 0.022313
0 0.452182 0.841297 0.042714 0.043047
0 0.079351 0.039313 0.021806 0.021717
0 0.740235 0.129939 0.034298 0.034083
0 0.430191 0.572854 0.106894 0.105940
0 0.589273 0.017479 0.027193 0.024982
0 0.288923 0.735416 0.020521 0.020528
0 0.918881 0.043873 0.020151 0.020094
0 0.293308 0.767464 0.028338 0.028043
0 0.848194 0.202933 0.025769 0.026169
0 0.069641 0.171483 0.033783 0.033432
0 0.269549 0.030193 0.102922 0.060170
0 0.712706 0.056457 0.022000 0.022038
0 0.229991 0.150361 0.088563 0.088587
0 0.343908 0.389152 0.024391 0.024035
0 0.237984 0.462234 0.019960 0.019871
0 0.884307 0.366826 0.065675 0.063669
0 0.201624 0.800456 0.020821 0.021356
0 0.560702 0.981738 0.049625 0.036524
0 0.936446 0.018463 0.019733 0.019810
0 0.559024 0.698243 0.019337 0.019073
0 0.563377 0.718203 0.023660 0.022800
0 0.369986 0.511575 0.029475 0.030482
0 0.639101 0.210153 0.023618 0.023929
0 0.257532 0.799043 0.024023 0.024385
0 0.758998 0.870875 0.063974 0.065517
0 0.638587 0.506645 0.019630 0.019736
0 0.113529 0.455547 0.050784 0.051397
0 0.065069 0.270625 0.029489 0.029834
0 0.248355 0.910897 0.029108 0.028677
0 0.724228 0.052703 0.023463 0.025277
0 0.571991 0.033693 0.033764 0.034308
0 0.541088 0.013994 0.041176 0.027972
0 0.044599 0.955712 0.025990 0.026728
0 0.616607 0.453267 0.018735 0.019585
0 0.260104 0.987727 0.042708 0.024421
0 0.911268 0.066693 0.020832 0.021692
0 0.730115 0.012879 0.019050 0.020364
0 0.391439 0.104748 0.259724 0.209137
0 0.425537 0.310595 0.045146 0.045547
0 0.942658 0.681602 0.108056 0.106031
0 0.915523 0.500787 0.068274 0.068472
0 0.401649 0.031455 0.146912 0.062911
0 0.814498 0.042740 0.022788 0.022804
