0 0.959236 0.210507 0.058821 0.059907
0 0.846806 0.591527 0.064950 0.063823
0 0.688271 0.795782 0.053599 0.053353
0 0.790313 0.471706 0.066815 0.066983
0 0.779402 0.590904 0.042100 0.041385
0 0.357119 0.166343 0.058000 0.055052
0 0.839415 0.931321 0.035440 0.034812
0 0.202041 0.679870 0.074763 0.073848
0 0.756552 0.721473 0.045994 0.046404
0 0.199736 0.564505 0.055531 0.054984
0 0.730120 0.614576 0.065344 0.065641
0 0.750775 0.658196 0.031004 0.029766
0 0.924447 0.156726 0.026793 0.026293
0 0.973529 0.269857 0.044337 0.042467
0 0.727787 0.824230 0.035301 0.034956
0 0.676955 0.841598 0.046171 0.046393
0 0.836454 0.289335 0.092764 0.086904
0 0.623996 0.121905 0.046735 0.044993
0 0.712422 0.516383 0.026632 0.026328
0 0.680944 0.615215 0.035655 0.036277
0 0.421565 0.200633 0.055846 0.055056
0 0.592677 0.751711 0.045337 0.044522
0 0.680779 0.288496 0.034232 0.034264
0 0.932890 0.829037 0.033480 0.033462
0 0.650389 0.144639 0.039250 0.039446
0 0.641677 0.470980 0.042937 0.042018
0 0.693430 0.458762 0.031659 0.031817
0 0.131994 0.438048 0.051538 0.050546
0 0.819173 0.976542 0.062814 0.046916
0 0.801542 0.735551 0.033176 0.033547
0 0.778493 0.117299 0.043128 0.042729
0 0.821321 0.635753 0.040923 0.040860
0 0.751805 0.372984 0.051270 0.052142
0 0.561988 0.497371 0.027939 0.027628
0 0.879010 0.923732 0.036536 0.036541
0 0.977686 0.085180 0.026938 0.026357
0 0.554118 0.220388 0.027856 0.027801
0 0.966216 0.020529 0.043285 0.039686
0 0.510007 0.691337 0.037885 0.037828
0 0.507546 0.320789 0.073946 0.075391
0 0.189256 0.419987 0.049968 0.049874
0 0.725979 0.758008 0.057731 0.059574
0 0.592941 0.221435 0.037968 0.036839
0 0.851524 0.960758 0.029840 0.030312
0 0.692767 0.943387 0.035023 0.034318
0 0.404304 0.365500 0.036685 0.036266
0 0.595391 0.376005 0.028486 0.026988
0 0.940509 0.972173 0.036414 0.034310
0 0.834690 0.664989 0.029148 0.028667
0 0.760140 0.303920 0.078293 0.076918
0 0.642528 0.759430 0.048606 0.049580
0 0.893568 0.653426 0.038901 0.039526
0 0.744036 0.684106 0.044495 0.042540
0 0.794214 0.540845 0.023485 0.022913
0 0.463163 0.736038 0.029391 0.029489
0 0.185040 0.147868 0.043661 0.043844
0 0.641225 0.883427 0.062551 0.062918
0 0.562475 0.430976 0.039435 0.037854
0 0.743918 0.788405 0.022949 0.022974
0 0.595065 0.242110 0.028103 0.027948
0 0.752279 0.151592 0.041831 0.042780
0 0.795756 0.633234 0.026367 0.030163
0 0.832103 0.009280 0.033300 0.018559
0 0.200596 0.284651 0.056929 0.055826
0 0.342252 0.339657 0.032601 0.032870
0 0.782489 0.523551 0.027078 0.026615
0 0.807553 0.343461 0.045573 0.044001
0 0.380548 0.332535 0.040293 0.039628
0 0.878045 0.455909 0.034880 0.036046
0 0.977016 0.593897 0.023769 0.024032
0 0.539728 0.132943 0.045735 0.044556
0 0.046258 0.129513 0.025044 0.024473
0 0.611512 0.530771 0.022108 0.022144
0 0.991323 0.969092 0.016996 0.035888
0 0.517771 0.777945 0.028164 0.028631
0 0.778300 0.746302 0.024750 0.022046
0 0.951778 0.979142 0.084918 0.041512
0 0.213481 0.226927 0.039473 0.038491
0 0.540212 0.177585 0.030786 0.031081
0 0.984299 0.036936 0.031402 0.033350
0 0.804405 0.141408 0.037558 0.036959
0 0.922182 0.395382 0.041205 0.042146
0 0.970483 0.778567 0.035401 0.036223
0 0.278581 0.686261 0.049687 0.049825
0 0.923524 0.783883 0.042331 0.041671
0 0.951700 0.806422 0.030548 0.030971
0 0.552128 0.768677 0.023548 0.023537
0 0.652863 0.231760 0.041955 0.042562
0 0.833058 0.456566 0.044596 0.046899
0 0.083026 0.163951 0.075370 0.073569
0 0.831648 0.327194 0.028569 0.028096
0 0.019006 0.185958 0.038012 0.048596
0 0.504352 0.542175 0.021351 0.021491
0 0.388075 0.984403 0.024937 0.025644
0 0.477440 0.141071 0.030773 0.030451
0 0.586024 0.160479 0.063664 0.060278
0 0.810990 0.231664 0.035466 0.036311
