0 0.371719 0.121206 0.085686 0.085007
0 0.798017 0.035393 0.042620 0.042432
0 0.396763 0.032416 0.048798 0.049077
0 0.066820 0.041486 0.116087 0.081454
0 0.679067 0.636330 0.025113 0.024918
0 0.642044 0.411299 0.029774 0.030356
0 0.925679 0.033097 0.032192 0.031508
0 0.601817 0.413780 0.026900 0.027167
0 0.828526 0.500120 0.023582 0.023618
0 0.949413 0.525904 0.094075 0.097001
0 0.771114 0.530953 0.025987 0.025999
0 0.534204 0.822494 0.023174 0.023017
0 0.781619 0.905361 0.023385 0.023631
0 0.630030 0.325659 0.023996 0.024002
0 0.985447 0.316600 0.023726 0.023512
0 0.917029 0.873395 0.020722 0.020732
0 0.711836 0.442430 0.021909 0.021990
0 0.077562 0.108841 0.024655 0.024745
0 0.685436 0.496334 0.021284 0.020930
0 0.149939 0.312471 0.028030 0.027748
0 0.934912 0.100403 0.026858 0.026652
0 0.663642 0.197880 0.021886 0.021862
0 0.934397 0.758623 0.021156 0.021081
0 0.321332 0.960724 0.023098 0.023220
0 0.008507 0.490217 0.016664 0.020738
0 0.879300 0.589637 0.024777 0.024873
0 0.893851 0.900490 0.020091 0.020245
0 0.185674 0.258133 0.020170 0.020349
0 0.758842 0.211440 0.022403 0.022402
0 0.650406 0.374994 0.019883 0.019720
0 0.073930 0.638240 0.019563 0.019763
0 0.234663 0.256417 0.020006 0.020039
0 0.696307 0.936200 0.019224 0.019403
0 0.731554 0.074633 0.021675 0.022130
0 0.878523 0.213897 0.019903 0.020079
0 0.951334 0.560534 0.059857 0.058695
0 0.273303 0.009890 0.027358 0.019627
0 0.156080 0.815412 0.046403 0.046500
