0 0.186832 0.924874 0.083267 0.080826
0 0.416228 0.783601 0.039464 0.039341
0 0.168725 0.826119 0.055988 0.055829
0 0.175840 0.428012 0.036298 0.036284
0 0.105423 0.892867 0.035476 0.035337
0 0.087370 0.160079 0.029577 0.029533
0 0.056308 0.802642 0.027122 0.027515
0 0.032046 0.729482 0.022861 0.022740
0 0.673577 0.024621 0.029872 0.029934
0 0.381854 0.353274 0.026412 0.025707
0 0.012895 0.218654 0.025735 0.039424
0 0.806909 0.031770 0.029503 0.029069
0 0.377359 0.154389 0.026095 0.025196
0 0.093498 0.060399 0.029155 0.029089
0 0.628187 0.214349 0.025418 0.025415
0 0.191245 0.181478 0.040494 0.039874
0 0.171372 0.243938 0.055414 0.054913
0 0.038392 0.943096 0.060035 0.060415
0 0.154254 0.299300 0.051478 0.050288
0 0.933431 0.698743 0.022160 0.021516
0 0.101509 0.948958 0.059818 0.061688
0 0.154591 0.019482 0.033732 0.033198
0 0.135942 0.923429 0.025541 0.025751
0 0.631328 0.929361 0.027501 0.026712
0 0.210229 0.827319 0.029116 0.029270
0 0.115776 0.185831 0.023725 0.023621
0 0.062333 0.150427 0.033360 0.034806
0 0.027859 0.902814 0.050839 0.053145
