0 0.924831 0.803014 0.054945 0.047760
0 0.471087 0.319337 0.043805 0.040434
0 0.522641 0.869964 0.033026 0.030211
0 0.710820 0.013404 0.033571 0.026808
0 0.572750 0.628926 0.034307 0.032147
0 0.926003 0.023951 0.055756 0.047899
0 0.764225 0.681880 0.034126 0.028130
0 0.166401 0.623806 0.119851 0.106716
0 0.465602 0.797049 0.027499 0.024924
0 0.584229 0.983045 0.049835 0.032934
0 0.569788 0.513044 0.029072 0.027589
0 0.286774 0.539000 0.058903 0.051225
0 0.393923 0.956165 0.029992 0.027106
0 0.583361 0.192672 0.025305 0.024755
0 0.721848 0.041408 0.027458 0.026345
0 0.262801 0.018808 0.027872 0.025902
0 0.254310 0.715112 0.032694 0.028274
0 0.384084 0.614812 0.039429 0.034530
0 0.452056 0.868579 0.026167 0.023697
0 0.145879 0.164340 0.029529 0.028580
0 0.880508 0.082747 0.029431 0.029806
0 0.643310 0.556660 0.025573 0.024744
0 0.453890 0.280530 0.024071 0.022925
0 0.010725 0.540415 0.021450 0.024743
0 0.117898 0.347737 0.033630 0.030596
0 0.751494 0.543989 0.028125 0.025424
0 0.657781 0.222243 0.022817 0.022221
0 0.836014 0.293105 0.023374 0.021551
0 0.036141 0.365335 0.072282 0.076847
0 0.061744 0.185369 0.070356 0.060920
