0 0.739341 0.373332 0.192130 0.155714
0 0.341946 0.649454 0.123275 0.103671
0 0.543277 0.711656 0.349360 0.275771
0 0.405295 0.322097 0.126125 0.109436
0 0.652016 0.504968 0.051943 0.043961
0 0.944855 0.753157 0.054066 0.038839
0 0.621296 0.609006 0.054887 0.045397
0 0.752333 0.490278 0.049358 0.041475
0 0.417556 0.769414 0.086982 0.071768
0 0.335499 0.209678 0.052443 0.045167
0 0.958942 0.882164 0.045684 0.039827
0 0.517210 0.240223 0.059155 0.046366
0 0.954712 0.184025 0.045842 0.038905
0 0.938922 0.272980 0.041200 0.033735
0 0.970984 0.558135 0.057683 0.099493
0 0.600319 0.706433 0.038962 0.032057
0 0.466120 0.418002 0.052125 0.041396
0 0.754157 0.748246 0.091843 0.077720
0 0.371550 0.553325 0.039822 0.036185
0 0.256838 0.378090 0.040982 0.036185
0 0.733010 0.335793 0.036242 0.032296
0 0.554159 0.034687 0.131442 0.069034
0 0.722912 0.590126 0.043681 0.034005
0 0.503634 0.465607 0.067420 0.055460
0 0.890027 0.919335 0.219946 0.161330
0 0.396304 0.156878 0.043127 0.031732
0 0.985996 0.749836 0.027183 0.027889
0 0.749736 0.075365 0.091071 0.068247
0 0.710922 0.494012 0.036267 0.031616
0 0.852498 0.367248 0.035620 0.030173
0 0.019422 0.749267 0.038355 0.116157
0 0.509765 0.524276 0.034118 0.030828
0 0.817580 0.236153 0.075370 0.061109
0 0.836553 0.136820 0.123838 0.102389
0 0.145731 0.644843 0.049724 0.039533
0 0.325266 0.265699 0.037902 0.028083
0 0.853910 0.261700 0.033943 0.028088
0 0.991957 0.976403 0.015916 0.043385
0 0.101680 0.798514 0.146609 0.122107
0 0.535477 0.810972 0.081004 0.065827
0 0.675915 0.602789 0.034721 0.030515
0 0.569088 0.991141 0.034007 0.017243
0 0.986029 0.717049 0.027291 0.046121
0 0.837262 0.708689 0.032446 0.028665
0 0.848549 0.204646 0.035326 0.027570
0 0.986932 0.194588 0.026137 0.028776
0 0.844680 0.325219 0.036948 0.031617
0 0.795363 0.521027 0.033442 0.028450
0 0.787822 0.374671 0.032614 0.030593
0 0.551484 0.690734 0.032031 0.028507
0 0.412928 0.705902 0.089015 0.071123
