0 0.132639 0.778203 0.033054 0.031702
0 0.287057 0.068576 0.034338 0.034380
0 0.545160 0.276173 0.031790 0.031615
0 0.318275 0.079718 0.033478 0.033294
0 0.497679 0.692447 0.027378 0.027456
0 0.255516 0.137524 0.034564 0.034758
0 0.052206 0.512180 0.025150 0.024863
0 0.157900 0.214393 0.025958 0.025779
0 0.078558 0.941873 0.038511 0.038259
0 0.307486 0.521444 0.026791 0.026587
0 0.185055 0.167855 0.031579 0.031374
0 0.408406 0.033124 0.025609 0.024880
0 0.589630 0.835095 0.035262 0.036094
0 0.210473 0.699725 0.028124 0.027254
0 0.105721 0.877704 0.020512 0.020600
0 0.074924 0.308852 0.020603 0.020596
0 0.414692 0.385311 0.028119 0.026586
0 0.375531 0.665649 0.020220 0.020069
0 0.404872 0.777273 0.044009 0.042387
0 0.513852 0.289907 0.033134 0.032568
