0 0.536364 0.484680 0.023395 0.023032
0 0.685773 0.187829 0.027140 0.026913
0 0.603854 0.408222 0.132272 0.130481
0 0.833258 0.625611 0.077033 0.076587
0 0.467517 0.429514 0.027829 0.027459
0 0.758853 0.223132 0.028873 0.028811
0 0.349724 0.377794 0.022917 0.023041
0 0.981682 0.112667 0.035748 0.038210
0 0.797380 0.144286 0.041208 0.041626
0 0.959112 0.019878 0.033321 0.032967
0 0.769234 0.878331 0.030962 0.030962
0 0.796967 0.275964 0.029081 0.028955
0 0.393489 0.289794 0.026994 0.026784
0 0.820946 0.382063 0.037766 0.037347
0 0.934837 0.874845 0.130327 0.140755
0 0.648328 0.330500 0.066271 0.065491
0 0.501719 0.973370 0.041164 0.040672
0 0.054667 0.272011 0.032600 0.032835
0 0.654406 0.708730 0.024451 0.024816
0 0.569476 0.124733 0.038483 0.038520
0 0.012498 0.847971 0.024966 0.030264
0 0.861015 0.562135 0.026903 0.027264
0 0.467072 0.293921 0.043996 0.044091
0 0.764455 0.075774 0.023925 0.023991
0 0.820362 0.854140 0.088156 0.089042
0 0.086481 0.159125 0.022575 0.022611
0 0.626090 0.063774 0.050397 0.050442
0 0.588473 0.066742 0.028677 0.028031
0 0.825790 0.472563 0.026996 0.027756
0 0.095459 0.273753 0.041558 0.041982
0 0.495498 0.628827 0.033127 0.033459
0 0.743595 0.030184 0.023136 0.023133
0 0.788619 0.013999 0.022063 0.022085
0 0.887398 0.143367 0.061006 0.061380
0 0.648148 0.115344 0.060519 0.060631
0 0.566502 0.868733 0.030893 0.030322
0 0.880697 0.085071 0.021748 0.021800
0 0.534832 0.024293 0.042831 0.042744
0 0.484515 0.233531 0.029662 0.028922
0 0.646901 0.262687 0.025468 0.025593
0 0.734340 0.622201 0.104882 0.104563
0 0.076226 0.298843 0.022450 0.022973
0 0.288404 0.384404 0.070672 0.070628
0 0.830985 0.556842 0.022959 0.023138
0 0.477347 0.213425 0.030809 0.030698
0 0.350655 0.755853 0.024682 0.024509
0 0.694029 0.267083 0.022199 0.022704
0 0.061626 0.336936 0.032976 0.032887
0 0.748001 0.279305 0.059289 0.058675
0 0.155208 0.819453 0.027135 0.027328
0 0.164019 0.768196 0.025875 0.026105
0 0.401362 0.412610 0.019642 0.019782
0 0.139289 0.362465 0.053798 0.053342
0 0.712318 0.494625 0.022165 0.021979
0 0.501291 0.009365 0.076254 0.018545
0 0.416940 0.160961 0.023736 0.023952
0 0.693077 0.051426 0.027460 0.028255
0 0.924981 0.964851 0.149366 0.070298
0 0.551800 0.991835 0.040979 0.016330
0 0.659013 0.687678 0.019826 0.020067
0 0.741709 0.391061 0.140197 0.143885
0 0.224065 0.933224 0.300067 0.133551
0 0.007708 0.682621 0.015416 0.040857
0 0.655706 0.171328 0.033453 0.033049
0 0.575078 0.012239 0.050133 0.024130
0 0.367754 0.692938 0.023450 0.023958
0 0.313795 0.147175 0.036251 0.035402
