0 0.715499 0.369723 0.028625 0.028656
0 0.266524 0.593942 0.025661 0.025605
0 0.140681 0.086668 0.032918 0.033971
0 0.377012 0.758465 0.037762 0.037796
0 0.415789 0.271474 0.183753 0.183539
0 0.110818 0.439802 0.027193 0.027992
0 0.369285 0.176567 0.049302 0.049445
0 0.094629 0.717666 0.033694 0.033648
0 0.560721 0.715982 0.080558 0.080484
0 0.310965 0.863516 0.101526 0.100371
0 0.688936 0.423128 0.056407 0.056408
0 0.511480 0.205172 0.023602 0.024000
0 0.934505 0.262495 0.039452 0.039652
0 0.193675 0.957014 0.046417 0.046189
0 0.913127 0.520078 0.040404 0.040379
0 0.363290 0.432911 0.033620 0.033953
0 0.571491 0.321592 0.030591 0.031077
0 0.471074 0.906867 0.054049 0.054163
0 0.569295 0.290821 0.022991 0.022794
0 0.253910 0.925879 0.039522 0.039192
0 0.434751 0.383948 0.140355 0.141784
0 0.238817 0.779868 0.036260 0.036219
0 0.661493 0.647123 0.056671 0.057506
0 0.014514 0.513912 0.029028 0.035435
0 0.108927 0.086340 0.026075 0.026122
0 0.240544 0.816292 0.028985 0.029568
0 0.235885 0.501458 0.033169 0.032990
0 0.732856 0.299478 0.065486 0.066042
0 0.378852 0.541540 0.023233 0.022901
0 0.087736 0.119709 0.038451 0.037862
0 0.307506 0.940507 0.046708 0.046561
0 0.582085 0.190500 0.027177 0.027260
0 0.036808 0.256610 0.029579 0.029378
0 0.263712 0.955422 0.034969 0.035574
0 0.323926 0.175155 0.038335 0.037974
0 0.733414 0.499957 0.052818 0.053924
0 0.161072 0.639267 0.023396 0.023199
0 0.059606 0.032244 0.024043 0.023927
0 0.523558 0.100223 0.042500 0.042762
0 0.183825 0.291859 0.024987 0.024951
0 0.552437 0.266204 0.022094 0.022199
0 0.218640 0.288158 0.095157 0.092511
0 0.050963 0.948378 0.022207 0.022338
0 0.646224 0.382415 0.022710 0.021993
0 0.568422 0.156818 0.025758 0.026542
0 0.308774 0.426863 0.063795 0.064113
0 0.835525 0.764168 0.042698 0.042765
0 0.927060 0.409335 0.025009 0.024761
0 0.948327 0.697024 0.034309 0.034426
0 0.139136 0.668013 0.022944 0.022668
0 0.610030 0.171982 0.032394 0.032777
0 0.571612 0.403117 0.053587 0.054353
0 0.012331 0.287532 0.023017 0.024443
0 0.858243 0.368947 0.042286 0.042476
0 0.840736 0.517858 0.093390 0.093760
0 0.293431 0.698159 0.031358 0.031667
0 0.213366 0.336610 0.021478 0.021512
0 0.501827 0.532481 0.022311 0.022772
0 0.978198 0.099582 0.043551 0.072793
0 0.214067 0.021596 0.046958 0.043192
0 0.276039 0.978960 0.029829 0.030812
0 0.034994 0.044898 0.019843 0.019442
0 0.761209 0.768438 0.076741 0.077056
0 0.193245 0.200586 0.073778 0.073932
0 0.013180 0.058119 0.020169 0.020478
0 0.375309 0.707681 0.031758 0.031918
0 0.477883 0.679001 0.025308 0.025466
0 0.160578 0.933603 0.023019 0.023210
0 0.078946 0.912124 0.157892 0.175753
0 0.284120 0.668752 0.021033 0.020652
0 0.064280 0.531356 0.020301 0.020294
0 0.211053 0.662805 0.023232 0.023843
0 0.302158 0.234501 0.023882 0.026274
0 0.711248 0.696012 0.020334 0.020814
0 0.689703 0.797409 0.040784 0.040916
0 0.221534 0.978904 0.021770 0.023134
0 0.953184 0.727276 0.035249 0.035315
0 0.504596 0.621169 0.060910 0.060042
0 0.012373 0.248476 0.020211 0.018804
0 0.532972 0.035327 0.077787 0.070653
0 0.943830 0.808531 0.045922 0.045567
0 0.167852 0.820249 0.023633 0.023413
0 0.611710 0.067746 0.031450 0.031209
0 0.012191 0.014878 0.024382 0.028257
0 0.829225 0.139454 0.079592 0.079863
0 0.247215 0.893305 0.042246 0.042707
0 0.041584 0.342108 0.017458 0.017460
0 0.894461 0.840736 0.211078 0.241400
0 0.009601 0.388523 0.018924 0.056576
0 0.566830 0.494562 0.020318 0.020607
0 0.181423 0.010085 0.021513 0.020143
0 0.005694 0.134414 0.011388 0.032427
0 0.012583 0.765259 0.025076 0.079389
0 0.292922 0.645482 0.020436 0.020436
0 0.470700 0.169877 0.020181 0.020461
0 0.925355 0.258101 0.147202 0.248729
0 0.837896 0.166893 0.022736 0.023353
0 0.701655 0.265264 0.022796 0.023594
0 0.217140 0.478401 0.019310 0.019259
0 0.166078 0.324830 0.019541 0.020024
0 0.158468 0.600503 0.036512 0.037435
0 0.152475 0.975388 0.028306 0.029331
0 0.822818 0.357689 0.027407 0.026841
0 0.985780 0.944503 0.028380 0.110995
0 0.595081 0.576970 0.044003 0.043313
0 0.719282 0.459234 0.035079 0.035233
