0 0.044347 0.968479 0.046545 0.037997
0 0.117229 0.433535 0.036027 0.030347
0 0.731107 0.066656 0.034890 0.031877
0 0.170903 0.353216 0.080987 0.064751
0 0.986975 0.657087 0.024405 0.024808
0 0.073359 0.028701 0.078168 0.057401
0 0.771439 0.016208 0.030265 0.028146
0 0.053276 0.305141 0.034814 0.027907
0 0.697575 0.152253 0.071481 0.064843
0 0.047965 0.246455 0.095931 0.103736
0 0.945492 0.732737 0.029358 0.028071
0 0.264676 0.331666 0.059906 0.050421
0 0.171069 0.063394 0.071814 0.063321
0 0.828125 0.107872 0.024898 0.024776
0 0.038854 0.765511 0.076951 0.095693
0 0.012220 0.025314 0.024440 0.049027
