0 0.459337 0.147419 0.179101 0.171686
0 0.231036 0.114569 0.072983 0.069544
0 0.416390 0.386367 0.041445 0.040683
0 0.198664 0.179570 0.072199 0.067902
0 0.383742 0.869109 0.101122 0.095345
0 0.569551 0.180928 0.034167 0.032321
0 0.945425 0.234161 0.083044 0.082235
0 0.316982 0.387569 0.022324 0.022107
0 0.650917 0.824871 0.045538 0.044335
0 0.370915 0.627924 0.036611 0.035993
0 0.421267 0.484405 0.028608 0.027971
0 0.592723 0.139710 0.033270 0.032528
0 0.641521 0.905664 0.032583 0.031138
0 0.579145 0.667478 0.024527 0.023976
0 0.343488 0.512935 0.076082 0.076415
0 0.144589 0.260002 0.039688 0.038945
0 0.636420 0.011517 0.048118 0.023035
0 0.497958 0.238575 0.042433 0.040947
0 0.572804 0.463066 0.061739 0.060424
0 0.761527 0.815095 0.036454 0.035784
0 0.611614 0.980226 0.039374 0.037628
0 0.272944 0.919546 0.053975 0.052334
0 0.319581 0.248418 0.075753 0.072755
0 0.706936 0.968636 0.032429 0.031389
0 0.392889 0.915985 0.063258 0.061194
0 0.178929 0.475531 0.026025 0.025468
0 0.790105 0.632393 0.047545 0.047383
0 0.982092 0.952234 0.035816 0.070301
0 0.611565 0.337695 0.046093 0.046354
0 0.496439 0.987611 0.023126 0.022365
0 0.847438 0.521511 0.105334 0.106758
0 0.102415 0.935170 0.033445 0.032333
0 0.117243 0.556525 0.042426 0.038757
0 0.777393 0.457394 0.055286 0.055285
0 0.331620 0.133664 0.037279 0.036599
0 0.958813 0.048751 0.033044 0.032789
0 0.962947 0.750642 0.073508 0.102118
0 0.519790 0.524496 0.039762 0.039527
0 0.602964 0.419864 0.067650 0.066085
0 0.252041 0.843282 0.066458 0.064904
0 0.888804 0.668191 0.037015 0.037084
0 0.447184 0.589531 0.030533 0.029780
0 0.825862 0.027448 0.098905 0.054749
0 0.279972 0.519134 0.107273 0.105981
0 0.796386 0.905294 0.022848 0.022742
0 0.293345 0.211741 0.051476 0.051917
0 0.891828 0.080943 0.106517 0.106625
0 0.102584 0.161656 0.033328 0.031601
0 0.751922 0.009121 0.026116 0.017857
0 0.180768 0.549427 0.152608 0.141066
0 0.969255 0.175065 0.060672 0.076806
0 0.575112 0.343795 0.137718 0.132264
0 0.339591 0.984904 0.051031 0.030192
0 0.621061 0.762198 0.037343 0.034841
0 0.972496 0.368199 0.054864 0.060247
0 0.236463 0.215964 0.045853 0.043840
0 0.523815 0.268855 0.047415 0.047205
0 0.296461 0.116783 0.056803 0.057419
0 0.251197 0.641294 0.024074 0.023410
0 0.299949 0.290463 0.028305 0.029061
0 0.407803 0.574282 0.028562 0.029027
0 0.659609 0.351105 0.028906 0.028175
0 0.286216 0.292750 0.053054 0.050754
0 0.254217 0.972400 0.069314 0.054846
0 0.076401 0.902542 0.042310 0.040517
0 0.694534 0.420006 0.046662 0.044716
0 0.560759 0.215219 0.076135 0.071707
0 0.703279 0.005906 0.024825 0.011531
0 0.105427 0.326068 0.053009 0.050022
0 0.709421 0.824924 0.049580 0.047780
0 0.733122 0.404560 0.058775 0.057028
0 0.947567 0.476432 0.103124 0.197072
0 0.993711 0.695506 0.012393 0.034328
