0 0.863415 0.532781 0.090979 0.090515
0 0.853758 0.906376 0.069548 0.068734
0 0.517111 0.730816 0.091499 0.091415
0 0.636690 0.792288 0.022627 0.022265
0 0.324190 0.624258 0.022901 0.022734
0 0.878088 0.796091 0.036903 0.036012
0 0.940296 0.791037 0.026579 0.026557
0 0.797958 0.706456 0.040617 0.040554
0 0.822626 0.947649 0.028243 0.028158
0 0.961982 0.372407 0.029921 0.029759
0 0.386029 0.752453 0.039549 0.038670
0 0.105576 0.120061 0.045618 0.045331
0 0.298452 0.745765 0.023056 0.022718
0 0.614328 0.600406 0.028222 0.028289
0 0.039301 0.175291 0.036905 0.036551
0 0.502875 0.774292 0.022213 0.021838
0 0.164156 0.668544 0.038467 0.039456
0 0.728177 0.637263 0.034746 0.034550
0 0.043316 0.376315 0.034712 0.034243
0 0.789909 0.498235 0.028677 0.029393
0 0.707921 0.893399 0.040152 0.040397
0 0.011149 0.660748 0.022044 0.027224
0 0.953488 0.681992 0.022819 0.022636
0 0.937561 0.836685 0.027957 0.028148
0 0.399069 0.729369 0.043439 0.041532
0 0.121126 0.818925 0.065245 0.065406
0 0.814874 0.438299 0.020283 0.020533
0 0.437907 0.614013 0.021452 0.021356
0 0.870017 0.180970 0.020983 0.021158
0 0.992090 0.934116 0.015820 0.025790
0 0.842950 0.120056 0.024581 0.024562
0 0.978131 0.873484 0.021713 0.022459
0 0.428259 0.267030 0.131519 0.129981
0 0.931796 0.050778 0.031563 0.031050
0 0.103872 0.777442 0.020420 0.020527
0 0.863099 0.821503 0.021083 0.021086
0 0.239552 0.070138 0.020262 0.020210
0 0.491697 0.311305 0.677470 0.585511
0 0.087651 0.450448 0.026870 0.026206
0 0.012554 0.281563 0.024857 0.051510
0 0.525713 0.229029 0.024964 0.025107
0 0.667029 0.735234 0.025064 0.024719
0 0.144236 0.654997 0.019585 0.019115
