0 0.489800 0.130533 0.036741 0.036482
0 0.535408 0.266498 0.027806 0.028021
0 0.105727 0.658505 0.036362 0.036242
0 0.941750 0.322951 0.039582 0.039729
0 0.301350 0.291209 0.029930 0.029875
0 0.251275 0.621579 0.035350 0.035177
0 0.801226 0.659755 0.044680 0.043922
0 0.947867 0.049525 0.034510 0.035306
0 0.796048 0.410754 0.029445 0.029669
0 0.841635 0.963147 0.093882 0.073073
0 0.338665 0.327280 0.023851 0.023844
0 0.569919 0.524218 0.022182 0.022095
0 0.155881 0.269169 0.041156 0.040039
0 0.519982 0.017484 0.022977 0.023394
0 0.058433 0.062343 0.072590 0.071734
0 0.164899 0.906490 0.326371 0.186934
0 0.820124 0.454305 0.035679 0.036262
0 0.017577 0.026343 0.034161 0.033746
0 0.273315 0.304173 0.022425 0.022008
0 0.333360 0.439097 0.039294 0.039685
0 0.308099 0.163597 0.067483 0.067808
0 0.466865 0.359059 0.021150 0.021281
0 0.582208 0.490482 0.022948 0.023328
0 0.056809 0.196812 0.113618 0.197088
0 0.615068 0.642814 0.026180 0.026448
0 0.797988 0.574979 0.020412 0.020787
0 0.223190 0.232713 0.023298 0.023483
0 0.587173 0.168907 0.021512 0.022056
0 0.572254 0.007405 0.023412 0.014810
0 0.186548 0.020997 0.084936 0.041994
0 0.717000 0.170539 0.075668 0.077156
0 0.587642 0.631819 0.020517 0.020155
0 0.622533 0.675088 0.033124 0.032649
0 0.483735 0.006539 0.019495 0.013078
0 0.846679 0.260792 0.021935 0.022275
0 0.908768 0.196094 0.091808 0.093223
0 0.457084 0.012716 0.075282 0.025433
0 0.544939 0.016930 0.020088 0.020000
