0 0.895343 0.711225 0.207898 0.226916
0 0.604204 0.750626 0.040073 0.039888
0 0.482387 0.561682 0.042996 0.042224
0 0.273584 0.435330 0.043178 0.043028
0 0.071401 0.203983 0.045110 0.043856
0 0.775375 0.126471 0.026658 0.026517
0 0.125478 0.157517 0.028444 0.028030
0 0.151164 0.077714 0.055296 0.055175
0 0.250016 0.276878 0.043456 0.043655
0 0.843348 0.868617 0.032822 0.032258
0 0.144828 0.356185 0.028071 0.028053
0 0.828137 0.042414 0.024169 0.023704
0 0.283211 0.341787 0.051005 0.050136
0 0.327681 0.311134 0.056061 0.056007
0 0.709370 0.516582 0.032549 0.032398
0 0.550003 0.360099 0.079868 0.076010
0 0.562169 0.531409 0.087302 0.087582
0 0.119364 0.209340 0.035616 0.035422
0 0.486490 0.042268 0.028639 0.028028
0 0.677422 0.009011 0.041721 0.017882
0 0.490217 0.653079 0.025409 0.025262
0 0.825017 0.442944 0.032341 0.031667
0 0.982070 0.053447 0.028249 0.028225
0 0.816446 0.239168 0.023696 0.023694
0 0.346450 0.042585 0.023374 0.022741
0 0.448551 0.372729 0.024514 0.024079
0 0.030481 0.822913 0.027774 0.027203
0 0.986598 0.243489 0.026805 0.069625
0 0.815540 0.082619 0.023270 0.022994
0 0.348976 0.741295 0.026506 0.026530
0 0.194918 0.280657 0.023130 0.022834
0 0.126482 0.312459 0.035651 0.034707
0 0.682675 0.677175 0.022029 0.022231
0 0.769938 0.785504 0.094925 0.091352
0 0.032802 0.211091 0.023842 0.021919
0 0.258748 0.675151 0.023175 0.023375
0 0.255604 0.756670 0.506328 0.486451
0 0.897614 0.109212 0.020321 0.019929
0 0.221910 0.015771 0.023248 0.023448
0 0.648536 0.374307 0.036347 0.036483
0 0.852823 0.609695 0.023545 0.023192
0 0.755087 0.279600 0.020179 0.020135
0 0.018963 0.854802 0.020714 0.021156
0 0.686311 0.405703 0.053395 0.054176
0 0.966093 0.333157 0.026910 0.026455
0 0.895265 0.073002 0.018493 0.018625
