0 0.803743 0.457450 0.024620 0.025624
0 0.966224 0.502179 0.024709 0.024067
0 0.839035 0.485339 0.024622 0.024667
0 0.500085 0.553021 0.040116 0.040170
0 0.720145 0.354520 0.053872 0.054003
0 0.685738 0.617431 0.049545 0.050339
0 0.235469 0.501357 0.029542 0.029074
0 0.975647 0.462813 0.046890 0.047072
0 0.934157 0.973458 0.034826 0.034007
0 0.737629 0.419781 0.035575 0.035527
0 0.860912 0.383495 0.028728 0.028958
0 0.165269 0.350203 0.031545 0.031575
0 0.910394 0.375638 0.035121 0.035485
0 0.258791 0.437075 0.022856 0.022910
0 0.255336 0.085296 0.023499 0.023666
0 0.831427 0.279336 0.030569 0.030120
0 0.973985 0.810463 0.052030 0.065730
0 0.600920 0.294435 0.022219 0.022187
0 0.108987 0.968360 0.045988 0.045080
0 0.977678 0.907954 0.023738 0.023853
0 0.155655 0.638126 0.027305 0.027685
0 0.866078 0.079681 0.101136 0.102758
0 0.427399 0.473415 0.023973 0.024108
0 0.276272 0.867552 0.030606 0.030874
0 0.289074 0.279353 0.039233 0.039158
0 0.283379 0.363906 0.034085 0.034149
0 0.911247 0.518720 0.032175 0.032136
0 0.707045 0.701299 0.027495 0.028258
0 0.213624 0.991599 0.027433 0.016664
0 0.604023 0.686956 0.024710 0.024647
0 0.012451 0.177648 0.024901 0.064997
0 0.176565 0.949301 0.025450 0.025827
0 0.879476 0.454138 0.019113 0.019206
0 0.321242 0.629718 0.059537 0.059215
0 0.024349 0.231114 0.048699 0.074461
0 0.882122 0.322499 0.019741 0.019706
0 0.233897 0.318323 0.026017 0.026604
0 0.324307 0.202326 0.019133 0.019222
0 0.486936 0.583585 0.020571 0.020362
0 0.879838 0.371594 0.024293 0.023889
0 0.100149 0.387824 0.020492 0.020214
0 0.704209 0.104432 0.018870 0.019049
0 0.874425 0.778448 0.031125 0.030991
0 0.065422 0.631086 0.082422 0.082531
0 0.498098 0.489418 0.035818 0.033919
0 0.289111 0.833616 0.028185 0.028861
0 0.120111 0.226717 0.023463 0.023900
0 0.680936 0.345572 0.023788 0.023796
0 0.071724 0.289161 0.020134 0.019948
0 0.542092 0.501258 0.019499 0.020202
0 0.012135 0.036356 0.024270 0.026859
0 0.577028 0.046471 0.156632 0.092942
0 0.772252 0.047806 0.104464 0.095613
0 0.741074 0.461562 0.024573 0.025037
0 0.131198 0.920880 0.030874 0.035180
0 0.014529 0.090535 0.029059 0.087055
0 0.902708 0.112629 0.023372 0.022870
0 0.692113 0.015758 0.100709 0.031314
0 0.155326 0.234919 0.032745 0.033157
0 0.824643 0.570798 0.021425 0.021457
0 0.212960 0.485828 0.019891 0.020907
0 0.142587 0.918138 0.041609 0.036971
0 0.851044 0.560908 0.040622 0.041573
0 0.555684 0.304951 0.024776 0.024962
0 0.687095 0.777285 0.023744 0.023602
0 0.991885 0.316625 0.016229 0.023127
0 0.938105 0.742217 0.021518 0.021456
0 0.298328 0.424020 0.019505 0.019439
0 0.479159 0.794042 0.069751 0.069341
0 0.453412 0.229801 0.021518 0.020233
0 0.333353 0.185126 0.017193 0.017407
0 0.192525 0.103353 0.022645 0.022815
0 0.913040 0.435167 0.018127 0.017985
0 0.932483 0.883249 0.019657 0.019562
0 0.155588 0.677671 0.021919 0.021221
0 0.094222 0.746932 0.030840 0.031035
0 0.751850 0.198677 0.066854 0.067472
0 0.602845 0.724902 0.057625 0.058130
0 0.607656 0.375092 0.029847 0.028964
