0 0.358277 0.419262 0.059150 0.056655
0 0.632757 0.364034 0.043794 0.041219
0 0.198009 0.965429 0.142598 0.068753
0 0.292465 0.774341 0.037037 0.036303
0 0.107996 0.769288 0.032829 0.032494
0 0.367336 0.309888 0.031241 0.030574
0 0.494752 0.669541 0.033637 0.031171
0 0.775393 0.929198 0.025900 0.025604
0 0.338264 0.263540 0.028974 0.028461
0 0.402220 0.246020 0.034037 0.030927
0 0.017811 0.958631 0.035374 0.040923
0 0.832372 0.798033 0.022078 0.021964
0 0.013733 0.653909 0.024699 0.024601
0 0.186571 0.244942 0.026010 0.025255
0 0.740216 0.215574 0.025520 0.024416
0 0.581865 0.755363 0.027236 0.026326
0 0.289999 0.266878 0.032341 0.031305
0 0.521879 0.577833 0.021405 0.021220
0 0.950551 0.866369 0.027972 0.027749
0 0.150856 0.751070 0.024084 0.023716
0 0.501606 0.587628 0.029196 0.029004
0 0.908925 0.414251 0.098692 0.091394
