0 0.496264 0.123739 0.186968 0.175676
0 0.905675 0.863249 0.176806 0.171229
0 0.259516 0.245627 0.079540 0.079740
0 0.688805 0.883337 0.086086 0.083911
0 0.303611 0.422619 0.098475 0.095404
0 0.649096 0.050320 0.039505 0.038640
0 0.882288 0.253582 0.056438 0.056272
0 0.034254 0.430741 0.026206 0.026498
0 0.719298 0.444677 0.028988 0.028305
0 0.080155 0.558592 0.045749 0.045059
0 0.502438 0.372865 0.086730 0.086465
0 0.418844 0.588399 0.025684 0.025601
0 0.622811 0.353543 0.078686 0.077608
0 0.837272 0.384195 0.040414 0.039583
0 0.469942 0.477655 0.069696 0.067918
0 0.031256 0.783035 0.062378 0.071269
0 0.741387 0.263064 0.031142 0.031045
0 0.557220 0.683856 0.095781 0.097142
0 0.938615 0.230473 0.084590 0.082722
0 0.760316 0.215577 0.038540 0.036365
0 0.803437 0.455465 0.022316 0.022071
0 0.329366 0.473205 0.033564 0.032922
0 0.181959 0.964634 0.028128 0.027330
0 0.031225 0.641185 0.044627 0.043800
0 0.407342 0.481988 0.021643 0.021801
0 0.341527 0.976814 0.072200 0.046371
0 0.372769 0.312615 0.023786 0.023412
0 0.742900 0.133882 0.046923 0.046791
0 0.318394 0.059391 0.034904 0.035021
0 0.028722 0.104699 0.036244 0.035435
0 0.961407 0.431759 0.036445 0.035889
0 0.373666 0.169178 0.021540 0.021680
0 0.141909 0.557513 0.024904 0.024165
0 0.552158 0.776674 0.084612 0.084586
0 0.369111 0.599701 0.041166 0.041409
0 0.881907 0.596346 0.029768 0.029572
0 0.951126 0.652885 0.061096 0.059134
0 0.114637 0.110499 0.028610 0.028224
0 0.159140 0.510857 0.125855 0.121814
0 0.890726 0.622419 0.034321 0.034491
0 0.401305 0.752078 0.023749 0.023007
0 0.425627 0.950530 0.060113 0.060431
0 0.865081 0.141129 0.060869 0.060920
0 0.407323 0.621578 0.064095 0.062343
0 0.602832 0.793382 0.037516 0.038951
0 0.114598 0.977877 0.027655 0.027212
0 0.987592 0.462296 0.023721 0.023439
0 0.718953 0.751462 0.067628 0.068533
0 0.723326 0.825554 0.030036 0.030029
0 0.923762 0.346136 0.061825 0.060571
0 0.671272 0.753318 0.131262 0.121870
0 0.013709 0.077250 0.027419 0.039633
0 0.680905 0.777315 0.021606 0.021903
0 0.035082 0.466224 0.019577 0.019635
0 0.695430 0.694527 0.229102 0.227952
0 0.733638 0.018131 0.051747 0.036263
0 0.743566 0.184197 0.044466 0.043017
0 0.532371 0.877425 0.049944 0.049880
0 0.302180 0.117905 0.058355 0.055113
0 0.932819 0.271873 0.034488 0.037365
0 0.740178 0.954904 0.042807 0.041944
0 0.155101 0.064515 0.020341 0.020188
0 0.484282 0.414812 0.046700 0.046295
0 0.453235 0.420134 0.017922 0.017631
0 0.014923 0.542227 0.029386 0.037961
0 0.968286 0.699908 0.024948 0.023809
0 0.781667 0.799415 0.040986 0.041536
0 0.005825 0.182458 0.011294 0.023717
0 0.326175 0.790494 0.450178 0.418510
0 0.497388 0.657075 0.046359 0.046301
0 0.298329 0.726409 0.019995 0.019682
0 0.992744 0.010881 0.014513 0.019216
0 0.222344 0.057350 0.026924 0.026737
0 0.160239 0.316615 0.228833 0.225736
0 0.328775 0.569105 0.024488 0.024828
0 0.730991 0.581399 0.057079 0.056060
0 0.108238 0.465226 0.112333 0.111263
0 0.211771 0.090301 0.029343 0.029315
0 0.928260 0.984828 0.022658 0.022525
0 0.105989 0.027934 0.018481 0.018803
0 0.871426 0.210946 0.021358 0.020927
0 0.702610 0.168086 0.035514 0.034963
0 0.126068 0.451164 0.074379 0.076583
0 0.716161 0.251534 0.027817 0.028019
0 0.167490 0.355488 0.026512 0.025371
