0 0.547507 0.459902 0.066295 0.060357
0 0.759522 0.903872 0.046228 0.043528
0 0.222373 0.448077 0.046323 0.038986
0 0.080984 0.703407 0.042498 0.037489
0 0.336822 0.361844 0.043449 0.038402
0 0.015073 0.428510 0.030062 0.046243
0 0.316588 0.579128 0.052095 0.046073
0 0.265330 0.499663 0.040414 0.036900
0 0.145195 0.554586 0.041675 0.037271
0 0.840667 0.049421 0.090230 0.073928
0 0.581746 0.844515 0.036823 0.033747
0 0.657531 0.351704 0.036987 0.032483
0 0.593430 0.099472 0.402009 0.198945
0 0.976171 0.341488 0.036106 0.031363
0 0.257526 0.543365 0.034430 0.030697
0 0.760698 0.362859 0.033310 0.028708
0 0.916037 0.575356 0.031425 0.030886
0 0.450100 0.138011 0.036194 0.030753
