0 0.645800 0.850403 0.047510 0.047068
0 0.557181 0.168392 0.033693 0.033353
0 0.541443 0.262310 0.028466 0.027759
0 0.228730 0.063130 0.030606 0.030158
0 0.519426 0.645970 0.027883 0.027819
0 0.412839 0.332774 0.023335 0.023075
0 0.692124 0.726237 0.027508 0.027624
0 0.345323 0.251188 0.023873 0.023385
0 0.638872 0.543667 0.022825 0.022776
0 0.685291 0.586400 0.024216 0.023780
0 0.702467 0.822894 0.025835 0.025345
0 0.605183 0.817737 0.025613 0.025660
0 0.992242 0.341662 0.015413 0.029461
0 0.912733 0.903094 0.026951 0.026437
0 0.143270 0.008871 0.025411 0.017742
0 0.779664 0.450945 0.021014 0.020760
0 0.808031 0.136273 0.021137 0.021251
