0 0.615327 0.607083 0.036325 0.035439
0 0.335211 0.895251 0.055474 0.055281
0 0.190011 0.221422 0.039753 0.038852
0 0.838581 0.065952 0.214582 0.129932
0 0.055135 0.902826 0.031189 0.031065
0 0.122677 0.086393 0.032575 0.032310
0 0.157449 0.172109 0.032323 0.031957
0 0.527525 0.882287 0.024905 0.024759
0 0.892588 0.992830 0.029228 0.014015
0 0.250324 0.462953 0.024155 0.024122
0 0.339806 0.125082 0.028925 0.028739
0 0.616878 0.404512 0.026441 0.026630
0 0.506097 0.256677 0.024536 0.024337
0 0.107899 0.380064 0.021092 0.021042
0 0.243760 0.387569 0.021268 0.021193
