0 0.656871 0.904201 0.025120 0.024843
0 0.126779 0.531838 0.041563 0.041893
0 0.797761 0.891123 0.025392 0.025389
0 0.277593 0.225771 0.029493 0.029256
0 0.413690 0.318470 0.039218 0.039654
0 0.272286 0.310357 0.023424 0.023399
0 0.093490 0.873397 0.032373 0.032113
0 0.177729 0.565458 0.032140 0.032705
0 0.295241 0.475619 0.046030 0.047678
0 0.712923 0.807879 0.031255 0.031218
0 0.950984 0.723717 0.029586 0.030026
0 0.168490 0.137839 0.046147 0.045364
0 0.335475 0.454000 0.034997 0.034907
0 0.619045 0.884629 0.026723 0.026314
0 0.410257 0.388045 0.023491 0.023318
0 0.477930 0.841763 0.037214 0.037610
0 0.142885 0.029823 0.031487 0.031068
0 0.418678 0.222029 0.044246 0.044304
0 0.940472 0.990732 0.029057 0.018114
0 0.126741 0.204605 0.048921 0.048757
0 0.067884 0.849121 0.027105 0.027152
0 0.017848 0.603543 0.035696 0.047972
0 0.058017 0.754305 0.023670 0.023237
0 0.558884 0.730920 0.024892 0.024719
0 0.699862 0.229726 0.023497 0.024247
0 0.227253 0.568318 0.040439 0.040866
0 0.072775 0.730506 0.032284 0.033444
0 0.523469 0.379665 0.023140 0.023164
0 0.967845 0.779718 0.031266 0.031097
0 0.930940 0.484762 0.023855 0.023977
0 0.899988 0.833141 0.025541 0.025980
0 0.187641 0.773630 0.023553 0.024374
0 0.188780 0.177673 0.032415 0.031738
0 0.953545 0.560791 0.022155 0.022322
0 0.279164 0.954892 0.048156 0.048091
0 0.987961 0.664434 0.021353 0.021785
0 0.221794 0.698626 0.025205 0.025257
0 0.420889 0.154633 0.043151 0.043168
0 0.299501 0.063428 0.023493 0.023194
0 0.485745 0.658740 0.022432 0.022415
0 0.412960 0.510459 0.022999 0.022942
0 0.156712 0.689315 0.144292 0.144713
0 0.728383 0.450093 0.020223 0.020254
0 0.297406 0.891588 0.341364 0.216823
0 0.947931 0.812401 0.057024 0.056771
0 0.445002 0.129619 0.024673 0.024842
0 0.330320 0.044189 0.034546 0.035015
0 0.610492 0.985874 0.020579 0.020856
0 0.513650 0.927384 0.059574 0.058296
0 0.534620 0.848988 0.029786 0.029395
0 0.613833 0.818555 0.022217 0.022903
0 0.070382 0.095308 0.022058 0.022246
0 0.416843 0.740529 0.033317 0.035388
0 0.983087 0.752687 0.032875 0.042048
0 0.415160 0.728116 0.024656 0.022347
0 0.954196 0.888010 0.019084 0.019115
0 0.093878 0.162316 0.033557 0.032728
0 0.061521 0.393168 0.123042 0.288650
0 0.241507 0.720242 0.024922 0.025231
0 0.025092 0.674544 0.019941 0.020102
0 0.151341 0.803260 0.021758 0.021739
0 0.808328 0.628492 0.020521 0.020786
0 0.512594 0.913414 0.033468 0.029720
0 0.037851 0.099493 0.020346 0.020927
0 0.545604 0.763106 0.233620 0.240523
0 0.672438 0.629592 0.020704 0.020752
0 0.235472 0.781065 0.021657 0.021976
0 0.608633 0.775615 0.029650 0.029636
0 0.514136 0.334047 0.021164 0.021367
0 0.812955 0.322453 0.031100 0.030877
0 0.406569 0.191275 0.027446 0.028063
0 0.266276 0.008468 0.031390 0.016935
0 0.056360 0.673799 0.020127 0.020681
0 0.944033 0.078207 0.021021 0.021071
0 0.517570 0.957899 0.190028 0.084201
0 0.722874 0.720500 0.020787 0.021033
0 0.511328 0.604303 0.023264 0.023528
0 0.871776 0.955531 0.021953 0.022175
0 0.238323 0.814264 0.021982 0.021932
0 0.390243 0.135386 0.021339 0.020539
0 0.112442 0.017747 0.024966 0.024355
0 0.364696 0.513437 0.017505 0.017727
0 0.572363 0.100389 0.034506 0.034407
0 0.330326 0.371454 0.022965 0.022621
0 0.289115 0.142392 0.028998 0.029228
0 0.209924 0.785010 0.024284 0.024559
0 0.246731 0.223183 0.023709 0.024772
0 0.365196 0.015536 0.021359 0.022210
0 0.962094 0.069865 0.067302 0.067606
