0 0.137264 0.543518 0.145528 0.146356
0 0.452054 0.186164 0.021831 0.021774
0 0.738868 0.189541 0.027836 0.027480
0 0.890539 0.274014 0.034240 0.034582
0 0.107238 0.287439 0.109793 0.109271
0 0.532894 0.760074 0.025435 0.025766
0 0.861774 0.243790 0.024891 0.025766
0 0.937343 0.045928 0.058983 0.059932
0 0.041661 0.633861 0.083321 0.099963
0 0.557685 0.136511 0.024377 0.024271
0 0.261026 0.424775 0.059884 0.060259
0 0.583314 0.472670 0.029900 0.030020
0 0.840906 0.220065 0.024056 0.023968
0 0.606305 0.153674 0.066101 0.066098
0 0.653454 0.034996 0.085879 0.069436
0 0.934386 0.678209 0.025026 0.024646
0 0.469286 0.226085 0.021976 0.021925
0 0.935009 0.826439 0.047064 0.047725
0 0.038354 0.497684 0.027003 0.026749
0 0.197997 0.108118 0.040579 0.040607
0 0.317574 0.105339 0.020881 0.020625
0 0.542669 0.319413 0.115517 0.117306
0 0.771700 0.617984 0.027037 0.027149
0 0.318610 0.531284 0.021709 0.022096
0 0.084722 0.864027 0.022705 0.022810
0 0.376178 0.613985 0.026724 0.026730
0 0.589952 0.903307 0.031862 0.032024
0 0.864348 0.426114 0.036028 0.036078
0 0.112278 0.987140 0.031509 0.025721
0 0.948792 0.696964 0.026821 0.026459
0 0.771488 0.397580 0.034762 0.035329
0 0.368114 0.698321 0.019090 0.019017
0 0.073896 0.188175 0.023714 0.023540
0 0.411461 0.433081 0.022561 0.022553
0 0.097784 0.942097 0.028638 0.028795
0 0.475948 0.931152 0.029413 0.029746
0 0.025224 0.916771 0.035576 0.035388
0 0.257682 0.923479 0.022811 0.022485
0 0.006682 0.231849 0.013365 0.027123
0 0.133581 0.130342 0.032410 0.032337
0 0.632401 0.442025 0.050163 0.050351
0 0.527276 0.789818 0.025224 0.025372
0 0.203606 0.817237 0.021081 0.021028
0 0.894996 0.667516 0.020647 0.020713
0 0.014465 0.481780 0.028931 0.033198
0 0.934027 0.123469 0.022211 0.022233
0 0.660902 0.990924 0.024856 0.018152
0 0.444306 0.094525 0.022112 0.021911
0 0.218401 0.667572 0.041127 0.040677
0 0.989494 0.766855 0.020896 0.028698
0 0.837087 0.177791 0.020466 0.020558
0 0.573396 0.585071 0.018918 0.018887
0 0.611761 0.292111 0.019845 0.019770
0 0.524803 0.300052 0.026513 0.027268
0 0.560042 0.666289 0.019023 0.019243
0 0.922004 0.179615 0.020644 0.020921
0 0.550031 0.710101 0.022823 0.023002
0 0.211689 0.292367 0.020952 0.021127
0 0.163092 0.095826 0.021037 0.021170
0 0.745291 0.379058 0.044744 0.045309
0 0.500623 0.214958 0.020166 0.019776
0 0.753055 0.642054 0.027670 0.029137
0 0.647775 0.386954 0.019378 0.019099
0 0.133406 0.936682 0.021012 0.020890
0 0.918707 0.768021 0.024312 0.024285
0 0.969278 0.650431 0.024861 0.025690
0 0.784933 0.345437 0.092397 0.087393
0 0.780515 0.521028 0.230439 0.241232
0 0.215338 0.795989 0.029004 0.029127
0 0.104456 0.388116 0.068339 0.067606
0 0.293015 0.333599 0.018608 0.018523
0 0.178878 0.986727 0.028917 0.026545
0 0.375937 0.961037 0.084362 0.077925
0 0.629442 0.844722 0.030949 0.030964
0 0.246282 0.979120 0.037996 0.038583
0 0.442206 0.404650 0.022015 0.022190
0 0.739720 0.515799 0.018786 0.018862
0 0.985835 0.671858 0.019152 0.019067
0 0.130949 0.213929 0.031456 0.032006
0 0.423452 0.908649 0.025086 0.026633
0 0.965057 0.232374 0.069885 0.091664
0 0.986133 0.734070 0.019249 0.018658
0 0.468347 0.976111 0.019325 0.019417
0 0.711565 0.707876 0.038472 0.038152
0 0.511800 0.936162 0.018257 0.018456
0 0.071219 0.333611 0.027902 0.027631
0 0.389104 0.205425 0.019979 0.019890
0 0.447120 0.410007 0.021708 0.021375
0 0.458966 0.918292 0.020472 0.021077
0 0.391951 0.023140 0.091430 0.046279
0 0.488634 0.729841 0.021918 0.022093
0 0.984110 0.630373 0.025153 0.024722
0 0.989081 0.043287 0.017970 0.018101
0 0.241806 0.953980 0.026441 0.026704
0 0.910120 0.852517 0.017975 0.017688
0 0.380248 0.119364 0.017940 0.018216
0 0.119491 0.715315 0.135662 0.141000
0 0.618425 0.528304 0.035819 0.037178
0 0.140302 0.102399 0.020912 0.020718
0 0.631232 0.246781 0.020932 0.020637
0 0.096867 0.966332 0.022452 0.023077
0 0.075173 0.850658 0.136567 0.130788
0 0.281757 0.018354 0.039317 0.036173
0 0.378731 0.762829 0.020613 0.020642
0 0.539903 0.885721 0.020407 0.020000
0 0.128092 0.895978 0.026247 0.026362
0 0.161736 0.319856 0.095914 0.092973
0 0.782766 0.353166 0.019951 0.019611
0 0.707311 0.747903 0.043810 0.043514
0 0.184022 0.358595 0.017826 0.017859
0 0.412361 0.627424 0.047467 0.047028
0 0.858040 0.810361 0.215754 0.223636
0 0.430760 0.325585 0.019220 0.019833
0 0.439110 0.925155 0.025161 0.025293
0 0.100229 0.156810 0.023362 0.024064
0 0.565492 0.679558 0.017878 0.017541
0 0.806805 0.653473 0.020558 0.021052
0 0.149954 0.379792 0.023436 0.022564
