0 0.160124 0.597850 0.023371 0.023374
0 0.205463 0.905339 0.030665 0.029060
0 0.031925 0.119956 0.021810 0.021847
0 0.034493 0.345441 0.023837 0.023227
0 0.334204 0.551115 0.026333 0.025668
0 0.296586 0.279793 0.028400 0.028633
0 0.393730 0.721767 0.035411 0.034618
0 0.208901 0.552226 0.026631 0.027806
0 0.059897 0.357670 0.033185 0.032170
0 0.151038 0.549468 0.021774 0.020347
0 0.039536 0.486260 0.034315 0.033691
0 0.210806 0.356597 0.030656 0.030140
0 0.326089 0.057178 0.022669 0.022638
0 0.041431 0.726422 0.028137 0.027411
0 0.495277 0.528647 0.034682 0.032692
0 0.081421 0.373661 0.035554 0.035172
0 0.401494 0.368510 0.029373 0.029200
0 0.135941 0.429354 0.023104 0.022259
0 0.215350 0.029949 0.021143 0.021477
0 0.015838 0.672486 0.022346 0.022484
0 0.011382 0.331239 0.021870 0.024127
0 0.455243 0.337512 0.036501 0.036896
0 0.516558 0.103430 0.024044 0.023971
0 0.515052 0.710144 0.024955 0.024968
0 0.448107 0.366351 0.026454 0.026433
0 0.508870 0.649317 0.027351 0.027060
0 0.294230 0.232596 0.026621 0.025552
0 0.342450 0.272153 0.033530 0.033387
0 0.492590 0.601910 0.026813 0.025901
0 0.348912 0.631668 0.028467 0.026851
0 0.201652 0.468810 0.023274 0.023223
