0 0.734602 0.803426 0.050899 0.048592
0 0.564294 0.660595 0.035497 0.034523
0 0.767328 0.673402 0.054896 0.052574
0 0.506675 0.771232 0.023449 0.023474
0 0.454221 0.840913 0.039341 0.037137
0 0.341495 0.282063 0.028019 0.028107
0 0.563196 0.810008 0.027402 0.027051
0 0.405507 0.759225 0.049331 0.046352
0 0.589460 0.601284 0.029233 0.027776
0 0.989072 0.524969 0.021857 0.026800
0 0.585206 0.836909 0.025777 0.025319
0 0.755560 0.572679 0.032524 0.030342
0 0.375551 0.199151 0.027493 0.027064
0 0.563537 0.850048 0.025854 0.026014
0 0.572718 0.749805 0.024509 0.024597
0 0.556606 0.780982 0.024233 0.023707
0 0.658450 0.843048 0.027405 0.026058
0 0.888219 0.297170 0.028817 0.028299
0 0.353014 0.739730 0.047131 0.045719
0 0.265170 0.647669 0.024547 0.024777
0 0.521187 0.665056 0.024340 0.024283
0 0.818220 0.338793 0.028809 0.026931
0 0.490046 0.720929 0.022123 0.022070
0 0.623268 0.231860 0.022846 0.022469
0 0.251776 0.958168 0.021993 0.022336
0 0.512813 0.296725 0.025817 0.025341
0 0.538883 0.018725 0.026345 0.026005
0 0.237964 0.605006 0.027095 0.026004
0 0.324713 0.521275 0.022989 0.022480
0 0.782773 0.338415 0.034022 0.031594
0 0.257702 0.428745 0.089187 0.082738
0 0.014276 0.423778 0.027784 0.028945
0 0.883945 0.472037 0.079936 0.077999
0 0.017098 0.825859 0.023656 0.023633
