0 0.682249 0.523306 0.091127 0.080793
0 0.597125 0.060292 0.056993 0.048084
0 0.327916 0.366326 0.179530 0.165675
0 0.944517 0.212055 0.067530 0.060433
0 0.249886 0.246020 0.069865 0.062041
0 0.086310 0.498054 0.066965 0.062309
0 0.582651 0.325376 0.078071 0.071759
0 0.598356 0.570237 0.043652 0.038449
0 0.258740 0.101329 0.193521 0.169517
0 0.614159 0.911832 0.035423 0.033828
0 0.511103 0.024112 0.052956 0.046010
0 0.301289 0.703851 0.034408 0.033148
0 0.532267 0.700826 0.063845 0.060505
0 0.860657 0.967484 0.130117 0.064280
0 0.964168 0.177520 0.038801 0.035475
0 0.907869 0.363047 0.100536 0.093855
0 0.464906 0.852975 0.037501 0.035659
0 0.691763 0.851870 0.029563 0.028111
0 0.662968 0.652367 0.053353 0.049309
0 0.528566 0.431911 0.042447 0.040673
0 0.415945 0.695210 0.044649 0.041776
0 0.889922 0.248112 0.060798 0.054737
0 0.738243 0.056531 0.053175 0.045353
0 0.849171 0.461506 0.032422 0.030392
0 0.450215 0.470186 0.055462 0.052608
0 0.883305 0.425806 0.033522 0.031692
0 0.641177 0.040658 0.058315 0.051813
0 0.960111 0.043535 0.062911 0.058794
0 0.038779 0.174580 0.077559 0.067090
0 0.468507 0.299169 0.023140 0.022346
0 0.668549 0.323991 0.091643 0.081799
0 0.124025 0.436083 0.035989 0.031815
0 0.598441 0.536002 0.026964 0.026239
0 0.681848 0.937322 0.022772 0.021696
0 0.713698 0.144907 0.241053 0.210883
0 0.017459 0.423285 0.034919 0.036593
0 0.595927 0.981550 0.025534 0.025443
0 0.211380 0.980370 0.045293 0.037662
0 0.576468 0.491140 0.024499 0.023378
0 0.799068 0.260447 0.081052 0.070683
0 0.252079 0.390638 0.033253 0.033124
0 0.956743 0.273993 0.084066 0.081173
0 0.370605 0.976443 0.105155 0.047055
0 0.183712 0.682554 0.029734 0.027237
0 0.632587 0.838569 0.028508 0.028248
0 0.077223 0.701872 0.154447 0.229190
0 0.900374 0.060648 0.038062 0.034482
0 0.909012 0.178360 0.026761 0.025728
0 0.760676 0.350050 0.091506 0.078796
0 0.165073 0.153555 0.091219 0.074280
0 0.884552 0.279669 0.048433 0.042688
0 0.258838 0.749918 0.036782 0.033142
0 0.688660 0.387305 0.090905 0.080889
0 0.441698 0.374645 0.026686 0.026577
0 0.169864 0.865860 0.068527 0.062730
0 0.416661 0.309664 0.027188 0.026284
0 0.187264 0.400383 0.105289 0.096449
0 0.500250 0.642998 0.021729 0.021011
0 0.049540 0.829442 0.098275 0.119250
0 0.512733 0.564958 0.022160 0.021766
0 0.352039 0.836483 0.030782 0.029168
0 0.314500 0.519902 0.090757 0.082024
0 0.883909 0.126722 0.104100 0.092570
0 0.692792 0.569515 0.026255 0.024851
0 0.790744 0.070239 0.054427 0.046974
0 0.784557 0.849629 0.037039 0.032972
0 0.836273 0.813266 0.030909 0.028769
0 0.905879 0.884830 0.060541 0.053039
0 0.809730 0.899941 0.021223 0.020287
0 0.658100 0.403356 0.037763 0.035764
0 0.043271 0.588669 0.086542 0.093321
