0 0.131840 0.238711 0.029576 0.029971
0 0.448865 0.489781 0.035458 0.035683
0 0.544770 0.773538 0.026781 0.026404
0 0.907856 0.390038 0.036071 0.035714
0 0.479950 0.666220 0.028818 0.028498
0 0.286620 0.683525 0.065931 0.066024
0 0.150147 0.421077 0.028519 0.027936
0 0.524004 0.915518 0.022340 0.022790
0 0.632915 0.735089 0.037493 0.038049
0 0.661932 0.699522 0.021403 0.021408
0 0.631109 0.699230 0.040520 0.040655
0 0.906385 0.548020 0.022572 0.022397
0 0.833632 0.963689 0.028131 0.028370
0 0.954772 0.759435 0.022160 0.022191
0 0.847427 0.181692 0.026011 0.026055
0 0.935800 0.715864 0.022600 0.022679
0 0.777666 0.397706 0.022334 0.022344
0 0.539553 0.814758 0.034201 0.034020
0 0.605739 0.899124 0.025983 0.026007
0 0.037929 0.965287 0.023101 0.022712
0 0.971308 0.130074 0.022832 0.023008
0 0.538793 0.246080 0.022412 0.022600
0 0.189160 0.061305 0.021373 0.021064
0 0.015797 0.474263 0.031594 0.035416
0 0.183379 0.547755 0.020715 0.020661
0 0.361118 0.561347 0.025008 0.025259
0 0.705725 0.628015 0.020579 0.020673
0 0.919807 0.889234 0.030985 0.030941
0 0.987304 0.782543 0.022161 0.021686
0 0.180934 0.842342 0.022851 0.023045
0 0.520413 0.453455 0.025389 0.025266
0 0.871147 0.120298 0.020564 0.020498
0 0.261923 0.281000 0.020851 0.021055
0 0.438813 0.098375 0.023890 0.024109
0 0.907512 0.216670 0.020606 0.020580
0 0.107369 0.977082 0.021052 0.021243
0 0.058491 0.075925 0.088952 0.088821
0 0.099230 0.394839 0.042542 0.043060
0 0.698292 0.979667 0.020162 0.020307
0 0.191505 0.481480 0.024785 0.025140
0 0.241567 0.236064 0.023220 0.023232
0 0.212711 0.777532 0.024817 0.024597
0 0.812102 0.719198 0.021192 0.021188
0 0.180981 0.297047 0.019954 0.020154
0 0.586761 0.482796 0.029434 0.029747
0 0.798969 0.126980 0.019952 0.019988
0 0.044602 0.901993 0.024306 0.023568
0 0.608332 0.775278 0.019900 0.019845
0 0.062851 0.416983 0.042934 0.043090
0 0.873801 0.094733 0.020805 0.021119
0 0.568997 0.460409 0.022032 0.021662
0 0.773034 0.162511 0.019762 0.019510
0 0.154318 0.340441 0.020066 0.019976
0 0.619340 0.794685 0.021250 0.021024
0 0.992787 0.919197 0.014336 0.025410
0 0.991552 0.232388 0.016896 0.020044
0 0.310040 0.605422 0.025344 0.026112
0 0.024114 0.442867 0.025649 0.025604
0 0.357513 0.535861 0.020454 0.020164
0 0.595519 0.665162 0.020776 0.020870
0 0.178295 0.321819 0.019386 0.019485
0 0.698746 0.908021 0.020681 0.020874
0 0.138070 0.352667 0.020107 0.020167
0 0.961789 0.957851 0.021499 0.022630
0 0.948908 0.938934 0.017990 0.017871
0 0.838008 0.088593 0.019376 0.019462
0 0.105521 0.890113 0.021226 0.021235
0 0.134716 0.626641 0.019446 0.019213
0 0.289231 0.094507 0.024494 0.024343
0 0.064216 0.928723 0.127238 0.141316
0 0.258661 0.876449 0.277524 0.247102
0 0.600309 0.503304 0.023901 0.024164
0 0.410332 0.029553 0.018770 0.019041
0 0.085290 0.302385 0.022106 0.022467
0 0.897403 0.905049 0.019077 0.018823
0 0.659555 0.664363 0.018347 0.018398
0 0.786755 0.344256 0.152689 0.150221
0 0.537656 0.439129 0.019624 0.019605
0 0.392230 0.086533 0.022439 0.022087
0 0.238024 0.949765 0.016866 0.016750
0 0.782041 0.497630 0.018318 0.017952
0 0.421404 0.390088 0.057476 0.057970
0 0.380143 0.584631 0.024032 0.023453
0 0.751804 0.603546 0.018671 0.018637
0 0.267822 0.621289 0.019371 0.020273
0 0.750454 0.902444 0.017798 0.017840
0 0.813101 0.348373 0.106173 0.110524
0 0.569445 0.562259 0.017850 0.018122
0 0.404795 0.199243 0.018499 0.018433
0 0.697659 0.731238 0.019577 0.019344
0 0.094628 0.064583 0.018772 0.021813
0 0.293593 0.023142 0.018962 0.018890
0 0.899235 0.176080 0.017583 0.017853
0 0.088567 0.650455 0.171140 0.172783
