0 0.410472 0.426036 0.095842 0.088519
0 0.575984 0.350222 0.057647 0.056385
0 0.543487 0.552532 0.031222 0.029871
0 0.384329 0.306399 0.049029 0.047686
0 0.416359 0.168991 0.069658 0.065923
0 0.268061 0.823952 0.058833 0.055369
0 0.475265 0.079833 0.027454 0.026639
0 0.624250 0.162967 0.174443 0.166376
0 0.494089 0.261855 0.041790 0.040934
0 0.149335 0.154146 0.052298 0.048780
0 0.664443 0.625244 0.028439 0.027865
0 0.901958 0.592986 0.061914 0.060224
0 0.479416 0.307419 0.032834 0.032655
0 0.617581 0.578373 0.033707 0.032746
0 0.822315 0.888371 0.047409 0.046381
0 0.618127 0.672170 0.038280 0.037525
0 0.762180 0.511448 0.271067 0.262919
0 0.560134 0.311392 0.025588 0.024813
0 0.485088 0.143812 0.039401 0.039309
0 0.533216 0.966882 0.026659 0.025640
0 0.609624 0.478419 0.047412 0.046649
0 0.486432 0.762347 0.022743 0.022239
0 0.537487 0.079568 0.026168 0.025962
0 0.842739 0.620753 0.029170 0.029058
0 0.592686 0.514543 0.039412 0.038569
0 0.490451 0.708263 0.020904 0.021410
0 0.592467 0.013414 0.023856 0.023302
0 0.236088 0.981798 0.040727 0.034375
0 0.448354 0.750089 0.027092 0.025903
0 0.402120 0.572932 0.056610 0.055036
0 0.151899 0.523282 0.026916 0.026015
0 0.627138 0.784229 0.035091 0.034286
0 0.528882 0.512351 0.022397 0.022121
0 0.681233 0.079871 0.021466 0.020881
0 0.178252 0.505588 0.027532 0.025717
0 0.142343 0.657644 0.023772 0.022918
0 0.224972 0.362027 0.033871 0.033663
0 0.311369 0.897599 0.022757 0.021765
0 0.139707 0.933380 0.037522 0.035186
0 0.540112 0.452743 0.021735 0.021309
0 0.259480 0.630713 0.022105 0.022165
0 0.127227 0.594221 0.023784 0.023026
0 0.365519 0.569747 0.025363 0.025167
0 0.292464 0.663258 0.028499 0.028530
0 0.602051 0.233591 0.040205 0.039449
0 0.019106 0.326498 0.037059 0.138280
0 0.259611 0.099099 0.242333 0.197202
0 0.985772 0.380957 0.028164 0.076311
0 0.711582 0.119111 0.023393 0.024071
0 0.278283 0.198703 0.030965 0.030407
0 0.086228 0.745786 0.032543 0.030518
0 0.842733 0.546610 0.022251 0.022379
0 0.528694 0.112987 0.041803 0.040218
0 0.949890 0.270104 0.099920 0.145739
0 0.627595 0.920964 0.030608 0.029755
0 0.522898 0.343184 0.037838 0.036298
0 0.982374 0.811809 0.026017 0.025293
0 0.473540 0.056454 0.019080 0.019061
