0 0.294657 0.396733 0.026144 0.025910
0 0.463066 0.250373 0.056581 0.056268
0 0.272853 0.859382 0.022280 0.022386
0 0.582167 0.703570 0.155675 0.155222
0 0.378251 0.277948 0.026217 0.026060
0 0.482714 0.726627 0.024967 0.025746
0 0.206165 0.655124 0.023236 0.022887
0 0.347018 0.745498 0.028231 0.028886
0 0.324831 0.282922 0.034264 0.034126
0 0.445458 0.087752 0.028994 0.028763
0 0.310869 0.096687 0.022428 0.022362
0 0.050304 0.216132 0.030171 0.030105
0 0.271327 0.218837 0.022535 0.022600
0 0.566402 0.601149 0.023513 0.022990
0 0.388634 0.214246 0.024677 0.024682
0 0.938802 0.622326 0.026799 0.027073
0 0.686518 0.769974 0.041291 0.041306
0 0.651350 0.121491 0.024538 0.024502
0 0.512475 0.754178 0.026496 0.026602
0 0.762431 0.235466 0.023632 0.023536
0 0.175123 0.116122 0.040307 0.040492
0 0.674519 0.344624 0.028125 0.028254
0 0.752530 0.570983 0.031183 0.030635
0 0.550941 0.919106 0.027414 0.027029
0 0.641248 0.303652 0.020905 0.021311
0 0.889572 0.249879 0.047809 0.047400
0 0.498152 0.203294 0.022409 0.022548
0 0.744196 0.544405 0.048533 0.048580
0 0.367402 0.235488 0.020203 0.020418
0 0.183315 0.287208 0.024120 0.024486
0 0.772786 0.857485 0.026222 0.025863
0 0.988711 0.822204 0.022388 0.033048
0 0.570201 0.399405 0.021356 0.021613
0 0.513719 0.063675 0.027384 0.027759
0 0.461098 0.900508 0.025899 0.025559
0 0.276714 0.614655 0.020907 0.021059
0 0.740911 0.970185 0.069289 0.059631
0 0.133493 0.566850 0.019990 0.020170
0 0.300257 0.617477 0.024581 0.024680
0 0.225670 0.415070 0.024229 0.024084
0 0.700140 0.920410 0.026951 0.028295
0 0.875850 0.862049 0.028142 0.027888
0 0.340312 0.834170 0.021420 0.021691
0 0.960823 0.011723 0.023117 0.022939
0 0.154037 0.076504 0.025014 0.024584
0 0.462724 0.990987 0.023838 0.018026
0 0.383791 0.839262 0.020833 0.020972
0 0.497978 0.579989 0.022008 0.022702
0 0.738811 0.137740 0.021002 0.020825
0 0.461918 0.160413 0.019898 0.020287
0 0.543561 0.791068 0.019740 0.019647
0 0.009998 0.722790 0.019995 0.028120
0 0.504357 0.293984 0.017988 0.018034
0 0.463729 0.527913 0.019073 0.019341
0 0.927034 0.850168 0.022953 0.023009
0 0.877473 0.408921 0.021098 0.020954
0 0.068183 0.007564 0.022676 0.014794
0 0.605494 0.098879 0.020834 0.020621
0 0.797392 0.380803 0.019900 0.020200
0 0.223685 0.284313 0.028746 0.028681
0 0.670252 0.426625 0.018801 0.018740
0 0.896306 0.614453 0.019928 0.019749
0 0.776616 0.301781 0.046269 0.046599
0 0.380435 0.089870 0.019319 0.019038
0 0.418105 0.106686 0.019386 0.019330
0 0.729237 0.738797 0.019067 0.019684
0 0.315308 0.389579 0.019008 0.019144
0 0.792873 0.494828 0.019139 0.019164
0 0.114262 0.020380 0.018735 0.019251
0 0.646833 0.840841 0.020290 0.020586
0 0.832232 0.416784 0.018691 0.018683
0 0.958717 0.869137 0.024548 0.025476
0 0.909330 0.106699 0.061684 0.061687
0 0.756212 0.734105 0.018701 0.018269
0 0.991606 0.990638 0.016491 0.018527
0 0.222654 0.362552 0.102196 0.103308
0 0.971038 0.302404 0.018784 0.019022
0 0.873813 0.991624 0.023528 0.016752
0 0.697573 0.827872 0.018649 0.018785
0 0.067676 0.670667 0.019980 0.020717
0 0.839847 0.637165 0.018784 0.018770
