0 0.454470 0.657807 0.047827 0.047782
0 0.947367 0.569379 0.031879 0.032214
0 0.058803 0.798122 0.032088 0.032031
0 0.414464 0.837408 0.046853 0.046525
0 0.031555 0.257697 0.051233 0.051180
0 0.398178 0.871205 0.033018 0.033196
0 0.990846 0.386092 0.018307 0.025697
0 0.842357 0.664609 0.027672 0.027185
0 0.202010 0.594737 0.029292 0.029078
0 0.506963 0.872971 0.034000 0.033982
0 0.047318 0.671322 0.031398 0.030910
0 0.926665 0.448948 0.024034 0.023962
0 0.656324 0.555104 0.030530 0.030012
0 0.152276 0.928084 0.022263 0.022569
0 0.943532 0.406501 0.025973 0.025074
0 0.327265 0.386193 0.021413 0.021849
0 0.354742 0.915169 0.035913 0.036008
0 0.817971 0.302509 0.033376 0.033440
0 0.286371 0.669742 0.024636 0.025066
0 0.789138 0.062772 0.048688 0.046361
0 0.485787 0.783428 0.027857 0.027469
0 0.637043 0.876124 0.021812 0.022113
0 0.849113 0.745473 0.020366 0.020737
0 0.704578 0.577760 0.037045 0.037806
0 0.756266 0.529000 0.026282 0.026394
0 0.889967 0.386069 0.040284 0.039983
0 0.597063 0.588889 0.036891 0.035819
0 0.627620 0.981231 0.020278 0.020471
0 0.311155 0.441318 0.030458 0.030844
0 0.672366 0.707543 0.037159 0.037876
0 0.905695 0.722707 0.019909 0.019905
0 0.048854 0.894434 0.020054 0.020001
0 0.945150 0.708562 0.023155 0.023009
0 0.898685 0.616476 0.019021 0.018926
0 0.645655 0.708037 0.039459 0.041948
0 0.630323 0.569395 0.029264 0.029841
0 0.332228 0.440487 0.018593 0.018883
0 0.839223 0.580276 0.019207 0.019464
0 0.975134 0.938045 0.019890 0.020422
0 0.247539 0.987638 0.019249 0.019282
0 0.022759 0.744663 0.024192 0.024385
0 0.060458 0.054689 0.022676 0.022541
0 0.435057 0.905118 0.174176 0.174863
0 0.932114 0.121329 0.023454 0.023503
0 0.574959 0.779971 0.021314 0.021773
