0 0.082125 0.752428 0.025504 0.024823
0 0.442924 0.312552 0.028213 0.028279
0 0.551271 0.237245 0.029921 0.030902
0 0.376132 0.031860 0.031843 0.031430
0 0.742597 0.073267 0.026518 0.026372
0 0.217823 0.921571 0.071310 0.071610
0 0.517708 0.459348 0.064203 0.064095
0 0.395039 0.842795 0.025144 0.024854
0 0.604704 0.866384 0.052600 0.052435
0 0.796116 0.902773 0.033868 0.033767
0 0.699838 0.043957 0.026940 0.026547
0 0.863645 0.356082 0.021694 0.022076
0 0.156969 0.557440 0.023937 0.023379
0 0.877991 0.847905 0.030774 0.030757
0 0.585322 0.273668 0.034108 0.034086
0 0.650085 0.248625 0.047509 0.047901
0 0.070675 0.440035 0.029107 0.028728
0 0.326921 0.909461 0.040092 0.041282
0 0.336298 0.424808 0.026819 0.027170
0 0.493248 0.248470 0.027680 0.027640
0 0.767557 0.634533 0.059512 0.059897
0 0.593219 0.316183 0.025124 0.025251
0 0.628690 0.433136 0.032790 0.032307
0 0.500898 0.948731 0.043236 0.043729
0 0.298355 0.585546 0.054730 0.054578
0 0.579855 0.160704 0.094880 0.096354
0 0.420074 0.034401 0.023062 0.023025
0 0.053604 0.355058 0.023877 0.024128
0 0.383556 0.775949 0.044370 0.044294
0 0.109891 0.901991 0.042715 0.042522
0 0.644285 0.132303 0.027214 0.026226
0 0.645541 0.187020 0.030889 0.030949
0 0.552806 0.937250 0.035627 0.036324
0 0.968520 0.477013 0.056382 0.056216
0 0.285202 0.917581 0.042210 0.042115
0 0.833275 0.805964 0.038991 0.039596
0 0.289003 0.069950 0.030042 0.030424
0 0.203860 0.634789 0.035483 0.034327
0 0.612814 0.206383 0.035509 0.034914
0 0.880718 0.648451 0.035421 0.035284
0 0.787992 0.692670 0.040327 0.040452
0 0.439113 0.675456 0.051617 0.051585
0 0.368420 0.987148 0.030057 0.025348
0 0.439825 0.521634 0.056932 0.055787
0 0.126111 0.823716 0.090271 0.089449
0 0.674372 0.682378 0.022440 0.022281
0 0.696090 0.819651 0.028194 0.028199
0 0.547849 0.529458 0.048939 0.048227
0 0.671520 0.112251 0.034409 0.033007
0 0.926113 0.816871 0.036570 0.036348
0 0.609113 0.586008 0.048007 0.048155
0 0.985925 0.382337 0.026796 0.027662
0 0.793782 0.800897 0.036913 0.037374
0 0.672727 0.746980 0.054816 0.053853
0 0.375299 0.929332 0.023219 0.022983
0 0.602451 0.800472 0.040710 0.041016
0 0.575996 0.771528 0.022145 0.022364
0 0.568907 0.553658 0.042255 0.043398
0 0.322188 0.742207 0.033432 0.034453
0 0.576066 0.042148 0.059866 0.059866
0 0.956020 0.575951 0.086971 0.107464
0 0.756479 0.587310 0.056061 0.055505
0 0.981606 0.920384 0.031335 0.030440
0 0.680201 0.453386 0.034365 0.033925
0 0.338097 0.825401 0.079008 0.078148
0 0.806729 0.737958 0.042797 0.042571
0 0.261120 0.792631 0.032427 0.029801
0 0.689836 0.523351 0.028500 0.028456
0 0.415119 0.741356 0.038447 0.038859
0 0.049908 0.117672 0.041856 0.042320
0 0.690499 0.227673 0.025164 0.025206
0 0.851770 0.461054 0.249226 0.241018
0 0.811607 0.544985 0.032630 0.032412
0 0.043445 0.197417 0.048183 0.048986
0 0.563952 0.403260 0.042957 0.042741
0 0.683415 0.717100 0.046796 0.046422
0 0.623255 0.528346 0.057048 0.056459
0 0.156261 0.276257 0.045776 0.045439
0 0.790979 0.840664 0.069886 0.070918
0 0.303572 0.774781 0.027274 0.027608
0 0.533001 0.726945 0.047165 0.046315
0 0.887257 0.887503 0.040615 0.040180
0 0.022440 0.807522 0.034190 0.033873
0 0.525299 0.388963 0.034116 0.034232
0 0.028454 0.013591 0.054871 0.026860
0 0.828632 0.855537 0.023482 0.023724
0 0.951000 0.424537 0.044360 0.044319
0 0.947012 0.227172 0.051373 0.051132
0 0.456487 0.450161 0.102000 0.101152
0 0.569407 0.435900 0.021477 0.021698
0 0.885239 0.753520 0.032820 0.032884
0 0.194028 0.459886 0.023915 0.024199
0 0.192598 0.743626 0.046101 0.045840
0 0.651053 0.339840 0.047289 0.047105
0 0.501004 0.516807 0.044694 0.044567
0 0.703892 0.319414 0.023527 0.023653
0 0.018967 0.057170 0.037935 0.043437
0 0.848287 0.534782 0.039307 0.038884
0 0.112124 0.592221 0.028475 0.028905
0 0.967415 0.760192 0.020579 0.020515
0 0.618532 0.272492 0.027199 0.027458
0 0.121896 0.361030 0.243792 0.296329
0 0.969264 0.726460 0.044435 0.045540
0 0.233842 0.979036 0.071230 0.041929
0 0.733012 0.823466 0.023947 0.024400
0 0.107925 0.296873 0.021258 0.021368
0 0.745756 0.188436 0.037024 0.036759
0 0.580697 0.471439 0.049358 0.048474
0 0.984512 0.784624 0.030900 0.041222
0 0.400635 0.679431 0.020743 0.020401
0 0.688333 0.878881 0.042614 0.041241
0 0.306035 0.112595 0.061503 0.062180
0 0.180906 0.010707 0.049749 0.021262
0 0.941676 0.346962 0.038865 0.039137
0 0.939389 0.705029 0.048142 0.048626
0 0.726136 0.459092 0.062653 0.062374
0 0.233202 0.498941 0.026940 0.027112
0 0.940508 0.585433 0.041161 0.039746
0 0.783204 0.181783 0.030977 0.030940
0 0.038333 0.901175 0.041881 0.042594
0 0.487884 0.777344 0.035836 0.036131
0 0.303561 0.971937 0.081838 0.056126
0 0.300882 0.374349 0.022365 0.022291
0 0.378426 0.069745 0.024198 0.024085
0 0.490703 0.985815 0.023589 0.023789
0 0.708293 0.097310 0.028332 0.027640
0 0.893718 0.555228 0.038398 0.037994
0 0.501480 0.888577 0.086598 0.084581
0 0.621674 0.837003 0.039848 0.040709
0 0.573176 0.246694 0.023039 0.022494
0 0.824796 0.614260 0.098640 0.102728
0 0.796995 0.268863 0.057118 0.056505
0 0.311641 0.804955 0.026581 0.026422
0 0.445663 0.621916 0.035296 0.034769
0 0.364733 0.905223 0.036285 0.035817
0 0.865653 0.495616 0.023309 0.023731
0 0.030091 0.086686 0.033652 0.034758
0 0.694992 0.266613 0.029691 0.029581
0 0.232427 0.736983 0.028325 0.028279
0 0.691499 0.991535 0.051488 0.016874
0 0.353927 0.969423 0.026425 0.026324
0 0.916365 0.768656 0.027097 0.026923
0 0.478080 0.117211 0.075807 0.074143
0 0.629318 0.507376 0.030840 0.030494
0 0.662687 0.546864 0.031846 0.032239
0 0.210021 0.712991 0.027609 0.028417
0 0.581219 0.377230 0.032593 0.033238
0 0.183088 0.713417 0.025521 0.025515
0 0.130501 0.236403 0.042284 0.042460
0 0.351728 0.022363 0.020607 0.020275
0 0.393849 0.106800 0.096837 0.096253
0 0.902532 0.794805 0.044323 0.043215
0 0.159988 0.894465 0.039252 0.039203
0 0.157710 0.992117 0.044382 0.015766
0 0.738252 0.912855 0.072256 0.072452
0 0.836347 0.218374 0.045296 0.041813
0 0.627995 0.113790 0.030575 0.031060
0 0.201419 0.881009 0.040272 0.039752
0 0.720910 0.396602 0.032161 0.032486
0 0.521067 0.984653 0.030678 0.027827
0 0.719663 0.981092 0.022310 0.022226
0 0.668727 0.477949 0.029079 0.029079
0 0.592819 0.013997 0.044284 0.027678
0 0.102520 0.656630 0.059142 0.060341
0 0.156338 0.328621 0.022554 0.022807
0 0.667828 0.654723 0.034790 0.034347
0 0.314233 0.544923 0.035698 0.035123
0 0.225294 0.077460 0.019902 0.019483
0 0.776226 0.718129 0.045660 0.046263
0 0.424903 0.710652 0.031381 0.031327
0 0.927736 0.300102 0.041092 0.041338
0 0.254472 0.005265 0.021964 0.010531
0 0.005546 0.266491 0.011092 0.037116
