0 0.167114 0.076265 0.085162 0.065182
0 0.657691 0.487944 0.058876 0.041581
0 0.312241 0.520804 0.053546 0.041535
0 0.710939 0.915607 0.183312 0.144099
0 0.831851 0.647350 0.042242 0.032266
0 0.507012 0.768764 0.103460 0.081612
0 0.270336 0.458980 0.042788 0.032239
0 0.453538 0.065265 0.041101 0.030906
0 0.699981 0.728974 0.142034 0.102374
0 0.187464 0.226909 0.036496 0.028375
0 0.649282 0.021895 0.049004 0.036100
0 0.369906 0.676741 0.040706 0.032443
0 0.085988 0.179361 0.047163 0.036560
0 0.885030 0.875274 0.150119 0.111973
0 0.272698 0.939045 0.214981 0.120977
0 0.883989 0.908141 0.064214 0.050756
0 0.560192 0.849885 0.036932 0.028513
0 0.703470 0.034190 0.034647 0.028600
0 0.046023 0.965632 0.092045 0.068736
0 0.422102 0.357935 0.033686 0.027591
0 0.246530 0.439747 0.035673 0.027909
