0 0.436885 0.321973 0.050868 0.038032
0 0.982929 0.700647 0.034142 0.033090
0 0.063421 0.099230 0.061945 0.051052
0 0.171189 0.201349 0.084031 0.068495
0 0.912939 0.180747 0.058828 0.046370
0 0.557085 0.215923 0.040643 0.034110
0 0.384298 0.071618 0.039232 0.030535
0 0.258646 0.391542 0.064027 0.048446
0 0.075980 0.215443 0.054761 0.044998
0 0.393602 0.278336 0.036409 0.026731
0 0.651442 0.062747 0.050472 0.040400
0 0.960164 0.461152 0.047533 0.036164
0 0.871816 0.465102 0.087428 0.057842
0 0.015493 0.200560 0.029959 0.039116
