0 0.733909 0.568574 0.194447 0.168067
0 0.262167 0.573359 0.134289 0.116570
0 0.134947 0.039086 0.077245 0.064269
0 0.090488 0.912833 0.038631 0.037070
0 0.727498 0.880084 0.073837 0.062844
0 0.241719 0.471596 0.042334 0.038389
0 0.035124 0.499378 0.037788 0.036454
0 0.701553 0.721166 0.071688 0.053937
0 0.259800 0.238150 0.037452 0.034528
0 0.392097 0.360780 0.049107 0.045432
0 0.842023 0.680861 0.157537 0.124918
0 0.425252 0.214716 0.284693 0.250262
0 0.324976 0.837402 0.058114 0.048934
0 0.143981 0.589195 0.052707 0.049422
0 0.420729 0.209844 0.032930 0.028507
0 0.369240 0.572571 0.045187 0.041751
0 0.609274 0.345334 0.072961 0.068330
0 0.148605 0.680474 0.038216 0.034341
0 0.895022 0.917130 0.074536 0.061686
0 0.546977 0.209430 0.031629 0.028222
0 0.526710 0.721097 0.177698 0.162171
0 0.238447 0.909998 0.031536 0.029889
0 0.229799 0.125391 0.038485 0.034468
0 0.550837 0.130863 0.035779 0.033078
0 0.900567 0.312099 0.198867 0.191687
0 0.090421 0.779287 0.180657 0.202319
0 0.567042 0.638195 0.188561 0.170831
0 0.870526 0.744866 0.163134 0.135938
0 0.251879 0.146711 0.039847 0.036152
0 0.666136 0.513608 0.025216 0.022264
0 0.406937 0.990535 0.031447 0.018349
0 0.317869 0.509460 0.031590 0.029283
0 0.527506 0.485255 0.279497 0.254463
0 0.815731 0.608025 0.063088 0.055713
0 0.923337 0.634345 0.036702 0.031698
0 0.624356 0.385087 0.042826 0.037040
0 0.614420 0.898818 0.047818 0.041455
0 0.589441 0.153237 0.048605 0.041557
0 0.766169 0.661572 0.063178 0.055261
0 0.341671 0.528605 0.033781 0.029642
0 0.534879 0.520079 0.026870 0.024108
0 0.494055 0.182615 0.022349 0.021670
0 0.640195 0.890266 0.044881 0.041301
0 0.869523 0.854457 0.061942 0.051353
0 0.717651 0.936557 0.050588 0.043917
0 0.427839 0.708404 0.026680 0.025624
0 0.683477 0.960687 0.025821 0.024326
0 0.509579 0.931787 0.030885 0.027777
0 0.936605 0.224772 0.053322 0.046890
0 0.602861 0.092292 0.029816 0.027968
0 0.091857 0.118985 0.031244 0.029352
0 0.627682 0.780240 0.064520 0.058536
0 0.161748 0.176401 0.032933 0.030764
0 0.955299 0.683342 0.089403 0.087562
0 0.529480 0.854908 0.071216 0.062328
0 0.112450 0.281091 0.037848 0.035270
0 0.955370 0.622186 0.030856 0.026611
0 0.300401 0.894102 0.071719 0.063269
0 0.944835 0.980207 0.066203 0.039586
0 0.855610 0.455488 0.177523 0.148244
0 0.679905 0.921739 0.021739 0.020665
0 0.026408 0.252900 0.052644 0.067513
0 0.946943 0.956218 0.100439 0.087452
0 0.947951 0.835645 0.104029 0.123375
0 0.874142 0.305206 0.024363 0.023139
0 0.060657 0.328096 0.027140 0.026277
0 0.197673 0.954243 0.240127 0.090237
0 0.350576 0.702678 0.206563 0.173805
0 0.692466 0.378709 0.084877 0.075374
