0 0.224994 0.690886 0.054307 0.052774
0 0.647558 0.243631 0.064838 0.056649
0 0.386162 0.832229 0.047654 0.046393
0 0.106740 0.879945 0.040212 0.039633
0 0.269038 0.558886 0.040038 0.038123
0 0.273312 0.044376 0.051018 0.044250
0 0.602128 0.349866 0.035660 0.032172
0 0.020739 0.329459 0.041477 0.058870
0 0.850697 0.499373 0.045739 0.038902
0 0.906999 0.968603 0.031467 0.030623
0 0.193175 0.400158 0.030843 0.028835
0 0.569504 0.259518 0.036199 0.032548
0 0.886758 0.051855 0.035244 0.028081
0 0.810196 0.197031 0.031225 0.029581
0 0.243557 0.944631 0.028179 0.027621
0 0.565602 0.149647 0.031630 0.029310
0 0.330098 0.070223 0.030488 0.025940
0 0.203783 0.139216 0.027252 0.026476
0 0.717056 0.494897 0.031481 0.029756
0 0.315407 0.979012 0.033799 0.033423
0 0.546037 0.334425 0.027475 0.025991
0 0.160146 0.621866 0.071861 0.069591
0 0.930783 0.917297 0.022477 0.021867
0 0.735518 0.693399 0.022875 0.022257
0 0.445700 0.833979 0.027690 0.027341
0 0.846832 0.682502 0.026189 0.025561
0 0.499937 0.282795 0.026422 0.024949
