0 0.621081 0.124545 0.028274 0.028143
0 0.224076 0.198632 0.031058 0.031174
0 0.101102 0.236793 0.031092 0.031346
0 0.296552 0.096097 0.031422 0.031277
0 0.419100 0.130148 0.157725 0.160301
0 0.363404 0.861232 0.027869 0.028368
0 0.809018 0.196215 0.031633 0.031398
0 0.211301 0.639301 0.151002 0.151748
0 0.559326 0.065189 0.028906 0.029020
0 0.822449 0.702710 0.043010 0.042517
0 0.066845 0.034062 0.026327 0.026571
0 0.948785 0.476863 0.039481 0.039745
0 0.433226 0.244093 0.025474 0.025430
0 0.286351 0.314488 0.058772 0.057575
0 0.918368 0.577756 0.022763 0.023129
0 0.228276 0.164890 0.031040 0.031089
0 0.304530 0.586443 0.040768 0.040253
0 0.306206 0.947966 0.028092 0.028245
0 0.223839 0.037647 0.097613 0.074434
0 0.878829 0.837608 0.023641 0.023808
0 0.838522 0.902255 0.025560 0.025305
0 0.637882 0.472175 0.026576 0.027064
0 0.473793 0.829451 0.023797 0.023331
0 0.617889 0.377557 0.181029 0.179096
0 0.893844 0.063882 0.058618 0.059182
0 0.870138 0.937651 0.022488 0.022501
0 0.483161 0.210394 0.036872 0.036941
0 0.754011 0.917081 0.021869 0.021834
0 0.863039 0.642480 0.120777 0.121314
0 0.362344 0.289101 0.048869 0.049179
0 0.849395 0.551684 0.020847 0.020748
0 0.685008 0.527871 0.026211 0.026164
0 0.797639 0.749239 0.035310 0.035189
0 0.220020 0.127094 0.039195 0.038776
0 0.812372 0.770334 0.036564 0.036792
0 0.600537 0.185463 0.034007 0.034672
0 0.932321 0.869001 0.105708 0.106209
0 0.050689 0.247706 0.021719 0.021147
0 0.155731 0.805361 0.198200 0.204186
0 0.841111 0.980832 0.022683 0.022659
0 0.536129 0.666848 0.043760 0.043947
0 0.062271 0.674614 0.037726 0.037193
0 0.413687 0.521613 0.057388 0.059241
0 0.871725 0.157032 0.048432 0.049106
0 0.843575 0.400585 0.028518 0.028732
0 0.451065 0.814574 0.019897 0.020056
0 0.141993 0.335208 0.031781 0.032095
0 0.862553 0.098219 0.037422 0.038422
0 0.802484 0.259658 0.020415 0.020663
0 0.848823 0.588338 0.034068 0.034239
0 0.734616 0.167152 0.034828 0.035898
0 0.507742 0.749494 0.023366 0.023857
0 0.974002 0.693310 0.051892 0.086106
0 0.722536 0.246964 0.020660 0.020749
0 0.782329 0.117576 0.039014 0.038971
0 0.942610 0.547089 0.020450 0.020862
0 0.616271 0.578714 0.078172 0.081235
0 0.352661 0.059230 0.057165 0.055101
0 0.637762 0.077860 0.019115 0.019336
0 0.261404 0.565860 0.048665 0.049480
0 0.984869 0.948431 0.023212 0.022895
0 0.253849 0.247671 0.020307 0.019670
0 0.714237 0.750315 0.026790 0.026611
0 0.430426 0.356624 0.273716 0.265217
0 0.941603 0.759116 0.116793 0.198864
0 0.441166 0.339519 0.022046 0.022243
0 0.565812 0.454051 0.022379 0.022431
0 0.071323 0.325210 0.027901 0.027472
0 0.555387 0.500782 0.022529 0.022553
0 0.520600 0.843455 0.018586 0.019165
0 0.024596 0.521136 0.030704 0.030870
0 0.515674 0.567490 0.217126 0.247715
0 0.082424 0.692289 0.032546 0.032953
0 0.348858 0.933162 0.018828 0.019013
0 0.659056 0.922866 0.022396 0.022127
0 0.477105 0.330288 0.188858 0.197663
0 0.939552 0.016024 0.064488 0.032012
0 0.200912 0.416934 0.077000 0.076681
0 0.462862 0.435137 0.017991 0.018606
0 0.870620 0.028356 0.070301 0.056712
0 0.218552 0.360652 0.024350 0.024434
0 0.504214 0.167797 0.047116 0.047375
0 0.664933 0.786398 0.019108 0.019551
0 0.765448 0.067211 0.030671 0.030953
0 0.361363 0.590597 0.101936 0.102739
0 0.702815 0.475024 0.038906 0.039039
0 0.686445 0.014397 0.093480 0.028641
0 0.195950 0.083462 0.022308 0.022104
0 0.437654 0.687674 0.033518 0.033669
