0 0.777364 0.880599 0.312369 0.237203
0 0.881367 0.738541 0.081160 0.079241
0 0.162987 0.774779 0.034060 0.033596
0 0.490381 0.844534 0.191112 0.187607
0 0.405731 0.934627 0.051197 0.050285
0 0.181921 0.852426 0.031709 0.031628
0 0.409478 0.365827 0.193406 0.190383
0 0.069487 0.896548 0.062628 0.062061
0 0.570706 0.961443 0.064112 0.064218
0 0.504605 0.573254 0.046188 0.045930
0 0.612650 0.413689 0.033421 0.034094
0 0.221043 0.294809 0.035051 0.034927
0 0.858462 0.533056 0.283075 0.305181
0 0.792333 0.393632 0.033522 0.033408
0 0.960300 0.247173 0.039708 0.039182
0 0.398183 0.787791 0.037013 0.036405
0 0.158619 0.604738 0.026049 0.025845
0 0.362419 0.255203 0.042901 0.042649
0 0.688523 0.408111 0.147581 0.149404
0 0.128246 0.876017 0.046303 0.046318
0 0.061339 0.766139 0.050802 0.049848
0 0.369139 0.492370 0.023397 0.023583
0 0.149868 0.211979 0.027850 0.028057
0 0.701302 0.495861 0.039247 0.039423
0 0.142294 0.092273 0.029819 0.029716
0 0.795489 0.079627 0.048634 0.048217
0 0.977416 0.853984 0.042558 0.042810
0 0.202520 0.416044 0.043803 0.043755
0 0.421880 0.633618 0.131714 0.130892
0 0.094480 0.648729 0.024892 0.025398
0 0.036600 0.834932 0.030221 0.030372
0 0.850743 0.203117 0.024026 0.023928
0 0.352928 0.831480 0.082786 0.080559
0 0.739904 0.622811 0.034651 0.034126
0 0.032436 0.299655 0.027953 0.027783
0 0.681647 0.722070 0.027215 0.027658
0 0.926207 0.589604 0.026114 0.025083
0 0.070736 0.354365 0.028603 0.028700
0 0.165568 0.956202 0.024306 0.023602
0 0.741722 0.345213 0.024205 0.024980
0 0.713051 0.273999 0.023470 0.023242
0 0.650058 0.188586 0.023276 0.023068
0 0.959362 0.970990 0.023105 0.023063
0 0.581407 0.795846 0.028105 0.028228
0 0.274472 0.807731 0.098252 0.094317
0 0.790502 0.636641 0.028827 0.028503
0 0.117497 0.508638 0.035649 0.035969
0 0.231026 0.982567 0.039811 0.033682
0 0.088141 0.325072 0.025460 0.025478
0 0.640745 0.218418 0.022966 0.022812
0 0.981271 0.713723 0.033685 0.036486
0 0.217456 0.738846 0.024433 0.024570
0 0.009810 0.519559 0.019620 0.026353
0 0.787165 0.056477 0.028874 0.028951
0 0.742310 0.596232 0.023991 0.023986
0 0.887852 0.031947 0.021350 0.021937
0 0.201333 0.333611 0.023961 0.024212
0 0.959592 0.744662 0.029945 0.030347
0 0.801690 0.011433 0.034321 0.022767
0 0.612860 0.988373 0.056854 0.023226
0 0.563836 0.301622 0.166107 0.173737
0 0.126423 0.306213 0.034987 0.034473
0 0.258775 0.646264 0.027234 0.027765
0 0.007283 0.713303 0.014565 0.029995
0 0.056955 0.232619 0.080913 0.080748
0 0.259195 0.347626 0.162502 0.154267
0 0.276559 0.656578 0.033359 0.034791
0 0.126514 0.763887 0.026232 0.026717
0 0.087285 0.292981 0.022046 0.021743
0 0.581202 0.665619 0.081356 0.080397
0 0.586278 0.469610 0.031994 0.032010
0 0.155638 0.310354 0.023000 0.023056
0 0.182542 0.883179 0.021333 0.021143
0 0.940740 0.073189 0.022233 0.022114
0 0.661057 0.038545 0.021692 0.021589
0 0.507426 0.120458 0.150353 0.152612
0 0.024743 0.485868 0.026731 0.025804
0 0.342798 0.642355 0.023804 0.023441
0 0.973368 0.043841 0.032333 0.032560
0 0.188760 0.054728 0.215206 0.107287
0 0.011523 0.440100 0.023046 0.035486
0 0.985572 0.665677 0.028857 0.055138
0 0.228782 0.834155 0.020378 0.020898
0 0.481166 0.925523 0.019679 0.019920
0 0.547339 0.417089 0.092397 0.088656
0 0.140375 0.597699 0.136057 0.130593
0 0.111716 0.894064 0.024052 0.025499
0 0.678997 0.760122 0.040049 0.038729
