0 0.500872 0.912157 0.221905 0.169502
0 0.189668 0.033613 0.087940 0.066013
0 0.349312 0.917032 0.053453 0.041756
0 0.237430 0.898184 0.042961 0.034569
0 0.823112 0.926466 0.046928 0.036763
0 0.332558 0.308958 0.035839 0.029417
0 0.648920 0.976296 0.040953 0.033762
0 0.215829 0.850228 0.041985 0.033604
0 0.191570 0.606332 0.338257 0.210917
0 0.564044 0.698869 0.062161 0.054737
0 0.143272 0.254436 0.039377 0.030741
0 0.501235 0.088458 0.087148 0.070362
0 0.330367 0.237377 0.549440 0.442630
0 0.087805 0.276797 0.090686 0.073171
0 0.054960 0.831278 0.109919 0.200521
0 0.444075 0.824300 0.096395 0.076951
0 0.470716 0.798228 0.107737 0.079811
0 0.119147 0.975985 0.075778 0.047601
0 0.939499 0.265479 0.121002 0.168821
0 0.525419 0.368304 0.041687 0.034569
0 0.709551 0.103030 0.350003 0.206059
0 0.361796 0.637073 0.081808 0.070159
0 0.970727 0.986533 0.031753 0.025882
0 0.013191 0.643859 0.026059 0.046467
0 0.070791 0.491698 0.140506 0.108769
0 0.637383 0.893746 0.051838 0.043961
0 0.831889 0.753410 0.031984 0.026706
0 0.042364 0.012805 0.084728 0.025308
