0 0.915665 0.491564 0.038738 0.038700
0 0.832967 0.569178 0.039636 0.039680
0 0.551319 0.151050 0.025309 0.024894
0 0.873514 0.571792 0.050014 0.049990
0 0.504371 0.041038 0.041815 0.041128
0 0.587728 0.113368 0.026502 0.026074
0 0.855238 0.313184 0.025124 0.024530
0 0.185186 0.032731 0.024742 0.024700
0 0.661544 0.123380 0.027363 0.026961
0 0.441082 0.352371 0.023744 0.023762
0 0.154055 0.397260 0.024632 0.024314
0 0.413402 0.203304 0.027216 0.026863
0 0.839828 0.127052 0.025086 0.024770
0 0.430084 0.991548 0.042583 0.016905
0 0.683986 0.945203 0.024938 0.024953
0 0.017167 0.743449 0.024571 0.023948
0 0.673453 0.163081 0.022585 0.022818
0 0.455799 0.204705 0.040017 0.041962
0 0.360268 0.729909 0.023632 0.023314
0 0.743032 0.676460 0.027024 0.027088
0 0.899548 0.565825 0.020472 0.023057
0 0.974673 0.035863 0.023110 0.023766
0 0.431280 0.184280 0.025185 0.024984
0 0.494587 0.012753 0.021390 0.021829
0 0.008058 0.778068 0.016020 0.024131
0 0.994143 0.499440 0.011715 0.029773
0 0.648596 0.435266 0.022411 0.022231
