0 0.659685 0.694765 0.048617 0.048485
0 0.365886 0.766298 0.042466 0.042561
0 0.824003 0.246545 0.044684 0.044938
0 0.169220 0.213813 0.057882 0.056895
0 0.198400 0.276891 0.046009 0.045475
0 0.396579 0.501452 0.046093 0.046423
0 0.859079 0.134277 0.070384 0.070401
0 0.302662 0.122023 0.026638 0.026059
0 0.320115 0.263641 0.038870 0.038943
0 0.645874 0.294492 0.029354 0.029366
0 0.968360 0.097541 0.034156 0.033624
0 0.724609 0.536829 0.029995 0.030458
0 0.713955 0.466961 0.036226 0.036786
0 0.161614 0.597022 0.027182 0.026692
0 0.685827 0.581752 0.032089 0.032663
0 0.679827 0.217118 0.038165 0.037900
0 0.657537 0.261381 0.034807 0.034744
0 0.310659 0.155464 0.046084 0.045125
0 0.743993 0.631516 0.036037 0.035833
0 0.060118 0.789291 0.025620 0.025327
0 0.603197 0.271420 0.028872 0.029394
0 0.664343 0.564417 0.023259 0.023385
0 0.631888 0.954832 0.036592 0.036470
0 0.624313 0.746244 0.027899 0.027683
0 0.272749 0.297990 0.033034 0.033718
0 0.870815 0.091284 0.025721 0.025094
0 0.034857 0.160585 0.021634 0.021867
0 0.544917 0.427785 0.044383 0.043112
0 0.537037 0.220039 0.022530 0.022848
0 0.801286 0.357054 0.030188 0.029711
0 0.330608 0.616845 0.024739 0.024830
0 0.716720 0.235298 0.034625 0.034336
0 0.190222 0.153231 0.027906 0.028032
0 0.578750 0.182569 0.023029 0.023469
0 0.528206 0.458257 0.036653 0.040188
0 0.717882 0.822110 0.023514 0.023306
0 0.115975 0.265414 0.021799 0.021580
0 0.150222 0.744595 0.023067 0.022484
0 0.871582 0.721726 0.157748 0.157259
0 0.918934 0.021681 0.036954 0.037976
0 0.799169 0.962626 0.109177 0.074684
0 0.117068 0.679821 0.021099 0.020679
0 0.376793 0.977169 0.023607 0.023411
0 0.543747 0.685990 0.022442 0.022163
0 0.579014 0.868222 0.026766 0.027148
0 0.813705 0.337616 0.024263 0.023831
0 0.734662 0.269565 0.035822 0.034799
0 0.835334 0.423184 0.027852 0.027977
0 0.739104 0.208637 0.034863 0.033633
0 0.896003 0.823382 0.116527 0.116309
0 0.772731 0.220814 0.029072 0.028530
0 0.624098 0.769431 0.021005 0.020995
0 0.493150 0.099684 0.256509 0.199369
0 0.802243 0.595135 0.100239 0.101542
0 0.577548 0.396692 0.027132 0.026892
0 0.700440 0.261946 0.025693 0.026128
0 0.635608 0.416809 0.020112 0.020176
0 0.625855 0.609085 0.018975 0.019177
0 0.080796 0.744369 0.019990 0.019967
