0 0.244933 0.716064 0.045583 0.044891
0 0.792444 0.475425 0.052406 0.052434
0 0.084525 0.569470 0.037909 0.038157
0 0.686011 0.736183 0.035796 0.036124
0 0.119501 0.365283 0.030165 0.030837
0 0.082824 0.991141 0.030269 0.017597
0 0.271439 0.757576 0.031643 0.031617
0 0.540644 0.790909 0.033647 0.034521
0 0.803655 0.066395 0.035012 0.034577
0 0.853558 0.441416 0.030813 0.029771
0 0.982358 0.855134 0.031697 0.030774
0 0.013307 0.426345 0.026010 0.042530
0 0.671301 0.568919 0.025721 0.025840
0 0.960170 0.404023 0.029525 0.029513
0 0.918352 0.252756 0.032518 0.032071
0 0.891797 0.280882 0.025298 0.025636
0 0.959600 0.814650 0.025400 0.025329
0 0.239402 0.775552 0.023854 0.023320
0 0.905184 0.053058 0.026973 0.026681
0 0.203986 0.505904 0.023162 0.023179
0 0.922702 0.728633 0.020189 0.020947
0 0.574033 0.694619 0.021863 0.021967
0 0.229040 0.564371 0.021349 0.021347
0 0.398194 0.091142 0.025900 0.026365
0 0.156937 0.076808 0.189151 0.153218
0 0.282985 0.817877 0.023752 0.023392
0 0.535609 0.916855 0.025054 0.024751
0 0.868680 0.324416 0.025073 0.025073
0 0.521358 0.933877 0.023979 0.023809
0 0.326082 0.736580 0.020747 0.020780
0 0.363467 0.963645 0.023042 0.022673
0 0.193740 0.619980 0.020893 0.020982
