0 0.342046 0.846034 0.328073 0.307932
0 0.895416 0.651749 0.107720 0.104880
0 0.822027 0.733126 0.048189 0.047201
0 0.122629 0.838927 0.121257 0.119792
0 0.330751 0.093845 0.056542 0.056724
0 0.550533 0.856713 0.025822 0.025548
0 0.085840 0.290011 0.171679 0.258538
0 0.636879 0.078218 0.038596 0.039022
0 0.052808 0.726631 0.030400 0.030260
0 0.581984 0.217217 0.043786 0.043960
0 0.360136 0.050188 0.024029 0.024227
0 0.046462 0.036488 0.038361 0.038854
0 0.786194 0.349091 0.027376 0.027198
0 0.401891 0.129525 0.023053 0.023147
0 0.551909 0.169220 0.023328 0.023637
0 0.578791 0.094625 0.034184 0.034698
0 0.455714 0.086588 0.022069 0.021961
0 0.533418 0.180569 0.022662 0.022791
0 0.444955 0.616348 0.026104 0.025646
0 0.746600 0.272806 0.045850 0.045290
0 0.225735 0.711584 0.025446 0.025106
0 0.135163 0.469776 0.020462 0.021339
0 0.498579 0.507465 0.025400 0.025542
0 0.682988 0.712762 0.021987 0.022350
0 0.007405 0.556569 0.014716 0.043061
0 0.112510 0.090236 0.022508 0.022721
0 0.033757 0.859725 0.067513 0.085789
0 0.271202 0.038304 0.160670 0.076608
0 0.509770 0.743727 0.020747 0.021228
0 0.126094 0.132097 0.039857 0.040016
0 0.457501 0.063320 0.020517 0.020087
0 0.140629 0.084666 0.027211 0.027101
0 0.481773 0.735473 0.030555 0.031069
0 0.539678 0.056735 0.065489 0.067012
0 0.792867 0.221660 0.134576 0.134721
