0 0.942387 0.449679 0.063816 0.061125
0 0.144786 0.042700 0.045785 0.045678
0 0.072588 0.947402 0.066162 0.062249
0 0.341668 0.449504 0.043171 0.042703
0 0.015576 0.513688 0.031130 0.038385
0 0.527064 0.982413 0.052541 0.034251
0 0.968355 0.593829 0.031506 0.030938
0 0.110748 0.506793 0.032279 0.031489
0 0.598195 0.043756 0.028572 0.027432
0 0.271412 0.599380 0.030391 0.030114
0 0.601360 0.983225 0.119192 0.033240
0 0.385643 0.377208 0.029887 0.028990
0 0.827651 0.101869 0.067380 0.065799
0 0.872137 0.837033 0.026519 0.026314
0 0.987854 0.636438 0.022044 0.022726
