0 0.831716 0.574397 0.199502 0.196426
0 0.349563 0.783836 0.027542 0.027852
0 0.604568 0.107381 0.040904 0.041010
0 0.823722 0.310817 0.086161 0.086380
0 0.345136 0.451444 0.392259 0.393119
0 0.528514 0.069334 0.028244 0.027940
0 0.661785 0.047367 0.023667 0.023904
0 0.431692 0.775878 0.022936 0.022675
0 0.172026 0.682494 0.027414 0.027838
0 0.730097 0.350509 0.066739 0.067511
0 0.753066 0.082257 0.036840 0.036459
0 0.770763 0.172287 0.033248 0.033800
0 0.685211 0.638231 0.095784 0.092965
0 0.079624 0.155423 0.077943 0.077508
0 0.740797 0.288304 0.025069 0.025249
0 0.654579 0.735950 0.153555 0.151373
0 0.086812 0.979802 0.021578 0.022114
0 0.272281 0.786826 0.120772 0.119169
0 0.284549 0.009957 0.024670 0.019915
0 0.817727 0.027756 0.021007 0.021034
0 0.827694 0.166214 0.043771 0.043278
0 0.537832 0.163437 0.021994 0.022327
0 0.666962 0.520385 0.154224 0.157710
0 0.221730 0.925239 0.019811 0.020082
0 0.963077 0.257862 0.032158 0.031226
0 0.953397 0.677356 0.038418 0.038506
0 0.159354 0.651432 0.024108 0.023745
0 0.504154 0.611124 0.128895 0.126278
0 0.497652 0.032871 0.024948 0.024995
0 0.300610 0.046125 0.022981 0.023220
0 0.754174 0.830416 0.173225 0.173739
0 0.572188 0.668942 0.065833 0.067267
0 0.982011 0.646316 0.035979 0.079281
0 0.860156 0.812434 0.024369 0.024823
0 0.423207 0.924908 0.023837 0.023763
0 0.840562 0.252949 0.020857 0.020480
0 0.384616 0.985575 0.062638 0.028850
0 0.565263 0.083567 0.052557 0.052832
0 0.214908 0.904455 0.020044 0.019957
0 0.616564 0.430650 0.041696 0.041893
0 0.587231 0.153955 0.023626 0.023632
0 0.513655 0.932870 0.020030 0.020169
0 0.932437 0.805508 0.023156 0.023376
0 0.458364 0.091907 0.023312 0.022459
0 0.539884 0.981611 0.077961 0.036640
0 0.405746 0.097358 0.024621 0.024239
0 0.355098 0.662471 0.029739 0.029047
0 0.099785 0.676394 0.061654 0.061237
0 0.169339 0.860727 0.020043 0.019840
0 0.010618 0.478385 0.020401 0.023318
0 0.424268 0.874908 0.018872 0.019218
0 0.625811 0.891695 0.138236 0.132992
0 0.007490 0.066339 0.014979 0.040102
0 0.127160 0.187124 0.022139 0.021898
