0 0.189299 0.077535 0.126284 0.127433
0 0.872220 0.456485 0.027913 0.028131
0 0.831641 0.602626 0.028580 0.028827
0 0.459465 0.960420 0.022753 0.022414
0 0.299644 0.793285 0.045791 0.045795
0 0.081215 0.798342 0.029654 0.029596
0 0.063098 0.383485 0.027112 0.026901
0 0.340157 0.063850 0.031684 0.032138
0 0.745599 0.336658 0.034615 0.034288
0 0.938742 0.619173 0.030770 0.031050
0 0.126738 0.329814 0.059873 0.060618
0 0.061432 0.933360 0.022559 0.022683
0 0.122801 0.463380 0.023244 0.023034
0 0.159106 0.599887 0.035096 0.035277
0 0.671325 0.616956 0.024069 0.024018
0 0.839910 0.104544 0.027985 0.028107
0 0.277840 0.992772 0.031090 0.014358
0 0.853514 0.319101 0.037539 0.037673
0 0.217108 0.597667 0.035945 0.035951
0 0.036268 0.864184 0.038148 0.038174
0 0.819143 0.331281 0.022063 0.022131
0 0.218192 0.970089 0.036456 0.036565
0 0.886341 0.871800 0.029063 0.029479
0 0.009548 0.483388 0.019097 0.023232
0 0.467293 0.549243 0.029633 0.029630
0 0.762047 0.662443 0.029811 0.028671
0 0.915421 0.245020 0.023632 0.023403
0 0.727269 0.665221 0.025096 0.024874
0 0.178077 0.524503 0.029580 0.030333
0 0.210084 0.655490 0.021259 0.021376
0 0.865956 0.387612 0.022946 0.022857
0 0.544322 0.347722 0.022223 0.022354
0 0.109870 0.529631 0.024043 0.023165
0 0.216587 0.304049 0.116567 0.114864
0 0.679465 0.669980 0.026265 0.026608
0 0.674620 0.420300 0.020017 0.020089
0 0.548878 0.383769 0.020050 0.019826
0 0.963642 0.370636 0.029395 0.029689
0 0.101517 0.454707 0.022419 0.022599
0 0.333359 0.662181 0.018891 0.018877
0 0.951197 0.335737 0.019638 0.019547
0 0.220433 0.531182 0.021694 0.021803
0 0.101811 0.576083 0.024534 0.024864
0 0.107766 0.792282 0.019787 0.019953
0 0.157744 0.750206 0.023534 0.023141
0 0.486209 0.041486 0.021399 0.021431
0 0.592510 0.672514 0.031040 0.030977
0 0.970210 0.312226 0.021727 0.021737
0 0.701218 0.301667 0.027545 0.027556
0 0.527756 0.548618 0.019134 0.019167
0 0.989408 0.340449 0.020563 0.022289
0 0.119156 0.167803 0.059217 0.059753
0 0.301583 0.255856 0.094141 0.091754
0 0.735498 0.241023 0.019232 0.019348
0 0.588881 0.405565 0.020112 0.020287
0 0.455887 0.040037 0.025604 0.025020
0 0.716626 0.323926 0.023735 0.023705
0 0.504595 0.348606 0.019953 0.020089
0 0.986764 0.040464 0.019792 0.019128
0 0.706997 0.526759 0.026491 0.026381
0 0.329152 0.157335 0.019778 0.019757
0 0.276909 0.151703 0.037044 0.037177
0 0.637064 0.295247 0.018733 0.018894
0 0.450683 0.300744 0.021492 0.021856
0 0.269291 0.467727 0.028671 0.030622
0 0.819295 0.404302 0.018302 0.018243
0 0.985447 0.505767 0.029106 0.051952
0 0.372352 0.094845 0.019198 0.018647
0 0.991669 0.833108 0.016555 0.019883
0 0.288450 0.561973 0.025545 0.025353
0 0.801521 0.277202 0.022591 0.022545
0 0.735676 0.396670 0.018138 0.017898
0 0.205557 0.508833 0.020033 0.020254
0 0.080972 0.692538 0.031135 0.031242
0 0.566308 0.354817 0.021293 0.021146
0 0.489008 0.904173 0.018640 0.018714
