0 0.738297 0.290975 0.203208 0.197634
0 0.600101 0.207359 0.025734 0.026049
0 0.644138 0.055092 0.038224 0.038100
0 0.893746 0.063173 0.085949 0.086234
0 0.698174 0.752028 0.179369 0.182494
0 0.796062 0.098100 0.034463 0.034321
0 0.584129 0.522865 0.028209 0.027681
0 0.760961 0.391817 0.021463 0.021443
0 0.911733 0.940186 0.060209 0.061192
0 0.927713 0.116764 0.032427 0.032412
0 0.762071 0.026782 0.062304 0.053564
0 0.820568 0.734190 0.024212 0.024087
0 0.268514 0.762423 0.058020 0.058346
0 0.855448 0.734357 0.040692 0.042190
0 0.495840 0.356824 0.287984 0.286872
0 0.867894 0.938697 0.024895 0.025926
0 0.900628 0.793667 0.021511 0.021466
0 0.529290 0.668894 0.218565 0.223595
0 0.132931 0.426282 0.265417 0.385595
0 0.556112 0.992396 0.041141 0.015208
0 0.428284 0.536135 0.081876 0.080962
0 0.732985 0.919642 0.022249 0.022438
0 0.902882 0.908069 0.028130 0.028228
0 0.134085 0.938376 0.043345 0.043811
0 0.227767 0.799359 0.024296 0.023734
0 0.768968 0.692865 0.025127 0.025068
0 0.590782 0.859631 0.233039 0.233050
0 0.517513 0.173099 0.024841 0.024434
0 0.722770 0.951329 0.037160 0.036663
0 0.338372 0.725081 0.023255 0.023288
0 0.952750 0.684261 0.037069 0.037526
0 0.711054 0.042686 0.074989 0.072633
0 0.457689 0.854304 0.066718 0.067632
0 0.659031 0.455704 0.158438 0.160046
0 0.572591 0.798043 0.032031 0.032065
0 0.988100 0.098390 0.023463 0.060963
0 0.961739 0.872903 0.029796 0.029367
0 0.755425 0.981076 0.099823 0.037847
0 0.903982 0.101468 0.021402 0.021310
0 0.358377 0.885230 0.031800 0.032193
0 0.573913 0.087011 0.046829 0.045911
0 0.921459 0.739446 0.022786 0.023277
0 0.037098 0.916856 0.074192 0.165488
0 0.796627 0.925843 0.072032 0.071660
0 0.977774 0.699782 0.024286 0.024855
0 0.252065 0.217221 0.018595 0.018690
0 0.883233 0.874719 0.019893 0.020234
0 0.791135 0.793901 0.023436 0.023417
0 0.946608 0.570752 0.020114 0.020193
0 0.137661 0.050420 0.017640 0.017508
0 0.905391 0.885163 0.022062 0.021532
0 0.555243 0.047735 0.020023 0.020023
0 0.898875 0.860158 0.027064 0.027397
0 0.836742 0.877915 0.058445 0.059133
0 0.989318 0.582807 0.021365 0.044076
0 0.463669 0.567718 0.022048 0.021686
0 0.489313 0.938268 0.049390 0.048401
0 0.895581 0.291721 0.153532 0.158670
0 0.282301 0.802377 0.040077 0.039689
0 0.811716 0.175211 0.038724 0.039126
0 0.189345 0.251954 0.018580 0.018593
0 0.828281 0.842294 0.022039 0.022710
0 0.588565 0.881829 0.021650 0.023168
0 0.605013 0.665323 0.297508 0.305212
0 0.959148 0.992434 0.034241 0.015062
0 0.967557 0.540450 0.017251 0.016700
0 0.861276 0.403099 0.045871 0.046864
0 0.692575 0.905974 0.020056 0.020170
0 0.428869 0.619368 0.032920 0.033454
0 0.677789 0.877878 0.019843 0.019387
0 0.839108 0.947649 0.020359 0.020880
