0 0.237601 0.263819 0.208356 0.208205
0 0.430865 0.679948 0.043939 0.044076
0 0.443450 0.892651 0.051433 0.050615
0 0.118749 0.383920 0.178368 0.174491
0 0.223776 0.690204 0.034671 0.034227
0 0.601790 0.497972 0.046297 0.045473
0 0.208307 0.756355 0.029284 0.028579
0 0.493106 0.943739 0.040637 0.040160
0 0.443623 0.765615 0.024924 0.024904
0 0.961096 0.658024 0.040925 0.041083
0 0.603778 0.883129 0.049556 0.049898
0 0.779673 0.977558 0.073101 0.044885
0 0.452873 0.961286 0.022993 0.022818
0 0.573642 0.468742 0.037559 0.037211
0 0.551582 0.844547 0.026441 0.026813
0 0.850577 0.366559 0.037396 0.036655
0 0.302040 0.931525 0.032388 0.031905
0 0.611012 0.539316 0.033583 0.033605
0 0.106768 0.783819 0.026208 0.025918
0 0.771501 0.788177 0.031434 0.031555
0 0.883621 0.620933 0.133297 0.128746
0 0.426402 0.843582 0.032017 0.030980
0 0.539876 0.642960 0.057957 0.057697
0 0.496716 0.248221 0.033175 0.032558
0 0.383075 0.603545 0.030271 0.029141
0 0.518699 0.975167 0.030760 0.030130
0 0.746330 0.227969 0.032761 0.032216
0 0.429605 0.628117 0.022287 0.022060
0 0.559768 0.930509 0.021529 0.021260
0 0.223373 0.039538 0.050765 0.050966
0 0.509974 0.826911 0.031233 0.031327
0 0.657010 0.012608 0.025227 0.024258
0 0.745992 0.939599 0.054585 0.052618
0 0.407770 0.731811 0.020279 0.020037
0 0.672108 0.826662 0.125410 0.124114
0 0.063574 0.783764 0.024201 0.024477
0 0.048450 0.757288 0.026329 0.026311
0 0.332550 0.970020 0.110654 0.059947
0 0.007194 0.906084 0.014387 0.022713
0 0.677924 0.367199 0.066285 0.064937
0 0.790337 0.474932 0.030388 0.030365
0 0.355636 0.455559 0.083673 0.084517
0 0.371378 0.366308 0.127650 0.124122
0 0.043658 0.722312 0.022930 0.022837
0 0.518176 0.591721 0.028766 0.028848
0 0.527957 0.854012 0.023603 0.023176
0 0.358667 0.685711 0.023930 0.023465
0 0.958196 0.498830 0.083608 0.089032
0 0.431181 0.018449 0.063086 0.036898
0 0.924734 0.542576 0.108629 0.103683
0 0.272230 0.925750 0.026837 0.026507
0 0.388338 0.269275 0.026763 0.027836
