0 0.801494 0.290222 0.078943 0.078725
0 0.162185 0.063880 0.057177 0.056952
0 0.506807 0.813368 0.082248 0.082858
0 0.920575 0.113763 0.056766 0.057022
0 0.201339 0.103108 0.041197 0.041450
0 0.369993 0.266316 0.028927 0.028485
0 0.143372 0.364918 0.025869 0.025980
0 0.981917 0.164180 0.036165 0.046074
0 0.092075 0.422149 0.034985 0.035148
0 0.022787 0.377612 0.045414 0.060650
0 0.472267 0.103992 0.031126 0.030992
0 0.873702 0.038448 0.027814 0.027999
0 0.379847 0.760667 0.029511 0.029339
0 0.102129 0.728764 0.030364 0.030223
0 0.155416 0.935743 0.024280 0.024446
0 0.728375 0.852554 0.040190 0.040934
0 0.862240 0.401301 0.028842 0.028503
0 0.361970 0.366293 0.029618 0.030022
0 0.162155 0.793205 0.026322 0.026361
0 0.294699 0.063727 0.025200 0.024997
0 0.180521 0.391651 0.026654 0.027288
0 0.580074 0.174001 0.464693 0.347192
0 0.087924 0.947821 0.028310 0.028112
0 0.957531 0.104511 0.025387 0.025295
0 0.203733 0.939115 0.022420 0.022907
0 0.641940 0.138074 0.027743 0.027583
0 0.011234 0.028809 0.021578 0.022263
0 0.143238 0.008859 0.025097 0.017577
0 0.835998 0.590514 0.022148 0.022240
0 0.288079 0.737100 0.023847 0.023452
0 0.092157 0.479750 0.021042 0.021003
0 0.242142 0.907674 0.022964 0.023237
0 0.680073 0.987155 0.024342 0.023757
0 0.271967 0.012107 0.021961 0.021787
0 0.914350 0.184479 0.024384 0.024480
