0 0.333837 0.556528 0.062283 0.051460
0 0.737091 0.615637 0.056655 0.045758
0 0.937508 0.325623 0.086504 0.070205
0 0.918808 0.430216 0.049400 0.039293
0 0.146964 0.424236 0.054142 0.041366
0 0.462963 0.318342 0.046888 0.036307
0 0.634717 0.203187 0.087557 0.070932
0 0.356878 0.476242 0.038425 0.030676
0 0.690052 0.270211 0.038524 0.030068
0 0.352365 0.388556 0.038214 0.031075
0 0.867897 0.391129 0.036276 0.029108
0 0.427957 0.093316 0.036997 0.029407
0 0.623348 0.242856 0.061105 0.050246
0 0.277854 0.878548 0.036427 0.030334
