0 0.716055 0.736080 0.027824 0.027954
0 0.375853 0.763897 0.026960 0.026604
0 0.534967 0.820234 0.103153 0.103169
0 0.779544 0.804370 0.022168 0.022178
0 0.210956 0.717569 0.046750 0.045430
0 0.305327 0.756878 0.037568 0.037219
0 0.537341 0.437893 0.025155 0.025356
0 0.970175 0.526927 0.024567 0.024284
0 0.778711 0.879894 0.024441 0.024475
0 0.044577 0.057047 0.026403 0.026281
0 0.189304 0.937723 0.023010 0.022499
0 0.569716 0.026325 0.032197 0.031795
0 0.316608 0.056395 0.021438 0.020889
0 0.736930 0.238412 0.064539 0.063419
0 0.088870 0.365808 0.091263 0.087499
0 0.120094 0.565015 0.095501 0.095371
0 0.176128 0.266577 0.165182 0.165597
0 0.798706 0.090146 0.044514 0.044269
0 0.511011 0.876485 0.102681 0.103120
0 0.842978 0.185676 0.021996 0.021601
0 0.707020 0.619591 0.022036 0.021848
0 0.279594 0.064459 0.019894 0.019797
0 0.334166 0.315694 0.019856 0.019680
0 0.882021 0.679553 0.018806 0.018777
0 0.234203 0.929159 0.020179 0.019973
0 0.451587 0.315004 0.100622 0.100670
0 0.717265 0.185299 0.022456 0.022731
0 0.766986 0.082513 0.019850 0.020436
0 0.899560 0.090995 0.065346 0.065810
0 0.393821 0.592419 0.033840 0.033416
0 0.539803 0.293153 0.058867 0.057977
0 0.828137 0.712506 0.017033 0.017061
0 0.442174 0.267162 0.164238 0.164665
0 0.601822 0.963841 0.020564 0.020830
0 0.107500 0.904947 0.096098 0.097328
