0 0.844648 0.618219 0.049133 0.049323
0 0.867411 0.741389 0.048090 0.048064
0 0.860441 0.681023 0.032384 0.033077
0 0.736495 0.739317 0.030638 0.030459
0 0.212237 0.412118 0.030061 0.029844
0 0.526094 0.689923 0.024649 0.025038
0 0.125086 0.929738 0.057345 0.057095
0 0.307792 0.993176 0.031183 0.013166
0 0.828510 0.839078 0.034367 0.033945
0 0.317290 0.408234 0.022314 0.021877
0 0.315633 0.905472 0.023772 0.023957
0 0.057054 0.731183 0.024074 0.023634
0 0.767566 0.452574 0.021817 0.021508
0 0.237022 0.988317 0.029891 0.023365
0 0.956941 0.858870 0.025927 0.025854
0 0.920336 0.961587 0.027034 0.026672
0 0.802848 0.725475 0.020751 0.020775
0 0.632233 0.940243 0.020962 0.020475
0 0.645746 0.162204 0.023669 0.023654
0 0.464279 0.268558 0.021354 0.021155
