0 0.135498 0.398304 0.025046 0.024836
0 0.562956 0.419760 0.023674 0.023556
0 0.390280 0.192713 0.044578 0.043802
0 0.677503 0.087344 0.038271 0.037954
0 0.071415 0.823572 0.029877 0.030085
0 0.391752 0.258768 0.033521 0.033301
0 0.269393 0.126620 0.050877 0.050884
0 0.228418 0.499999 0.034463 0.034332
0 0.130644 0.317250 0.071650 0.072062
0 0.618283 0.428364 0.031283 0.032181
0 0.064153 0.413469 0.024437 0.024407
0 0.062967 0.594749 0.079858 0.079617
0 0.865877 0.751700 0.033409 0.033043
0 0.490223 0.857665 0.021703 0.021667
0 0.813126 0.750441 0.022827 0.022673
0 0.039538 0.275790 0.079076 0.087570
0 0.024637 0.023532 0.036153 0.036084
0 0.382375 0.341325 0.023847 0.023620
0 0.654197 0.869026 0.025947 0.026219
0 0.500705 0.303960 0.068552 0.067701
0 0.400280 0.931675 0.032230 0.032689
0 0.069641 0.124177 0.056862 0.057135
0 0.129400 0.093657 0.021629 0.021832
0 0.475560 0.396439 0.025787 0.026975
0 0.332473 0.441460 0.025373 0.024861
0 0.448871 0.325848 0.034160 0.034315
0 0.046586 0.152044 0.029396 0.029981
0 0.851631 0.608586 0.028784 0.028650
0 0.955240 0.891873 0.070350 0.070895
0 0.835343 0.347302 0.029552 0.030067
0 0.106739 0.477849 0.039222 0.037936
0 0.423308 0.756610 0.085785 0.086765
0 0.085059 0.037147 0.023943 0.023125
0 0.028247 0.425727 0.056442 0.065480
0 0.891122 0.356074 0.026272 0.025943
0 0.522450 0.780619 0.026323 0.027042
0 0.405133 0.971268 0.032215 0.031769
0 0.159006 0.251189 0.020826 0.021046
0 0.901174 0.665149 0.022271 0.022043
0 0.347381 0.545567 0.024613 0.025108
0 0.785582 0.470998 0.026251 0.025977
0 0.908310 0.921599 0.052685 0.052646
0 0.044252 0.550932 0.021198 0.020965
0 0.771926 0.848250 0.040634 0.039948
0 0.697800 0.470218 0.116011 0.112948
0 0.012621 0.337064 0.025241 0.035562
0 0.141603 0.758063 0.074376 0.075415
0 0.783072 0.394358 0.030159 0.031297
0 0.151961 0.467610 0.020371 0.020770
0 0.316309 0.008626 0.021920 0.017252
0 0.017148 0.162947 0.033498 0.037599
0 0.423890 0.333371 0.024625 0.027059
0 0.194594 0.152091 0.056939 0.055734
0 0.020802 0.687966 0.041604 0.060968
0 0.975066 0.074880 0.027729 0.027940
0 0.292878 0.941379 0.047825 0.046939
0 0.072025 0.767506 0.089943 0.089578
0 0.116597 0.600342 0.034862 0.034671
0 0.650883 0.015354 0.024638 0.024640
0 0.146529 0.189949 0.056439 0.056019
0 0.662218 0.794905 0.039284 0.038512
0 0.093270 0.515255 0.033310 0.033214
0 0.584537 0.918364 0.021870 0.022423
0 0.044346 0.006732 0.027972 0.013464
0 0.661261 0.328140 0.072264 0.070704
0 0.062366 0.359612 0.049290 0.049272
0 0.305104 0.571761 0.081138 0.080334
0 0.554567 0.346526 0.084217 0.083258
0 0.344105 0.626578 0.108781 0.107328
0 0.979173 0.120628 0.019096 0.019548
0 0.844728 0.859403 0.020175 0.020137
0 0.988332 0.295184 0.019152 0.019949
0 0.575981 0.989977 0.047035 0.020045
0 0.917600 0.824703 0.019732 0.020097
0 0.602173 0.135462 0.019807 0.019647
0 0.851301 0.368363 0.023746 0.023842
0 0.774816 0.293426 0.030746 0.031033
0 0.558487 0.911625 0.028475 0.028233
0 0.655086 0.895250 0.022829 0.024199
0 0.086174 0.501809 0.027254 0.028349
0 0.270685 0.525695 0.023202 0.023661
0 0.458403 0.423818 0.021241 0.021365
0 0.411423 0.042780 0.023539 0.023182
0 0.129360 0.265133 0.047387 0.045754
