0 0.353114 0.101157 0.118077 0.113931
0 0.814696 0.515567 0.025775 0.025940
0 0.314805 0.606192 0.094067 0.091581
0 0.874359 0.516408 0.050813 0.051074
0 0.754365 0.269327 0.357625 0.360724
0 0.840013 0.030307 0.031107 0.030778
0 0.516832 0.050671 0.046057 0.044887
0 0.545477 0.401936 0.036507 0.036550
0 0.679443 0.777950 0.035271 0.035104
0 0.809323 0.447761 0.029538 0.029288
0 0.688997 0.549625 0.026922 0.026880
0 0.859994 0.708410 0.039683 0.039344
0 0.653727 0.299629 0.033244 0.034141
0 0.898779 0.556011 0.031071 0.030713
0 0.265618 0.738719 0.036831 0.036192
0 0.767950 0.516195 0.028153 0.027679
0 0.506592 0.564246 0.032334 0.031072
0 0.410902 0.011078 0.042606 0.022121
0 0.045727 0.328861 0.028507 0.028350
0 0.540235 0.708252 0.028256 0.028614
0 0.279599 0.580120 0.042613 0.042568
0 0.426719 0.665605 0.028862 0.028875
0 0.410419 0.738910 0.028681 0.028351
0 0.771567 0.574400 0.025578 0.025871
0 0.764199 0.253182 0.039287 0.039087
0 0.488550 0.584146 0.035225 0.035300
0 0.985269 0.730412 0.029463 0.037730
0 0.268118 0.711785 0.029934 0.030329
0 0.556954 0.518537 0.027365 0.027087
0 0.192653 0.014620 0.035364 0.029067
0 0.492317 0.884032 0.024853 0.024756
0 0.752234 0.920833 0.029283 0.028562
0 0.383572 0.029798 0.042013 0.040546
0 0.172064 0.093443 0.025607 0.025791
0 0.629357 0.126378 0.035923 0.035106
0 0.260344 0.669579 0.029308 0.029118
0 0.850922 0.183527 0.024587 0.024920
0 0.528811 0.093477 0.022906 0.022904
0 0.113069 0.914151 0.226138 0.171698
0 0.597770 0.981199 0.041296 0.037202
0 0.426876 0.687705 0.024868 0.024941
0 0.898171 0.910766 0.032369 0.031491
0 0.764706 0.670694 0.023972 0.024362
0 0.548946 0.272774 0.024682 0.024508
0 0.616727 0.709934 0.031071 0.031605
0 0.428889 0.287965 0.037270 0.038761
0 0.982855 0.920340 0.027928 0.027498
0 0.645795 0.666430 0.027009 0.027821
0 0.263715 0.014583 0.038332 0.028995
0 0.750099 0.693183 0.024325 0.024496
0 0.743734 0.661388 0.026957 0.026669
0 0.903381 0.948788 0.033056 0.032790
0 0.561772 0.480919 0.025878 0.025430
0 0.512744 0.180953 0.024774 0.025053
0 0.895415 0.856745 0.142651 0.136648
0 0.496778 0.280496 0.027677 0.028998
0 0.774585 0.690866 0.025072 0.024695
0 0.713369 0.972851 0.055006 0.051582
0 0.879827 0.091806 0.031381 0.031878
0 0.256745 0.161783 0.023585 0.024198
0 0.114789 0.912614 0.023281 0.022416
0 0.585205 0.074707 0.022267 0.021756
0 0.091528 0.573315 0.021196 0.021257
0 0.991497 0.197649 0.017006 0.023557
0 0.444467 0.518008 0.023478 0.023486
0 0.644856 0.980158 0.037118 0.036343
0 0.392564 0.214875 0.032927 0.033358
0 0.304547 0.679791 0.027173 0.026477
0 0.768281 0.951827 0.058373 0.056577
0 0.813285 0.307941 0.021190 0.020782
0 0.173021 0.758004 0.038413 0.038032
0 0.654734 0.554544 0.034205 0.033829
0 0.609215 0.516360 0.023637 0.021860
