0 0.587174 0.561607 0.050828 0.049493
0 0.061271 0.493054 0.031927 0.032101
0 0.610684 0.683516 0.031604 0.030912
0 0.609743 0.054307 0.031211 0.031879
0 0.848632 0.525735 0.031505 0.031509
0 0.912154 0.628153 0.032973 0.033819
0 0.583256 0.839040 0.026034 0.025676
0 0.765601 0.235202 0.025115 0.024885
0 0.468947 0.285089 0.034487 0.034846
0 0.823164 0.976616 0.055995 0.046761
0 0.520859 0.386936 0.040881 0.041086
0 0.420119 0.089082 0.054591 0.053748
0 0.547675 0.115114 0.030629 0.030989
0 0.206224 0.693492 0.030330 0.029749
0 0.767053 0.654476 0.036023 0.036720
0 0.354181 0.110469 0.026367 0.026064
0 0.840191 0.188853 0.033514 0.032841
0 0.622142 0.126718 0.023026 0.023113
0 0.960838 0.593296 0.059861 0.057662
0 0.439939 0.227398 0.044389 0.043892
0 0.065020 0.631130 0.043453 0.042426
0 0.867075 0.566494 0.023165 0.022687
0 0.455239 0.437394 0.033664 0.033898
0 0.124165 0.145010 0.028321 0.027892
0 0.497816 0.413438 0.042329 0.041485
0 0.198685 0.527102 0.074391 0.074045
0 0.986202 0.420872 0.021408 0.020416
0 0.894617 0.117455 0.030384 0.031749
0 0.749843 0.703828 0.052938 0.050315
0 0.606873 0.758559 0.024846 0.024409
0 0.402735 0.026299 0.038248 0.038691
0 0.495496 0.012993 0.022581 0.023285
0 0.053866 0.597982 0.031266 0.031250
0 0.845792 0.872226 0.025644 0.025053
0 0.075193 0.743591 0.150386 0.205828
0 0.472969 0.211823 0.021095 0.021206
0 0.514660 0.113671 0.036066 0.036006
0 0.054151 0.557282 0.021367 0.021362
0 0.073888 0.073299 0.089455 0.088193
0 0.257171 0.774677 0.026572 0.026508
0 0.989448 0.978375 0.020806 0.035508
0 0.115318 0.578536 0.024147 0.024087
