0 0.644143 0.240504 0.093809 0.077731
0 0.880800 0.091017 0.067942 0.053247
0 0.557636 0.295050 0.053062 0.043616
0 0.238319 0.793354 0.057271 0.047226
0 0.572707 0.413659 0.041167 0.034165
0 0.974499 0.169421 0.051002 0.066089
0 0.441524 0.903048 0.050120 0.040578
0 0.032609 0.916311 0.041295 0.034934
0 0.512334 0.639124 0.035627 0.030497
0 0.275032 0.085632 0.043088 0.034759
0 0.532009 0.024539 0.043844 0.036558
0 0.457807 0.605266 0.042443 0.035164
0 0.323361 0.082871 0.040004 0.032987
0 0.819816 0.026720 0.031996 0.026974
0 0.298129 0.652547 0.038274 0.030625
0 0.675455 0.037653 0.100505 0.074749
0 0.769663 0.548407 0.079898 0.066998
0 0.111776 0.425313 0.046116 0.036900
0 0.600670 0.459477 0.148124 0.115147
0 0.941257 0.138727 0.034818 0.031294
