0 0.688489 0.507289 0.030058 0.030368
0 0.368189 0.267233 0.051137 0.051098
0 0.350440 0.352452 0.024507 0.024509
0 0.737540 0.775109 0.033069 0.033220
0 0.387153 0.181399 0.070683 0.070122
0 0.342777 0.149194 0.028387 0.029028
0 0.656805 0.928401 0.024039 0.024107
0 0.427280 0.547593 0.038742 0.038341
0 0.542524 0.858641 0.064492 0.064797
0 0.799542 0.520511 0.034400 0.034628
0 0.378652 0.076645 0.030068 0.030578
0 0.543529 0.406990 0.043862 0.044378
0 0.592994 0.461565 0.049376 0.048636
0 0.275025 0.950964 0.022417 0.022219
0 0.496688 0.760330 0.033557 0.033189
0 0.707443 0.177922 0.042404 0.042506
0 0.287435 0.549224 0.026158 0.026277
0 0.609451 0.124633 0.043920 0.043846
0 0.693486 0.412449 0.055360 0.054673
0 0.107824 0.695063 0.058127 0.059486
0 0.810811 0.682081 0.023584 0.023453
0 0.866768 0.240598 0.033712 0.033414
0 0.325002 0.534914 0.034288 0.034206
0 0.314574 0.911461 0.064988 0.064844
0 0.575159 0.510608 0.024421 0.025242
0 0.067686 0.923296 0.027763 0.027844
0 0.628837 0.045408 0.090231 0.088695
0 0.242326 0.590917 0.022153 0.023495
0 0.517877 0.792716 0.051848 0.051647
0 0.119059 0.484091 0.031229 0.031879
0 0.729604 0.400432 0.053276 0.053111
0 0.296898 0.593932 0.022113 0.022313
0 0.959527 0.208190 0.026678 0.026397
0 0.583045 0.081266 0.038573 0.038808
0 0.396439 0.784188 0.027806 0.028062
0 0.352762 0.860550 0.074667 0.075226
0 0.090974 0.975335 0.044612 0.044222
0 0.270853 0.899902 0.024309 0.024313
0 0.938862 0.053455 0.022052 0.021933
0 0.599198 0.713537 0.027178 0.027600
0 0.866389 0.938628 0.026061 0.026666
0 0.941772 0.359737 0.022886 0.023500
0 0.402928 0.337003 0.023271 0.023609
0 0.082591 0.658363 0.029312 0.030230
0 0.906828 0.898795 0.067128 0.068142
0 0.989054 0.050770 0.021565 0.032330
0 0.092158 0.352638 0.021889 0.021888
0 0.159398 0.165478 0.318796 0.330440
0 0.489905 0.981014 0.044274 0.037971
0 0.511585 0.257200 0.023319 0.023243
0 0.276088 0.645642 0.096618 0.098048
0 0.385436 0.556891 0.019863 0.019717
0 0.672285 0.183778 0.021334 0.021449
0 0.930843 0.969501 0.066578 0.059770
0 0.443420 0.483573 0.023829 0.023733
0 0.852427 0.987851 0.032534 0.024298
0 0.361854 0.489647 0.020482 0.020690
0 0.870317 0.437735 0.045732 0.045445
0 0.821557 0.772865 0.033189 0.032796
0 0.714593 0.919293 0.028074 0.027304
0 0.459217 0.011248 0.032375 0.022497
0 0.787162 0.069026 0.038020 0.037653
0 0.484962 0.421320 0.054827 0.054713
0 0.401567 0.005653 0.025599 0.011306
0 0.236941 0.762972 0.021393 0.021401
0 0.569369 0.435819 0.029064 0.029199
0 0.992542 0.163701 0.014916 0.024591
0 0.262051 0.867445 0.309232 0.263836
0 0.590874 0.672959 0.021840 0.022133
0 0.292283 0.846212 0.024492 0.023897
0 0.312819 0.801211 0.115621 0.121096
0 0.293223 0.302374 0.020259 0.020303
0 0.461424 0.349943 0.026038 0.026791
0 0.047263 0.754328 0.062196 0.062457
0 0.803908 0.459949 0.023169 0.022550
0 0.096243 0.840178 0.035827 0.035014
0 0.340658 0.498191 0.018014 0.017672
0 0.261094 0.484159 0.017048 0.017066
