0 0.883276 0.322265 0.058875 0.048876
0 0.972651 0.306478 0.042964 0.038714
0 0.979382 0.361274 0.041237 0.043763
0 0.948038 0.728490 0.052351 0.044221
0 0.834855 0.251504 0.039140 0.034311
0 0.195737 0.985468 0.052606 0.028099
0 0.906567 0.241893 0.036548 0.031886
0 0.426155 0.693704 0.030710 0.028080
0 0.528708 0.675308 0.059328 0.049336
0 0.885013 0.263292 0.033601 0.028299
0 0.086239 0.392699 0.060684 0.055738
0 0.027063 0.249152 0.039029 0.036559
0 0.985087 0.121108 0.028503 0.026210
0 0.984793 0.747302 0.030191 0.027953
0 0.082742 0.482623 0.036831 0.033707
0 0.947581 0.370799 0.027931 0.025453
0 0.549739 0.779518 0.037170 0.031214
0 0.967323 0.420682 0.024524 0.023088
0 0.045156 0.421378 0.021691 0.021299
0 0.991828 0.542190 0.016254 0.019499
0 0.521744 0.396265 0.031163 0.025816
0 0.948970 0.644514 0.019526 0.018738
0 0.784039 0.490644 0.027858 0.024345
0 0.748672 0.180925 0.023325 0.021660
