0 0.926596 0.764551 0.025342 0.025264
0 0.556464 0.658000 0.025312 0.025632
0 0.538118 0.554322 0.027112 0.026881
0 0.548987 0.935317 0.034425 0.034277
0 0.496378 0.870294 0.029833 0.030288
0 0.586104 0.466541 0.031776 0.031260
0 0.336829 0.244492 0.044479 0.044493
0 0.267630 0.410464 0.079162 0.080758
0 0.127514 0.199322 0.068644 0.068550
0 0.099835 0.244752 0.046336 0.046281
0 0.333075 0.708174 0.035948 0.036243
0 0.453300 0.339289 0.040882 0.040846
0 0.664953 0.042321 0.025210 0.024357
0 0.806604 0.680656 0.042583 0.042695
0 0.934610 0.969546 0.028751 0.028548
0 0.141989 0.082141 0.059323 0.060108
0 0.254934 0.100829 0.027197 0.027864
0 0.507855 0.055918 0.033742 0.033196
0 0.756910 0.528459 0.029768 0.029681
0 0.814864 0.208673 0.053825 0.054376
0 0.859829 0.427832 0.025617 0.025539
0 0.523461 0.433270 0.035669 0.035800
0 0.273384 0.278230 0.042443 0.042110
0 0.839513 0.242805 0.057380 0.057329
0 0.899013 0.187883 0.089156 0.090150
0 0.215375 0.850690 0.215113 0.218715
0 0.164962 0.685052 0.045595 0.045351
0 0.845032 0.496389 0.038699 0.038985
0 0.905918 0.299723 0.055455 0.054894
0 0.057568 0.902604 0.026708 0.026428
0 0.046779 0.444494 0.041726 0.041621
0 0.520913 0.886050 0.025662 0.025224
0 0.614086 0.528738 0.022094 0.022137
0 0.238271 0.935939 0.048984 0.049160
0 0.984658 0.544343 0.030684 0.042768
0 0.071538 0.598381 0.032163 0.032631
0 0.179513 0.442999 0.025963 0.025919
0 0.887533 0.698025 0.028102 0.028202
0 0.635415 0.906557 0.024535 0.024695
0 0.287932 0.077937 0.025352 0.025370
0 0.214982 0.092348 0.029715 0.029656
0 0.099491 0.363550 0.131205 0.131415
0 0.166299 0.615197 0.026219 0.025125
0 0.634588 0.627072 0.031849 0.031246
0 0.335924 0.637514 0.074544 0.074429
0 0.501353 0.353595 0.043818 0.043788
0 0.094108 0.741876 0.028413 0.028487
0 0.933975 0.910059 0.021725 0.021934
0 0.905139 0.822163 0.189722 0.287765
0 0.108742 0.722472 0.026977 0.027093
0 0.505657 0.725066 0.041634 0.041562
0 0.409314 0.309391 0.024863 0.025885
0 0.988023 0.488795 0.023954 0.047505
0 0.213467 0.786688 0.025316 0.025581
0 0.886939 0.939932 0.024346 0.024981
0 0.552973 0.362321 0.025303 0.025253
0 0.191694 0.079448 0.027140 0.027250
0 0.985921 0.742371 0.028159 0.032174
0 0.249109 0.881274 0.022277 0.022313
0 0.067308 0.488825 0.028890 0.029029
0 0.829811 0.702959 0.023215 0.023178
0 0.133607 0.491664 0.034835 0.035250
0 0.986073 0.612501 0.022307 0.021131
0 0.087551 0.860298 0.063600 0.063793
0 0.231722 0.174491 0.046147 0.046045
0 0.699679 0.045167 0.019327 0.019554
0 0.866414 0.955808 0.020802 0.020633
0 0.125901 0.549139 0.063157 0.063675
0 0.865229 0.034094 0.110081 0.067689
0 0.490011 0.561281 0.029404 0.029135
0 0.601263 0.632004 0.020059 0.019732
0 0.743421 0.210341 0.020808 0.020916
0 0.050698 0.540562 0.030265 0.030218
0 0.197575 0.657819 0.029325 0.030472
0 0.789863 0.583304 0.034715 0.034943
0 0.704470 0.972822 0.063034 0.052915
0 0.127607 0.123651 0.024648 0.024486
0 0.021352 0.129295 0.019907 0.020075
0 0.162299 0.628140 0.028433 0.030399
0 0.979379 0.594373 0.031483 0.030936
0 0.337057 0.792228 0.033964 0.035575
0 0.221478 0.064063 0.022125 0.022658
0 0.065121 0.017955 0.021684 0.021829
0 0.265050 0.150605 0.020274 0.019973
0 0.275786 0.922268 0.020039 0.019412
0 0.618758 0.784378 0.019390 0.019949
0 0.815330 0.465079 0.020901 0.021013
0 0.386860 0.053277 0.152909 0.106553
0 0.549125 0.467254 0.021694 0.021923
0 0.029490 0.789850 0.024753 0.024873
0 0.730741 0.979741 0.093551 0.040518
0 0.868747 0.479183 0.018039 0.018265
0 0.779996 0.647093 0.031269 0.031156
0 0.006173 0.939896 0.012346 0.050537
0 0.818402 0.625449 0.018662 0.018653
