0 0.301183 0.773817 0.051398 0.049382
0 0.220697 0.709102 0.025797 0.025308
0 0.824967 0.405839 0.035734 0.035245
0 0.380082 0.152268 0.025186 0.024981
0 0.558566 0.718355 0.033310 0.032705
0 0.770148 0.457876 0.035591 0.035773
0 0.551469 0.834355 0.025203 0.024955
0 0.250384 0.913880 0.030416 0.030275
0 0.912626 0.979155 0.024173 0.023848
0 0.585426 0.141670 0.028778 0.028293
0 0.872732 0.126495 0.034445 0.034243
0 0.810162 0.065695 0.110562 0.110032
0 0.390333 0.290021 0.031263 0.030669
0 0.703211 0.107570 0.026304 0.025911
0 0.355570 0.579557 0.027907 0.027950
0 0.866921 0.556847 0.030089 0.030235
0 0.443408 0.230538 0.038408 0.037891
0 0.988198 0.753410 0.023525 0.035750
0 0.833928 0.886099 0.030577 0.030999
0 0.523173 0.029436 0.030935 0.030611
0 0.876583 0.906094 0.041504 0.040409
0 0.051038 0.970334 0.030892 0.029714
0 0.170296 0.490545 0.029194 0.028498
0 0.149130 0.026849 0.034126 0.034413
0 0.916233 0.876132 0.166720 0.222382
0 0.885613 0.203107 0.139625 0.146151
