0 0.257284 0.441313 0.154677 0.154652
0 0.164235 0.404202 0.038199 0.037545
0 0.687226 0.745887 0.037191 0.037015
0 0.229632 0.747574 0.046751 0.046077
0 0.621547 0.390228 0.026977 0.026906
0 0.825851 0.201344 0.046703 0.047087
0 0.890505 0.543098 0.027170 0.027288
0 0.190084 0.633516 0.025649 0.025433
0 0.710222 0.107809 0.028088 0.028185
0 0.468753 0.689908 0.032864 0.032494
0 0.170097 0.266707 0.025644 0.026255
0 0.250243 0.657547 0.043694 0.044265
0 0.962929 0.394721 0.035396 0.035844
0 0.677584 0.812706 0.039622 0.039157
0 0.881768 0.370616 0.045609 0.045157
0 0.495852 0.505842 0.026334 0.026704
0 0.908467 0.153273 0.055838 0.055762
0 0.180548 0.544985 0.030041 0.029741
0 0.283233 0.045804 0.039796 0.039762
0 0.292046 0.900129 0.060328 0.060583
0 0.958177 0.443617 0.048176 0.048282
0 0.086170 0.091956 0.022628 0.023118
0 0.102814 0.840845 0.059157 0.059277
0 0.119710 0.515874 0.046953 0.047111
0 0.794722 0.146187 0.026399 0.026251
0 0.835772 0.468788 0.037358 0.036631
0 0.640389 0.615509 0.024974 0.024651
0 0.318119 0.209144 0.056022 0.055152
0 0.668036 0.126355 0.038099 0.038292
0 0.907615 0.020812 0.057245 0.041623
0 0.594555 0.236642 0.032974 0.032626
0 0.949945 0.917287 0.034395 0.034161
0 0.198634 0.110910 0.031841 0.032375
0 0.785920 0.120103 0.033959 0.033752
0 0.803496 0.454975 0.022862 0.022717
0 0.613271 0.100872 0.024408 0.024329
0 0.335862 0.422121 0.022357 0.022863
0 0.408025 0.588331 0.031137 0.031672
0 0.508058 0.132530 0.042562 0.042687
0 0.080168 0.259735 0.027568 0.027043
0 0.871665 0.802116 0.051676 0.051511
0 0.946631 0.272827 0.079599 0.081031
0 0.875354 0.129234 0.027277 0.026841
0 0.365875 0.305696 0.031581 0.031605
0 0.553486 0.892911 0.040518 0.040829
0 0.641474 0.334551 0.049327 0.050146
0 0.060011 0.314029 0.030559 0.030321
0 0.445787 0.498567 0.038166 0.038342
0 0.121697 0.563484 0.058786 0.057569
0 0.529801 0.302467 0.052431 0.051717
0 0.387723 0.268050 0.028952 0.029234
0 0.817205 0.586955 0.026053 0.026045
0 0.170085 0.105581 0.029036 0.029267
0 0.674695 0.556866 0.025082 0.025150
0 0.330702 0.612833 0.050401 0.050052
0 0.487932 0.299972 0.030973 0.030726
0 0.279065 0.240454 0.034505 0.034285
0 0.119979 0.607589 0.027726 0.028218
0 0.426816 0.717498 0.025791 0.025760
0 0.663539 0.098220 0.026749 0.026684
0 0.854829 0.840981 0.020982 0.021305
0 0.656180 0.439568 0.065960 0.065186
0 0.479136 0.558425 0.035322 0.035584
0 0.252244 0.350368 0.028615 0.028581
0 0.237848 0.045963 0.029774 0.029717
0 0.901751 0.311503 0.029117 0.029743
0 0.014530 0.157646 0.024951 0.025304
0 0.060371 0.211784 0.027813 0.027776
0 0.423962 0.280766 0.021109 0.021446
0 0.789084 0.434992 0.021060 0.021357
0 0.073168 0.651081 0.024363 0.024054
0 0.171114 0.019012 0.037557 0.036297
0 0.049587 0.640055 0.031089 0.032022
0 0.055046 0.491403 0.025215 0.025652
0 0.560103 0.657873 0.035159 0.035194
0 0.319888 0.649318 0.032204 0.032161
0 0.879751 0.693084 0.051403 0.051322
0 0.598229 0.878776 0.049495 0.049728
0 0.170582 0.295773 0.025735 0.025354
0 0.919019 0.522254 0.020334 0.020448
0 0.373246 0.490697 0.026046 0.026373
0 0.150622 0.537509 0.022059 0.020967
0 0.454220 0.644341 0.040567 0.040396
0 0.337586 0.975434 0.020790 0.020961
0 0.619674 0.225854 0.023087 0.023079
0 0.493067 0.712600 0.039653 0.039541
0 0.394687 0.144356 0.024250 0.024242
0 0.871761 0.308401 0.019546 0.019129
0 0.862652 0.198460 0.021313 0.020903
0 0.090740 0.460497 0.020270 0.021123
0 0.138194 0.307501 0.021801 0.021189
0 0.788475 0.991150 0.025856 0.017700
0 0.071586 0.232578 0.026810 0.026564
0 0.768794 0.473258 0.028562 0.029152
0 0.696909 0.536047 0.033099 0.034256
0 0.175726 0.139097 0.022454 0.021906
0 0.481440 0.243175 0.028955 0.029398
0 0.075443 0.591644 0.021654 0.021701
0 0.497427 0.584552 0.021985 0.022324
0 0.866981 0.437289 0.018956 0.019072
0 0.016622 0.890787 0.024620 0.024380
0 0.611513 0.553414 0.026905 0.026645
0 0.800026 0.551806 0.022453 0.022540
0 0.179728 0.504136 0.020446 0.020224
0 0.314692 0.347482 0.022686 0.022571
0 0.450838 0.164192 0.018263 0.018230
0 0.709288 0.339137 0.022049 0.024506
0 0.945761 0.234692 0.050147 0.047657
0 0.590565 0.477217 0.025647 0.026127
0 0.273515 0.123946 0.022370 0.022159
0 0.965187 0.993247 0.025459 0.013507
0 0.139780 0.549433 0.032837 0.043430
0 0.614011 0.300563 0.065811 0.064862
