0 0.939498 0.321758 0.072913 0.073135
0 0.385862 0.736958 0.046023 0.046115
0 0.588703 0.886724 0.062147 0.061866
0 0.054400 0.083521 0.025136 0.025392
0 0.051381 0.110576 0.031094 0.031103
0 0.480094 0.823425 0.044232 0.044650
0 0.404972 0.625630 0.049835 0.049189
0 0.597177 0.548347 0.037594 0.037407
0 0.156341 0.829521 0.028291 0.028691
0 0.187805 0.608254 0.026179 0.026135
0 0.842417 0.166740 0.040105 0.039995
0 0.407946 0.457053 0.029099 0.029307
0 0.238977 0.742439 0.034380 0.034467
0 0.372869 0.219058 0.025078 0.024848
0 0.111158 0.569201 0.023501 0.023422
0 0.322271 0.293187 0.022804 0.022605
0 0.868274 0.322767 0.024623 0.024696
0 0.108093 0.799133 0.026038 0.026266
0 0.410507 0.667226 0.034365 0.034591
0 0.352806 0.650002 0.024834 0.024781
0 0.333098 0.960192 0.047654 0.045997
0 0.316273 0.761350 0.025427 0.025401
0 0.984238 0.300555 0.031524 0.035774
0 0.033170 0.787987 0.025640 0.025384
0 0.959930 0.215747 0.029753 0.029499
0 0.417463 0.267925 0.033235 0.034009
0 0.019651 0.229135 0.036021 0.038968
0 0.706897 0.834256 0.026720 0.026721
0 0.743296 0.760011 0.029036 0.028713
0 0.225714 0.532658 0.021386 0.021677
0 0.014481 0.490935 0.028774 0.030836
0 0.437671 0.127250 0.022579 0.022561
0 0.897582 0.146355 0.022977 0.023003
0 0.717552 0.199459 0.021085 0.020952
0 0.718895 0.491901 0.023352 0.023522
0 0.485023 0.063556 0.025498 0.025656
0 0.185559 0.736210 0.025466 0.024934
0 0.792481 0.214681 0.023077 0.023218
0 0.470553 0.909413 0.041163 0.041036
0 0.132819 0.574490 0.020628 0.021122
0 0.968548 0.243595 0.025058 0.025012
0 0.108497 0.265365 0.019427 0.019613
0 0.102162 0.342132 0.021253 0.021163
0 0.127474 0.302183 0.020409 0.020891
0 0.906118 0.662954 0.187763 0.420361
0 0.448659 0.013695 0.019599 0.020795
0 0.234449 0.620951 0.023000 0.022957
0 0.393892 0.206725 0.019171 0.019489
0 0.616809 0.120570 0.022783 0.022644
0 0.682851 0.208029 0.020706 0.020710
0 0.901427 0.069399 0.195124 0.138221
0 0.221030 0.653490 0.022841 0.022416
0 0.777353 0.333283 0.020734 0.020816
0 0.890265 0.935200 0.024947 0.025546
0 0.033412 0.899413 0.020831 0.021305
0 0.215517 0.725455 0.022488 0.021720
0 0.369175 0.695494 0.021970 0.021756
0 0.040628 0.184333 0.021151 0.020952
0 0.930974 0.149534 0.021890 0.022024
0 0.578568 0.212827 0.021926 0.022088
0 0.635838 0.074313 0.029863 0.029963
0 0.849163 0.270018 0.024184 0.023756
0 0.574401 0.008150 0.021159 0.016187
0 0.493136 0.085077 0.021240 0.021596
0 0.809498 0.984845 0.033162 0.030175
0 0.614338 0.006410 0.024476 0.012820
0 0.214082 0.602493 0.024137 0.023617
0 0.430358 0.036305 0.116054 0.072157
0 0.809044 0.177237 0.031114 0.032262
