0 0.568079 0.889773 0.218786 0.212172
0 0.305191 0.291893 0.130738 0.124171
0 0.514960 0.109932 0.051243 0.050226
0 0.669005 0.609386 0.101714 0.101985
0 0.568235 0.099825 0.041740 0.041834
0 0.646577 0.290470 0.027360 0.026717
0 0.652762 0.810370 0.026560 0.026747
0 0.816293 0.902088 0.097799 0.096620
0 0.668094 0.751291 0.036490 0.035851
0 0.358219 0.464276 0.029328 0.028829
0 0.379629 0.419417 0.030542 0.030289
0 0.868135 0.930997 0.035740 0.035698
0 0.559622 0.124553 0.025206 0.025394
0 0.536863 0.219774 0.054968 0.054466
0 0.498672 0.913778 0.035590 0.035183
0 0.196231 0.403091 0.034863 0.034847
0 0.410879 0.304476 0.026009 0.026201
0 0.547969 0.922240 0.028225 0.027800
0 0.207201 0.087204 0.023202 0.023261
0 0.964789 0.020775 0.027840 0.027373
0 0.376304 0.171447 0.027204 0.027231
0 0.854834 0.969534 0.028824 0.028584
0 0.831166 0.503997 0.031905 0.031239
0 0.051312 0.614831 0.101946 0.202454
0 0.615329 0.495612 0.132282 0.126031
0 0.529634 0.186333 0.022149 0.022031
0 0.329569 0.462387 0.021356 0.021760
0 0.685453 0.174212 0.024896 0.024981
0 0.126880 0.246206 0.058933 0.057760
0 0.619190 0.417437 0.024276 0.023768
0 0.468770 0.317257 0.109955 0.111992
0 0.959549 0.462120 0.025581 0.024792
0 0.511935 0.716488 0.027032 0.027189
0 0.117404 0.849997 0.044752 0.044773
0 0.601939 0.160999 0.026442 0.026618
0 0.174642 0.313503 0.053778 0.054474
0 0.592250 0.768190 0.028255 0.028987
0 0.156048 0.016666 0.031980 0.030674
0 0.519110 0.245115 0.023574 0.023285
0 0.497339 0.706689 0.038813 0.037724
0 0.427044 0.136439 0.042031 0.041912
0 0.122997 0.161887 0.024590 0.024651
0 0.495483 0.984922 0.037553 0.029753
0 0.308812 0.140677 0.022912 0.022616
0 0.305797 0.061381 0.024686 0.024137
0 0.729498 0.630476 0.023428 0.023586
0 0.082310 0.157345 0.034110 0.034283
0 0.562784 0.012477 0.024232 0.023783
0 0.463717 0.355741 0.020048 0.020200
0 0.985317 0.761945 0.021039 0.020441
0 0.150254 0.179287 0.022825 0.023206
0 0.096326 0.236222 0.022205 0.021567
0 0.775013 0.133330 0.029474 0.030595
0 0.716394 0.822009 0.082732 0.081807
0 0.648164 0.124727 0.030880 0.031397
0 0.622914 0.125687 0.020849 0.020633
0 0.977032 0.864942 0.024482 0.024795
0 0.613737 0.730264 0.026057 0.025421
0 0.656735 0.433817 0.022748 0.022592
0 0.573985 0.983186 0.069938 0.033628
0 0.423142 0.229996 0.022153 0.021655
0 0.689019 0.703466 0.026228 0.025697
0 0.437887 0.671382 0.021994 0.022003
0 0.716623 0.057887 0.284419 0.115774
0 0.889035 0.154947 0.023688 0.023165
0 0.281156 0.057347 0.023271 0.021886
0 0.840851 0.517395 0.318298 0.515665
