0 0.117645 0.783576 0.107276 0.091352
0 0.192217 0.939773 0.074185 0.059137
0 0.062420 0.055151 0.068495 0.059481
0 0.742596 0.596257 0.072637 0.061161
0 0.292503 0.806255 0.058272 0.049385
0 0.942466 0.228730 0.086693 0.068807
0 0.966630 0.317293 0.066256 0.068330
0 0.817215 0.577169 0.091761 0.076402
0 0.504343 0.201149 0.049443 0.037920
0 0.541649 0.780530 0.074914 0.064504
0 0.484716 0.855216 0.054646 0.048980
0 0.966180 0.669130 0.049743 0.042553
0 0.428396 0.929602 0.041980 0.034252
0 0.450332 0.312406 0.065895 0.058548
0 0.803484 0.451560 0.046768 0.039341
0 0.590926 0.854961 0.052040 0.049167
0 0.369371 0.986291 0.061947 0.027419
0 0.639524 0.364207 0.042818 0.039021
0 0.433257 0.361584 0.050331 0.045125
0 0.633363 0.603267 0.051614 0.046598
0 0.465285 0.277936 0.044237 0.036619
0 0.591549 0.674286 0.040409 0.034897
0 0.839927 0.505455 0.072302 0.052488
0 0.322121 0.668852 0.038128 0.033258
0 0.629999 0.745039 0.043800 0.040396
0 0.659553 0.038093 0.035711 0.032344
0 0.621117 0.632704 0.051234 0.046379
0 0.193431 0.101885 0.074244 0.065440
0 0.265959 0.718248 0.042138 0.035620
0 0.065790 0.250245 0.038476 0.034123
0 0.985250 0.778797 0.029437 0.037486
0 0.244733 0.297605 0.038195 0.033544
0 0.617974 0.487029 0.037396 0.034355
0 0.480647 0.420403 0.040792 0.032580
0 0.035992 0.505654 0.071985 0.057351
0 0.153310 0.157376 0.064237 0.047456
0 0.578905 0.906899 0.053070 0.044545
0 0.212894 0.139960 0.062882 0.052127
0 0.024676 0.363842 0.041777 0.034432
0 0.575041 0.949472 0.080672 0.068998
0 0.276334 0.303912 0.039808 0.035234
0 0.753529 0.063686 0.034551 0.030339
0 0.689429 0.335334 0.055983 0.045455
0 0.300182 0.693720 0.058149 0.048505
0 0.706680 0.486739 0.038690 0.033129
0 0.789812 0.310187 0.057566 0.048852
0 0.527483 0.389364 0.034723 0.030377
0 0.019587 0.747732 0.038994 0.044709
0 0.818926 0.394549 0.046335 0.037628
0 0.663953 0.399921 0.047611 0.041820
0 0.769609 0.685396 0.055450 0.041986
0 0.414016 0.291133 0.051106 0.041453
0 0.904436 0.864779 0.034008 0.028275
0 0.707267 0.683519 0.032679 0.028692
0 0.119553 0.865029 0.048199 0.038220
0 0.231458 0.907834 0.036157 0.031514
0 0.732409 0.225306 0.052565 0.044632
0 0.802962 0.359834 0.038794 0.033903
0 0.022183 0.264616 0.032948 0.030979
0 0.327726 0.495711 0.032837 0.028716
0 0.695625 0.796610 0.040302 0.037133
0 0.361736 0.821018 0.033772 0.029082
0 0.043750 0.342961 0.040474 0.033283
0 0.096694 0.405169 0.046555 0.040789
0 0.182996 0.012501 0.028703 0.024583
0 0.901744 0.119774 0.032857 0.027215
0 0.424118 0.124747 0.030491 0.028349
0 0.058743 0.462247 0.041364 0.036701
0 0.650034 0.542782 0.036187 0.032089
0 0.646021 0.297245 0.031729 0.028056
0 0.933000 0.561624 0.033005 0.027841
0 0.106488 0.356607 0.031759 0.027370
0 0.709208 0.983730 0.029313 0.026243
0 0.030218 0.319228 0.032300 0.029166
0 0.707176 0.242080 0.044384 0.039365
0 0.350340 0.086796 0.029782 0.025865
0 0.659058 0.432756 0.037821 0.031802
0 0.029384 0.482995 0.034489 0.029437
0 0.243919 0.083194 0.043401 0.038497
0 0.737316 0.502573 0.031842 0.027868
0 0.895046 0.166195 0.032803 0.026067
0 0.009420 0.869171 0.018839 0.075145
0 0.364776 0.952086 0.058548 0.044790
0 0.628630 0.572838 0.030229 0.026684
0 0.764272 0.982846 0.027533 0.024954
0 0.942387 0.381294 0.068726 0.061697
0 0.616845 0.984857 0.035902 0.029406
0 0.697853 0.407156 0.030487 0.027583
0 0.160489 0.284281 0.029898 0.025036
0 0.768183 0.121428 0.030068 0.026331
0 0.573370 0.747071 0.057782 0.052862
0 0.975638 0.981594 0.026628 0.024665
0 0.474232 0.356382 0.036862 0.032595
0 0.021411 0.448152 0.041673 0.048334
0 0.694083 0.262221 0.032910 0.028488
0 0.020898 0.294391 0.032825 0.029103
0 0.016212 0.931420 0.031305 0.026984
0 0.095166 0.264519 0.028792 0.024597
0 0.756024 0.209084 0.033335 0.028092
0 0.803219 0.425748 0.035447 0.028870
0 0.339219 0.846436 0.030874 0.024819
0 0.396612 0.513151 0.026928 0.023830
0 0.865005 0.310678 0.033486 0.030953
0 0.752746 0.827837 0.029838 0.025167
0 0.712317 0.792543 0.030033 0.030048
