0 0.170799 0.327889 0.097451 0.084878
0 0.115249 0.806308 0.042085 0.037418
0 0.459314 0.759347 0.038804 0.034685
0 0.320497 0.573469 0.047627 0.038330
0 0.776063 0.148505 0.049053 0.041984
0 0.910994 0.700920 0.042731 0.036998
0 0.825478 0.092734 0.045280 0.038784
0 0.027269 0.951072 0.032789 0.030712
0 0.669282 0.342235 0.065924 0.053449
0 0.915773 0.739057 0.040476 0.036909
0 0.842611 0.648368 0.032499 0.030143
0 0.376477 0.796228 0.038522 0.034700
0 0.812932 0.379636 0.052194 0.045439
0 0.871162 0.007056 0.041569 0.014112
0 0.632722 0.813736 0.074818 0.064046
0 0.452093 0.613629 0.041325 0.034836
0 0.987711 0.418893 0.024405 0.043534
0 0.739923 0.248086 0.036330 0.030789
0 0.478627 0.714203 0.037113 0.032080
