0 0.923691 0.487537 0.094375 0.082633
0 0.568581 0.179718 0.118165 0.109373
0 0.504293 0.350678 0.089959 0.086333
0 0.662674 0.617885 0.133441 0.112810
0 0.465154 0.645437 0.104008 0.094829
0 0.930031 0.714490 0.126402 0.107845
0 0.631940 0.722960 0.098559 0.091038
0 0.906999 0.262688 0.036422 0.034477
0 0.936251 0.307533 0.052045 0.049098
0 0.750402 0.366004 0.043854 0.040006
0 0.509930 0.443538 0.063315 0.058133
0 0.865797 0.767074 0.069499 0.060241
0 0.846792 0.594619 0.064297 0.057300
0 0.890728 0.405065 0.052406 0.046347
0 0.118629 0.434106 0.052067 0.041989
0 0.468583 0.168667 0.027172 0.026230
0 0.757556 0.255965 0.031923 0.030356
0 0.244116 0.563126 0.049831 0.044195
0 0.722412 0.723557 0.112848 0.099823
0 0.326642 0.701839 0.109437 0.094665
0 0.368800 0.354915 0.055320 0.051096
0 0.331503 0.554539 0.041319 0.038075
0 0.611681 0.397427 0.027691 0.027072
0 0.951768 0.358229 0.032424 0.030892
0 0.674255 0.474304 0.166045 0.130806
0 0.066117 0.127372 0.048564 0.039670
0 0.436601 0.209001 0.027306 0.025535
0 0.335750 0.298955 0.032155 0.029910
0 0.815531 0.560926 0.039984 0.032945
0 0.508593 0.200186 0.028711 0.027277
0 0.898467 0.178357 0.042581 0.041892
0 0.558380 0.771701 0.033089 0.030913
0 0.723618 0.046968 0.155311 0.092848
0 0.302505 0.031270 0.039767 0.035059
0 0.604507 0.090920 0.031484 0.028967
0 0.643716 0.063215 0.029262 0.028036
0 0.305822 0.609119 0.046265 0.040790
0 0.821887 0.022278 0.044163 0.039156
0 0.098799 0.387638 0.068867 0.057876
0 0.976350 0.612743 0.031272 0.028673
0 0.300142 0.892526 0.114371 0.101202
0 0.732206 0.221378 0.030741 0.029815
0 0.459296 0.546675 0.316312 0.266203
0 0.916938 0.220533 0.029013 0.027882
0 0.973500 0.060202 0.028183 0.027184
0 0.449577 0.778011 0.201739 0.165658
0 0.122571 0.308922 0.089127 0.073014
0 0.803294 0.771495 0.035194 0.032012
0 0.332285 0.053983 0.031019 0.029901
0 0.797997 0.226502 0.031063 0.030319
0 0.406234 0.250980 0.025228 0.025066
0 0.763315 0.878607 0.036712 0.032187
0 0.568150 0.094434 0.028108 0.026417
0 0.417021 0.438394 0.033851 0.033849
0 0.645901 0.974300 0.036730 0.031338
0 0.341495 0.265092 0.024748 0.023664
0 0.957402 0.210511 0.026549 0.025312
0 0.237760 0.385228 0.044642 0.039340
0 0.798209 0.407401 0.025463 0.024195
0 0.211655 0.544030 0.033251 0.030961
0 0.140542 0.546509 0.045365 0.039351
0 0.263795 0.081237 0.028692 0.026028
0 0.913438 0.121612 0.023951 0.023196
0 0.174745 0.415879 0.084377 0.073915
0 0.974458 0.903792 0.051084 0.069177
0 0.620800 0.832873 0.026797 0.023425
0 0.646554 0.828186 0.027124 0.025112
0 0.301977 0.339376 0.027833 0.025787
0 0.226618 0.735731 0.124947 0.111567
0 0.979592 0.276661 0.040141 0.062517
0 0.387262 0.576677 0.112167 0.099928
0 0.560015 0.502398 0.053922 0.051393
0 0.966290 0.382948 0.023057 0.023306
0 0.768587 0.107870 0.079390 0.070193
0 0.582260 0.662721 0.075438 0.069279
0 0.138502 0.231261 0.092153 0.076532
0 0.695974 0.780112 0.079380 0.070211
0 0.141446 0.892745 0.144477 0.118773
0 0.828903 0.916464 0.030541 0.026700
0 0.427306 0.899838 0.040364 0.038539
0 0.934819 0.188502 0.022462 0.022280
0 0.122956 0.339340 0.245913 0.372880
0 0.564348 0.676245 0.028687 0.026747
0 0.363420 0.462305 0.056486 0.054397
0 0.190051 0.166786 0.036631 0.033758
0 0.720294 0.329111 0.023901 0.023075
0 0.645792 0.017765 0.030337 0.028001
0 0.191781 0.205124 0.057620 0.052891
0 0.415468 0.524176 0.024848 0.023408
0 0.659160 0.313046 0.022415 0.021119
0 0.899978 0.079290 0.028879 0.025470
0 0.504475 0.601581 0.058481 0.049476
0 0.441488 0.038250 0.293905 0.075010
0 0.551734 0.703861 0.050877 0.045668
0 0.198948 0.477629 0.035692 0.030694
0 0.384175 0.406676 0.038320 0.035813
0 0.011323 0.684044 0.022435 0.123434
0 0.047507 0.396791 0.028039 0.024990
0 0.977661 0.655047 0.030256 0.026499
0 0.413550 0.274589 0.035460 0.035165
0 0.426404 0.101513 0.022000 0.020445
0 0.761624 0.538617 0.065064 0.060675
0 0.312450 0.652834 0.024106 0.022253
0 0.213283 0.840595 0.024231 0.022664
0 0.904149 0.845278 0.026748 0.023442
0 0.929862 0.970067 0.040769 0.035048
0 0.431700 0.938664 0.054002 0.048861
