0 0.936716 0.793457 0.030536 0.030057
0 0.124591 0.153456 0.104579 0.102802
0 0.422399 0.607402 0.035303 0.034799
0 0.587776 0.649236 0.038453 0.037946
0 0.655147 0.907085 0.025413 0.025428
0 0.512959 0.534024 0.053068 0.053458
0 0.962281 0.885117 0.047044 0.046324
0 0.518057 0.791242 0.035948 0.036028
0 0.329846 0.809604 0.042430 0.041625
0 0.887387 0.020015 0.050553 0.040030
0 0.922732 0.309031 0.152922 0.231128
0 0.146256 0.404617 0.058939 0.058680
0 0.418548 0.804441 0.034965 0.034453
0 0.384313 0.808289 0.034499 0.034294
0 0.438364 0.743439 0.027813 0.027479
0 0.506380 0.208333 0.063913 0.063582
0 0.391315 0.853009 0.023359 0.022897
0 0.460709 0.683032 0.029579 0.029742
0 0.224254 0.071816 0.073589 0.072754
0 0.398199 0.464497 0.070658 0.070645
0 0.778485 0.905463 0.026404 0.026469
0 0.653822 0.223160 0.048806 0.048005
0 0.075706 0.196153 0.030794 0.030669
0 0.311580 0.675376 0.066153 0.065164
0 0.478220 0.656980 0.025803 0.024893
0 0.459159 0.897539 0.022777 0.022688
0 0.817887 0.625426 0.021179 0.020882
0 0.621880 0.692431 0.023248 0.022604
0 0.187448 0.510651 0.025844 0.025791
0 0.455706 0.641613 0.030801 0.029225
0 0.311315 0.417468 0.079626 0.079244
0 0.334375 0.625817 0.024844 0.025210
0 0.474655 0.621117 0.023923 0.025037
0 0.426529 0.279471 0.042669 0.042494
0 0.138707 0.200485 0.037319 0.036608
0 0.487042 0.679359 0.021629 0.021926
0 0.912164 0.762360 0.018978 0.018942
0 0.579916 0.580602 0.020682 0.020307
0 0.511025 0.639045 0.023391 0.023231
0 0.961568 0.020196 0.076864 0.039961
0 0.981278 0.647963 0.020002 0.019491
0 0.491246 0.041531 0.026018 0.025817
0 0.798806 0.706898 0.018937 0.019522
0 0.560054 0.611241 0.021205 0.021267
0 0.032857 0.128166 0.065715 0.079430
0 0.510145 0.476603 0.022004 0.022079
0 0.568163 0.009973 0.040824 0.019739
0 0.471022 0.764373 0.031593 0.032113
