0 0.814740 0.194071 0.065537 0.062596
0 0.478698 0.501680 0.048106 0.046474
0 0.903563 0.276304 0.042685 0.042702
0 0.541232 0.526999 0.024361 0.024090
0 0.116301 0.185801 0.026840 0.026242
0 0.764645 0.142843 0.354385 0.285686
0 0.768991 0.583753 0.027000 0.026491
0 0.407797 0.811819 0.075906 0.075403
0 0.896387 0.213133 0.038066 0.037728
0 0.607391 0.883348 0.035984 0.036410
0 0.625593 0.860318 0.040968 0.040327
0 0.828597 0.304189 0.029469 0.029402
0 0.294117 0.945981 0.129115 0.107560
0 0.029136 0.938232 0.035252 0.036132
0 0.177982 0.478433 0.022693 0.022846
0 0.930965 0.540466 0.024196 0.024338
0 0.517613 0.741522 0.029224 0.028913
0 0.708310 0.907282 0.035281 0.035093
0 0.087302 0.214406 0.024156 0.023532
0 0.190570 0.765276 0.028723 0.028261
0 0.297871 0.600391 0.021330 0.021695
0 0.979240 0.806967 0.038348 0.039001
0 0.241012 0.071871 0.021888 0.021644
0 0.030587 0.551858 0.020296 0.020190
0 0.985363 0.286812 0.022078 0.021703
0 0.871303 0.006697 0.021352 0.013395
0 0.326243 0.825385 0.069937 0.067163
0 0.628933 0.541387 0.032995 0.034678
0 0.664656 0.432738 0.020463 0.020389
0 0.286704 0.617848 0.018737 0.018664
0 0.950262 0.049572 0.096224 0.099145
