0 0.276158 0.463331 0.030749 0.030822
0 0.078062 0.858246 0.045798 0.045835
0 0.525973 0.921681 0.212773 0.156638
0 0.190351 0.305427 0.024732 0.024955
0 0.891984 0.803145 0.093983 0.094424
0 0.390489 0.657371 0.027065 0.026770
0 0.180699 0.899880 0.028334 0.028911
0 0.313460 0.353829 0.025520 0.025462
0 0.071915 0.251142 0.026863 0.026492
0 0.900942 0.724511 0.038405 0.038070
0 0.626114 0.481268 0.119387 0.123539
0 0.675071 0.805377 0.021345 0.021443
0 0.619194 0.540644 0.068278 0.069641
0 0.145777 0.761025 0.039320 0.039451
0 0.814274 0.448979 0.034830 0.034675
0 0.015050 0.123859 0.030100 0.034720
0 0.456150 0.227135 0.035667 0.035968
0 0.451647 0.788718 0.134170 0.133316
0 0.418982 0.258778 0.021676 0.021278
0 0.605369 0.988979 0.019885 0.020201
0 0.362154 0.606987 0.034376 0.034264
0 0.232633 0.849563 0.191275 0.189698
0 0.609018 0.248740 0.024254 0.024001
0 0.106732 0.826689 0.032132 0.032613
0 0.401608 0.968937 0.021868 0.021547
0 0.901547 0.573490 0.025768 0.026268
0 0.039353 0.128236 0.020652 0.021859
0 0.048064 0.338901 0.019999 0.020365
0 0.769090 0.168227 0.025429 0.025211
0 0.401376 0.795808 0.036251 0.035677
0 0.430361 0.117586 0.369070 0.234782
0 0.835352 0.899983 0.022365 0.022579
0 0.829739 0.986272 0.023071 0.023862
0 0.216683 0.476181 0.027228 0.027154
0 0.330487 0.311537 0.020727 0.020206
0 0.529853 0.841196 0.021587 0.021661
0 0.219010 0.193186 0.028259 0.027397
0 0.813763 0.901924 0.021620 0.021933
0 0.436568 0.786181 0.032974 0.032327
0 0.567184 0.520434 0.021159 0.021295
0 0.180520 0.121959 0.019787 0.020008
0 0.440373 0.210898 0.031704 0.032364
0 0.449870 0.304490 0.020577 0.020735
0 0.738277 0.103222 0.218380 0.203359
0 0.836201 0.043792 0.025219 0.024580
0 0.206181 0.968397 0.019963 0.020196
0 0.514379 0.643190 0.021660 0.021805
0 0.019927 0.145807 0.028679 0.028586
0 0.094092 0.594644 0.023869 0.024382
0 0.763789 0.256926 0.023524 0.023859
0 0.093658 0.036972 0.186478 0.072403
0 0.611753 0.381598 0.075018 0.074392
0 0.318865 0.607194 0.034782 0.034096
0 0.236038 0.261926 0.020531 0.020312
0 0.039815 0.905688 0.078664 0.188623
0 0.819996 0.064521 0.022791 0.022050
0 0.309896 0.650004 0.021539 0.020819
0 0.162548 0.036142 0.019513 0.018610
0 0.434260 0.782674 0.048495 0.057512
0 0.440666 0.415746 0.021624 0.022410
0 0.069299 0.493580 0.022486 0.022381
0 0.116222 0.966318 0.024620 0.023410
0 0.731699 0.526882 0.116148 0.119712
