0 0.319356 0.326371 0.077234 0.077528
0 0.296655 0.777709 0.034307 0.034243
0 0.391849 0.268835 0.039909 0.039593
0 0.960233 0.658975 0.045387 0.045496
0 0.646750 0.900110 0.037781 0.036911
0 0.624613 0.267791 0.029765 0.029775
0 0.179948 0.498060 0.052936 0.053058
0 0.946603 0.803083 0.025204 0.025145
0 0.090021 0.467891 0.040015 0.039528
0 0.036452 0.895629 0.036159 0.035501
0 0.622506 0.653963 0.027720 0.028408
0 0.305801 0.809218 0.026690 0.026747
0 0.410028 0.776452 0.024776 0.024761
0 0.366167 0.820513 0.023990 0.024154
0 0.640817 0.281497 0.277571 0.294788
0 0.422325 0.705627 0.024845 0.025420
0 0.577050 0.224582 0.025769 0.025474
0 0.511189 0.077255 0.021346 0.021531
0 0.870513 0.915675 0.022731 0.022884
0 0.449533 0.089965 0.021827 0.021630
0 0.137070 0.262562 0.023189 0.023442
0 0.468928 0.288795 0.022532 0.022286
0 0.955259 0.107120 0.020646 0.020564
0 0.688582 0.075749 0.027090 0.026686
0 0.524783 0.710997 0.023646 0.023691
0 0.226814 0.167203 0.023174 0.022958
0 0.200016 0.256169 0.042030 0.042057
0 0.341212 0.740413 0.021727 0.021981
0 0.013812 0.989378 0.026541 0.021245
0 0.295881 0.224552 0.021615 0.021876
0 0.303345 0.147328 0.023803 0.023744
0 0.048593 0.239938 0.069516 0.070260
0 0.561335 0.634387 0.023011 0.022548
0 0.859235 0.184072 0.050519 0.050405
0 0.793356 0.190600 0.020731 0.020285
