0 0.368607 0.337906 0.080997 0.079135
0 0.941440 0.843404 0.080084 0.079629
0 0.575405 0.696387 0.048484 0.048123
0 0.722400 0.020510 0.036828 0.035875
0 0.203773 0.548992 0.047304 0.047389
0 0.359454 0.427332 0.044852 0.043904
0 0.834683 0.801189 0.074275 0.073686
0 0.441581 0.781454 0.045700 0.044948
0 0.068169 0.985605 0.036106 0.028791
0 0.563797 0.802111 0.035814 0.036062
0 0.704517 0.893647 0.040348 0.039985
0 0.476371 0.023497 0.039034 0.039563
0 0.905357 0.660203 0.044418 0.043829
0 0.959501 0.386667 0.036839 0.036330
0 0.369673 0.273380 0.028252 0.027984
0 0.122603 0.851496 0.026843 0.026624
0 0.161491 0.009591 0.030913 0.019181
0 0.532600 0.647941 0.030294 0.030066
0 0.440145 0.837156 0.031891 0.031198
0 0.082926 0.150898 0.024909 0.025124
0 0.483308 0.759671 0.029987 0.029665
0 0.883064 0.835891 0.032812 0.032119
0 0.576674 0.890760 0.049144 0.048947
0 0.638108 0.301995 0.025379 0.025108
0 0.867393 0.406025 0.033395 0.033256
0 0.852116 0.055549 0.031745 0.031912
0 0.887644 0.948075 0.028769 0.028314
0 0.499419 0.879581 0.029097 0.028419
0 0.637591 0.027944 0.026376 0.026689
0 0.973774 0.147809 0.026402 0.026906
0 0.855728 0.314596 0.031858 0.031832
0 0.894288 0.697906 0.034886 0.034156
0 0.907541 0.553843 0.034680 0.033364
0 0.602873 0.465868 0.202795 0.203528
0 0.822075 0.219254 0.029228 0.029065
0 0.816407 0.110877 0.029537 0.029402
0 0.671710 0.698493 0.043607 0.043040
0 0.887576 0.429362 0.025191 0.025038
0 0.924455 0.100607 0.028321 0.028093
0 0.689057 0.282246 0.026204 0.026495
0 0.532324 0.391266 0.025212 0.025016
0 0.893030 0.860517 0.027512 0.027703
0 0.904391 0.163191 0.032825 0.032715
0 0.537241 0.756204 0.024627 0.024275
0 0.967102 0.252122 0.022809 0.023055
0 0.754369 0.629719 0.038000 0.037419
0 0.866876 0.887628 0.025409 0.025206
0 0.784334 0.951586 0.041258 0.042259
0 0.582781 0.587525 0.039672 0.039431
0 0.790546 0.706414 0.028056 0.027959
0 0.555503 0.930727 0.023866 0.023817
0 0.501981 0.700975 0.022132 0.021912
0 0.901486 0.296859 0.025101 0.024786
0 0.851395 0.337396 0.030774 0.030768
0 0.663327 0.224193 0.023629 0.023410
0 0.702863 0.580597 0.035988 0.036604
0 0.619110 0.478557 0.021757 0.021684
0 0.755005 0.930555 0.033226 0.034045
0 0.624762 0.683503 0.048358 0.047659
0 0.698794 0.412149 0.027311 0.027623
0 0.539746 0.237710 0.022677 0.022378
0 0.588887 0.966028 0.022384 0.021828
0 0.862555 0.153459 0.022047 0.021736
0 0.664359 0.817878 0.047596 0.047634
0 0.496803 0.552728 0.042809 0.043366
0 0.933937 0.173330 0.023513 0.023076
0 0.477584 0.460738 0.021570 0.021318
0 0.984235 0.510136 0.021893 0.021502
0 0.390798 0.441072 0.021900 0.021249
0 0.518325 0.588973 0.042216 0.042229
