0 0.711518 0.094701 0.104175 0.075307
0 0.519641 0.194678 0.125118 0.092756
0 0.409521 0.842789 0.146315 0.108070
0 0.514602 0.835407 0.118826 0.095177
0 0.821396 0.798306 0.084551 0.060940
0 0.538198 0.066449 0.090492 0.066854
0 0.569187 0.328576 0.156335 0.115585
0 0.605676 0.537960 0.271144 0.209482
0 0.795689 0.038518 0.052866 0.037364
0 0.901116 0.669898 0.197769 0.237471
0 0.688949 0.036727 0.105417 0.072090
0 0.468324 0.411530 0.065226 0.048779
0 0.311481 0.862496 0.056156 0.043875
0 0.581841 0.683547 0.168454 0.116222
0 0.373431 0.033919 0.142449 0.067603
0 0.687165 0.166175 0.169582 0.115807
0 0.728365 0.762156 0.114338 0.086196
0 0.218077 0.475660 0.054429 0.038688
0 0.081520 0.827087 0.056202 0.044431
0 0.143020 0.765818 0.054627 0.038663
0 0.068869 0.746735 0.136639 0.114276
0 0.910790 0.261895 0.082149 0.062369
0 0.609116 0.238403 0.093426 0.073783
0 0.694382 0.637959 0.040017 0.030086
0 0.397907 0.478519 0.047387 0.035454
0 0.711930 0.795199 0.038451 0.030380
0 0.246426 0.853117 0.043726 0.037158
0 0.613707 0.960508 0.084399 0.067731
0 0.339372 0.401646 0.038332 0.031525
0 0.913338 0.886476 0.065920 0.050587
