0 0.051360 0.393771 0.030436 0.030268
0 0.053284 0.419588 0.026554 0.026251
0 0.196015 0.759598 0.035623 0.035939
0 0.105439 0.500087 0.039485 0.038402
0 0.684914 0.151892 0.032745 0.032731
0 0.541757 0.254599 0.044308 0.043335
0 0.522128 0.888845 0.025740 0.025886
0 0.292676 0.957566 0.024562 0.024964
0 0.716201 0.195271 0.063741 0.063462
0 0.403923 0.813909 0.027859 0.028064
0 0.079831 0.935143 0.024674 0.024129
0 0.973169 0.723520 0.038651 0.039011
0 0.428301 0.414435 0.036353 0.036280
0 0.701381 0.353830 0.026646 0.026407
0 0.845247 0.744846 0.038399 0.038532
0 0.033068 0.360542 0.036570 0.036230
0 0.659297 0.900929 0.031884 0.031265
0 0.394870 0.408721 0.041683 0.042906
0 0.116948 0.076451 0.027641 0.028163
0 0.055926 0.963502 0.023732 0.022998
0 0.635125 0.034255 0.026338 0.026174
0 0.370599 0.674318 0.025777 0.025759
0 0.918850 0.167078 0.022866 0.023502
0 0.966935 0.457715 0.023211 0.023378
0 0.621659 0.374083 0.022637 0.022627
0 0.686826 0.016153 0.050508 0.032231
0 0.464462 0.418993 0.032033 0.032673
0 0.307178 0.928529 0.041541 0.041274
0 0.248506 0.356158 0.025227 0.025661
0 0.366072 0.897523 0.024106 0.024166
0 0.430135 0.354352 0.019944 0.019667
0 0.252255 0.475043 0.112385 0.111312
0 0.156951 0.884333 0.022887 0.022681
0 0.616875 0.113339 0.022223 0.022594
0 0.352331 0.733525 0.023476 0.023789
0 0.821420 0.705343 0.054831 0.055075
0 0.028715 0.634969 0.020083 0.019486
0 0.726683 0.867258 0.044937 0.045229
0 0.021325 0.734497 0.022952 0.022530
0 0.540675 0.208295 0.027098 0.027004
0 0.327632 0.902612 0.018582 0.018718
0 0.818705 0.125215 0.108050 0.110679
0 0.601078 0.349649 0.020329 0.020424
0 0.474694 0.535420 0.023316 0.023372
0 0.016235 0.444828 0.017468 0.017712
0 0.410408 0.301310 0.021899 0.021845
0 0.784511 0.410529 0.021846 0.022145
0 0.913832 0.877977 0.024378 0.024136
0 0.461050 0.668628 0.021100 0.021636
0 0.913775 0.959483 0.020660 0.020655
0 0.796359 0.645161 0.038199 0.038926
0 0.895190 0.007740 0.024607 0.015481
0 0.071216 0.517091 0.017937 0.017613
0 0.196960 0.615119 0.032430 0.034597
0 0.297324 0.790807 0.046077 0.045522
0 0.421988 0.042596 0.020407 0.020455
0 0.601619 0.078420 0.252983 0.156655
