0 0.200972 0.831462 0.120543 0.115582
0 0.761563 0.779730 0.054704 0.052152
0 0.676568 0.897335 0.076482 0.074114
0 0.014265 0.541328 0.028234 0.038795
0 0.410821 0.970161 0.050075 0.044343
0 0.150288 0.121720 0.029852 0.028807
0 0.622227 0.818067 0.036246 0.036411
0 0.531418 0.076314 0.030474 0.030095
0 0.287115 0.944256 0.031635 0.030012
0 0.076317 0.336229 0.036705 0.034746
0 0.430296 0.204191 0.035928 0.034217
0 0.266650 0.852560 0.054417 0.052204
0 0.528889 0.812739 0.096076 0.083832
0 0.553877 0.842886 0.067466 0.065482
0 0.505574 0.132103 0.032437 0.031837
0 0.314965 0.832830 0.080286 0.079287
0 0.643334 0.479622 0.024615 0.024852
0 0.316697 0.860028 0.039433 0.037918
0 0.371868 0.802101 0.041278 0.037009
0 0.446911 0.823656 0.057011 0.055284
0 0.231373 0.941371 0.030047 0.028092
0 0.192309 0.731088 0.027982 0.025908
0 0.626400 0.464948 0.022367 0.022594
0 0.076141 0.684459 0.021429 0.021651
0 0.398354 0.815107 0.060366 0.055584
0 0.952763 0.240504 0.027363 0.026417
0 0.632631 0.882004 0.041625 0.039555
0 0.250524 0.822627 0.049971 0.049051
