0 0.916575 0.044965 0.029348 0.029730
0 0.422866 0.346465 0.042062 0.041966
0 0.463510 0.328364 0.034445 0.034563
0 0.418120 0.720278 0.030900 0.031018
0 0.345582 0.879935 0.038709 0.038751
0 0.025739 0.159489 0.031229 0.031089
0 0.442665 0.575661 0.023509 0.023574
0 0.113727 0.160601 0.034631 0.034153
0 0.845836 0.051568 0.020874 0.021724
0 0.052759 0.013040 0.036257 0.025716
0 0.504499 0.009554 0.022773 0.019108
0 0.958905 0.767206 0.081957 0.085176
0 0.355112 0.949871 0.092944 0.086826
0 0.441039 0.140361 0.021578 0.021389
0 0.517848 0.045213 0.019885 0.020005
0 0.268680 0.018041 0.026065 0.026386
0 0.799867 0.437052 0.019335 0.019147
0 0.658532 0.970135 0.022067 0.022169
0 0.138497 0.308366 0.021902 0.021918
0 0.837746 0.309223 0.018467 0.018573
0 0.745276 0.937268 0.069345 0.065786
0 0.375311 0.332308 0.020133 0.020063
0 0.648240 0.462692 0.018860 0.018841
0 0.194023 0.970117 0.107483 0.059766
0 0.733732 0.958827 0.104832 0.082332
0 0.171588 0.889589 0.083082 0.081571
0 0.215361 0.426900 0.019703 0.019323
0 0.065253 0.822228 0.020435 0.020402
0 0.086342 0.158707 0.023925 0.024643
0 0.210899 0.502608 0.020144 0.020399
0 0.845922 0.006632 0.020317 0.013231
0 0.124069 0.196754 0.020654 0.020367
0 0.525344 0.748808 0.019449 0.019503
0 0.897319 0.095078 0.018557 0.018243
