0 0.561239 0.801926 0.025271 0.025305
0 0.582115 0.658067 0.027654 0.027701
0 0.408755 0.573348 0.027800 0.027888
0 0.765778 0.245270 0.048188 0.048017
0 0.782497 0.103022 0.026726 0.026809
0 0.842951 0.107134 0.035599 0.034657
0 0.491949 0.796280 0.025911 0.025962
0 0.857608 0.512879 0.026314 0.026195
0 0.521556 0.470394 0.022587 0.022276
0 0.912364 0.114607 0.037257 0.038156
0 0.611302 0.242281 0.038970 0.038074
0 0.868580 0.914868 0.020401 0.020126
0 0.671064 0.321112 0.026190 0.026879
0 0.327865 0.679244 0.036280 0.035735
0 0.724266 0.059388 0.046617 0.046760
0 0.023258 0.969323 0.024787 0.024761
0 0.973621 0.822902 0.023119 0.023274
0 0.489469 0.896790 0.031880 0.031903
0 0.316762 0.268008 0.021061 0.021279
0 0.798352 0.423729 0.028344 0.029258
0 0.446096 0.156090 0.047492 0.047475
0 0.368638 0.287051 0.026095 0.026748
0 0.981023 0.322345 0.037955 0.051045
0 0.862589 0.625020 0.038397 0.037967
0 0.676537 0.490027 0.055929 0.056172
0 0.887067 0.353260 0.020304 0.020327
0 0.234398 0.304872 0.043522 0.043220
0 0.013227 0.316671 0.026453 0.037243
0 0.863726 0.585663 0.031101 0.031556
0 0.731864 0.396645 0.019330 0.019975
0 0.629851 0.496670 0.036984 0.036753
0 0.990380 0.157633 0.019239 0.026242
0 0.349382 0.082270 0.029956 0.029666
0 0.732384 0.833622 0.024810 0.024709
0 0.896715 0.622927 0.031408 0.031047
0 0.435015 0.198996 0.025595 0.025643
0 0.031467 0.386985 0.025788 0.025532
0 0.861165 0.477927 0.031849 0.031910
0 0.907179 0.893953 0.022413 0.022583
0 0.644059 0.288347 0.031472 0.032368
0 0.095214 0.857674 0.023848 0.023865
0 0.202084 0.731263 0.022635 0.023379
0 0.068347 0.682408 0.024253 0.024462
0 0.349421 0.309203 0.029081 0.028939
0 0.693126 0.047000 0.024244 0.024516
0 0.987578 0.242184 0.024844 0.050313
0 0.405743 0.184327 0.021170 0.021094
0 0.768642 0.651612 0.056198 0.055857
0 0.736431 0.026516 0.031052 0.032272
0 0.873451 0.441967 0.042874 0.042396
0 0.519390 0.109829 0.040235 0.040042
0 0.854666 0.968619 0.024941 0.025355
0 0.382402 0.884114 0.030275 0.029251
0 0.866904 0.243532 0.025975 0.024510
0 0.565318 0.312262 0.055222 0.053598
0 0.474761 0.207081 0.022353 0.022402
0 0.985486 0.582093 0.029028 0.049666
0 0.927730 0.132603 0.017395 0.017198
0 0.329043 0.200338 0.018816 0.018704
0 0.059773 0.490484 0.018928 0.019066
0 0.055247 0.160593 0.023419 0.023074
0 0.949516 0.802990 0.018546 0.018783
0 0.437736 0.601909 0.029870 0.029904
0 0.760404 0.181187 0.022195 0.022360
0 0.599414 0.205712 0.033036 0.033330
0 0.966001 0.202080 0.024358 0.024581
0 0.680923 0.387998 0.018911 0.018995
0 0.810810 0.012152 0.019670 0.019804
0 0.900496 0.860075 0.018045 0.018394
0 0.749478 0.927100 0.040434 0.038412
0 0.697922 0.854908 0.026008 0.026126
0 0.510107 0.382680 0.035831 0.036449
0 0.888838 0.268408 0.018339 0.018617
0 0.209066 0.208549 0.021740 0.021439
0 0.335506 0.107212 0.035396 0.035121
0 0.860139 0.962176 0.025349 0.024320
0 0.797876 0.136711 0.023872 0.024050
0 0.517224 0.894828 0.022470 0.023305
0 0.637936 0.711359 0.018450 0.018602
0 0.819616 0.485858 0.048944 0.049318
0 0.539714 0.933154 0.025244 0.024970
0 0.162602 0.796388 0.018848 0.018937
0 0.676446 0.451860 0.028764 0.029162
0 0.986350 0.976193 0.017780 0.016957
0 0.357929 0.251544 0.019054 0.019149
0 0.949968 0.342341 0.026805 0.026756
