0 0.763471 0.131749 0.047455 0.043886
0 0.501268 0.655876 0.097466 0.090450
0 0.593110 0.775248 0.090240 0.084101
0 0.289758 0.624356 0.031593 0.029800
0 0.370252 0.031839 0.055469 0.051417
0 0.495505 0.491677 0.211416 0.192311
0 0.961000 0.948814 0.047347 0.039771
0 0.824182 0.212819 0.125626 0.113910
0 0.111159 0.878903 0.052998 0.051101
0 0.070121 0.705042 0.029512 0.028012
0 0.166781 0.068817 0.033027 0.030878
0 0.693206 0.129780 0.031633 0.031192
0 0.901233 0.286900 0.121440 0.109768
0 0.553548 0.704356 0.075634 0.068625
0 0.350691 0.181625 0.023548 0.022832
0 0.109450 0.299076 0.044893 0.041199
0 0.902087 0.384874 0.033687 0.030860
0 0.195936 0.161448 0.054142 0.048720
0 0.402097 0.893650 0.139904 0.122866
0 0.478602 0.575376 0.033349 0.032079
0 0.712760 0.820138 0.077990 0.070216
0 0.287058 0.904284 0.091382 0.083110
0 0.858347 0.986110 0.029445 0.025483
0 0.442876 0.267443 0.023386 0.022788
0 0.626297 0.674457 0.053829 0.050151
0 0.098535 0.105569 0.031264 0.029939
0 0.360154 0.875129 0.035354 0.032723
0 0.832648 0.932429 0.030075 0.026305
0 0.148372 0.685457 0.296646 0.433371
0 0.803099 0.692860 0.337239 0.336565
0 0.991229 0.686565 0.016729 0.020149
0 0.820867 0.150247 0.047865 0.045511
0 0.969239 0.207376 0.025813 0.023997
0 0.622290 0.610336 0.164596 0.160526
0 0.413602 0.369971 0.166407 0.149371
0 0.552496 0.937696 0.030423 0.029125
0 0.570630 0.452110 0.020357 0.020306
0 0.557230 0.205896 0.165905 0.145363
0 0.877373 0.876550 0.243818 0.246899
0 0.025978 0.606298 0.018922 0.018692
0 0.483590 0.435971 0.049791 0.048133
0 0.567841 0.025296 0.068186 0.049809
0 0.045087 0.959073 0.051494 0.047424
0 0.965342 0.215860 0.027838 0.027372
0 0.935327 0.193547 0.022183 0.020888
