0 0.687982 0.746399 0.080861 0.080795
0 0.829867 0.133618 0.039684 0.039729
0 0.253650 0.062994 0.066545 0.067468
0 0.670106 0.462772 0.035372 0.034909
0 0.852456 0.585187 0.038517 0.038068
0 0.153605 0.371463 0.028201 0.028109
0 0.909497 0.662463 0.029109 0.029326
0 0.122025 0.303788 0.025209 0.025463
0 0.907510 0.040249 0.025719 0.025703
0 0.473113 0.579429 0.058179 0.057502
0 0.187362 0.086386 0.029673 0.029497
0 0.098469 0.389696 0.024569 0.024531
0 0.049675 0.715495 0.031985 0.031520
0 0.268059 0.382862 0.031935 0.032239
0 0.739607 0.489039 0.028839 0.029179
0 0.842539 0.433584 0.036707 0.036609
0 0.152401 0.898868 0.024553 0.024792
0 0.528261 0.781661 0.026245 0.026268
0 0.141296 0.139509 0.022785 0.022330
0 0.692062 0.905850 0.025707 0.026027
0 0.138903 0.105355 0.023353 0.023618
0 0.455025 0.985944 0.026487 0.025816
0 0.543786 0.215848 0.076650 0.077883
0 0.993718 0.225894 0.012564 0.025377
0 0.813198 0.617274 0.021437 0.021592
0 0.757680 0.990045 0.028049 0.019682
0 0.819010 0.978261 0.021751 0.022103
0 0.243343 0.888633 0.023900 0.023820
0 0.905922 0.577151 0.026382 0.026636
0 0.984270 0.964066 0.024726 0.025009
0 0.684991 0.118718 0.020985 0.021082
0 0.966214 0.735519 0.022036 0.022345
0 0.793117 0.204308 0.020043 0.020386
0 0.370874 0.037471 0.028853 0.029354
0 0.344765 0.525888 0.043180 0.043326
0 0.539778 0.023649 0.026951 0.027338
0 0.831390 0.894029 0.020127 0.020038
0 0.110489 0.602945 0.019886 0.020065
0 0.248872 0.323500 0.027568 0.027091
