0 0.909529 0.569112 0.029653 0.029920
0 0.720000 0.149159 0.076764 0.076501
0 0.139898 0.485336 0.066472 0.065933
0 0.861245 0.874491 0.030929 0.030536
0 0.258853 0.825564 0.084948 0.083818
0 0.144609 0.830222 0.034999 0.034958
0 0.703641 0.501584 0.038455 0.037905
0 0.904729 0.458513 0.023975 0.024417
0 0.611657 0.607870 0.038070 0.037921
0 0.757344 0.914528 0.023478 0.023299
0 0.700160 0.201493 0.031166 0.030958
0 0.859758 0.354831 0.063955 0.062651
0 0.495381 0.813974 0.026029 0.026113
0 0.817758 0.234161 0.062143 0.063651
0 0.613183 0.803729 0.063536 0.063389
0 0.229237 0.095342 0.044292 0.044094
0 0.968629 0.867051 0.039576 0.039841
0 0.879760 0.893492 0.022534 0.022688
0 0.795951 0.190278 0.031065 0.031196
0 0.508734 0.526711 0.052880 0.052266
0 0.981854 0.226760 0.033642 0.034232
0 0.509031 0.969801 0.024380 0.024154
0 0.466400 0.096283 0.051043 0.049095
0 0.795231 0.720609 0.088831 0.087499
0 0.679588 0.986321 0.028092 0.026409
0 0.163544 0.391893 0.027537 0.027066
0 0.717721 0.748643 0.024515 0.024461
0 0.444128 0.608550 0.027583 0.027630
0 0.812032 0.039913 0.166991 0.079827
0 0.654338 0.067101 0.030085 0.029928
0 0.028831 0.871204 0.024352 0.024266
0 0.623677 0.214785 0.030482 0.031346
0 0.323152 0.950840 0.025043 0.025576
0 0.009106 0.771913 0.018212 0.053649
0 0.796058 0.421436 0.093071 0.093597
0 0.740847 0.463192 0.022290 0.022764
0 0.222222 0.041856 0.033045 0.032063
0 0.041075 0.041913 0.030650 0.029841
0 0.926096 0.144700 0.035666 0.036014
0 0.950102 0.114616 0.020781 0.021111
0 0.083841 0.616725 0.167417 0.184978
0 0.889084 0.199861 0.109958 0.109261
0 0.863379 0.686715 0.022787 0.022444
0 0.984537 0.190684 0.019959 0.018580
0 0.572374 0.180498 0.063592 0.063722
0 0.818345 0.114933 0.095872 0.098280
0 0.343318 0.980243 0.023645 0.024391
0 0.787247 0.115176 0.151903 0.147462
0 0.709578 0.036680 0.021776 0.022085
0 0.978759 0.152158 0.041112 0.042035
0 0.994270 0.127557 0.011460 0.047111
0 0.081322 0.446540 0.020860 0.020567
0 0.930716 0.627553 0.018496 0.018237
