0 0.877376 0.099681 0.023273 0.023207
0 0.267804 0.110561 0.029091 0.029205
0 0.621829 0.365101 0.032253 0.032052
0 0.840977 0.826754 0.028294 0.028090
0 0.301448 0.616109 0.061546 0.060739
0 0.224971 0.840485 0.064972 0.064116
0 0.974660 0.551888 0.033148 0.032839
0 0.065632 0.823735 0.027120 0.027119
0 0.223611 0.388924 0.028456 0.028396
0 0.499380 0.907653 0.043649 0.043364
0 0.226903 0.185301 0.032761 0.033509
0 0.484061 0.431505 0.021930 0.021729
0 0.369630 0.011771 0.042786 0.023542
0 0.130629 0.632189 0.030926 0.030789
0 0.376528 0.839045 0.033585 0.033381
0 0.750170 0.567490 0.046910 0.046664
0 0.020065 0.491379 0.039977 0.071792
0 0.846405 0.743628 0.023353 0.023945
0 0.488635 0.645983 0.072099 0.071405
0 0.131604 0.671484 0.027339 0.026688
0 0.065249 0.560937 0.026659 0.026425
0 0.799796 0.886446 0.027701 0.028160
0 0.313029 0.282027 0.020968 0.020944
0 0.954845 0.365679 0.023439 0.023625
0 0.361422 0.871562 0.042794 0.042479
0 0.699996 0.987116 0.039067 0.025650
0 0.545989 0.838488 0.083030 0.083412
0 0.708857 0.805483 0.026704 0.026705
0 0.589128 0.031788 0.020499 0.020928
0 0.969068 0.870900 0.024892 0.024501
0 0.309756 0.149034 0.027504 0.027477
0 0.147942 0.096324 0.038913 0.038730
0 0.309836 0.183936 0.024141 0.024017
0 0.148424 0.586756 0.026873 0.026783
0 0.266637 0.553191 0.051816 0.052832
0 0.167929 0.717841 0.023878 0.023997
0 0.526502 0.702541 0.028453 0.028666
0 0.236745 0.734412 0.043437 0.043407
0 0.115821 0.176138 0.041871 0.042895
0 0.326800 0.918850 0.048356 0.047600
0 0.744751 0.420099 0.019863 0.020057
0 0.042931 0.776531 0.019455 0.019477
0 0.446342 0.746162 0.023776 0.023377
0 0.161282 0.496387 0.032783 0.034168
0 0.240456 0.270444 0.046770 0.046408
0 0.338230 0.684856 0.019563 0.019333
0 0.653883 0.761007 0.036485 0.036333
0 0.143134 0.466436 0.023500 0.023505
0 0.916892 0.087171 0.045861 0.045456
0 0.073409 0.892694 0.027801 0.027780
0 0.686748 0.714199 0.044536 0.043230
0 0.592465 0.963376 0.026285 0.025735
0 0.139536 0.159778 0.035187 0.039036
0 0.274470 0.064160 0.018828 0.018748
0 0.786940 0.788345 0.019994 0.019926
0 0.812372 0.988124 0.024181 0.021683
0 0.284533 0.682265 0.067848 0.069490
0 0.114459 0.611818 0.023178 0.023665
0 0.875879 0.986505 0.018922 0.019543
0 0.672698 0.740691 0.044842 0.043908
0 0.326073 0.889288 0.034735 0.035560
0 0.216560 0.118319 0.085498 0.086079
0 0.148539 0.981386 0.087927 0.037228
0 0.300106 0.793751 0.029303 0.029672
0 0.154095 0.047961 0.060032 0.060632
