0 0.898395 0.175064 0.198340 0.160678
0 0.752623 0.101808 0.217243 0.179494
0 0.486001 0.606764 0.069853 0.052371
0 0.083635 0.715105 0.121765 0.095526
0 0.236079 0.652531 0.077556 0.059535
0 0.615746 0.492894 0.036839 0.029789
0 0.191742 0.676772 0.076174 0.059330
0 0.387573 0.947888 0.043745 0.031044
0 0.537069 0.053112 0.116689 0.093116
0 0.564182 0.495363 0.038685 0.028758
0 0.806132 0.029954 0.046684 0.042635
0 0.364157 0.356878 0.036363 0.027257
0 0.906605 0.888042 0.037769 0.027645
0 0.444421 0.094802 0.121037 0.103925
0 0.447382 0.680711 0.033285 0.025292
0 0.339327 0.962354 0.036245 0.030431
0 0.007513 0.092004 0.015027 0.036465
0 0.906574 0.256742 0.062522 0.049966
