0 0.507301 0.363334 0.289252 0.285736
0 0.191122 0.183506 0.040262 0.039850
0 0.657410 0.966415 0.058698 0.058024
0 0.493623 0.849129 0.041231 0.040685
0 0.870686 0.861713 0.028854 0.029391
0 0.346218 0.314242 0.031577 0.032124
0 0.603764 0.712915 0.025460 0.025363
0 0.663953 0.725880 0.038075 0.038237
0 0.059448 0.861418 0.045135 0.045204
0 0.571075 0.100160 0.028942 0.028920
0 0.409643 0.701916 0.034590 0.034765
0 0.831954 0.578472 0.071826 0.071950
0 0.725790 0.607847 0.058460 0.058460
0 0.918656 0.549925 0.058821 0.059001
0 0.798897 0.283879 0.050795 0.051192
0 0.950610 0.200444 0.050541 0.049951
0 0.291651 0.297298 0.076169 0.075207
0 0.853723 0.374194 0.052453 0.052623
0 0.892324 0.302167 0.033430 0.033541
0 0.646206 0.665817 0.037562 0.037359
0 0.890226 0.167441 0.026439 0.026782
0 0.761119 0.822364 0.031047 0.030584
0 0.787621 0.534937 0.043020 0.042967
0 0.658400 0.837673 0.034536 0.034789
0 0.954397 0.481852 0.037713 0.037959
0 0.554825 0.858256 0.023389 0.024001
0 0.022372 0.174609 0.022604 0.022794
0 0.978535 0.302301 0.038012 0.038300
0 0.781017 0.092698 0.023681 0.023997
0 0.574930 0.770901 0.026474 0.026681
0 0.911140 0.279580 0.024098 0.024033
0 0.029537 0.498454 0.029656 0.029133
0 0.207475 0.735226 0.026101 0.027099
0 0.488739 0.916444 0.023954 0.024070
0 0.695994 0.943352 0.022414 0.022328
0 0.199561 0.656758 0.021562 0.021799
0 0.089594 0.991680 0.023646 0.016640
0 0.150521 0.955216 0.019378 0.019505
0 0.652363 0.867838 0.026672 0.025922
0 0.800653 0.804139 0.021573 0.021550
0 0.787843 0.882500 0.029309 0.029486
0 0.978759 0.236851 0.033397 0.033147
0 0.358350 0.173682 0.021755 0.022051
0 0.602343 0.040827 0.021724 0.021887
0 0.822765 0.452755 0.025327 0.025068
0 0.751196 0.054756 0.021980 0.021727
0 0.319182 0.191801 0.020936 0.020984
0 0.037733 0.454895 0.022534 0.022603
0 0.502455 0.040560 0.023563 0.023189
0 0.155278 0.039012 0.019820 0.019985
0 0.946245 0.236082 0.029246 0.029724
0 0.878836 0.893041 0.035064 0.035195
0 0.936304 0.893217 0.020020 0.020157
0 0.730500 0.137975 0.071306 0.073394
0 0.835409 0.626612 0.026285 0.025766
0 0.341454 0.833522 0.022429 0.022757
0 0.883562 0.596101 0.027901 0.028554
0 0.859180 0.437245 0.054045 0.053439
0 0.984841 0.260558 0.025988 0.024919
0 0.889366 0.479205 0.084127 0.084311
0 0.207275 0.139433 0.033644 0.033591
0 0.915563 0.178482 0.030564 0.031339
0 0.772835 0.058334 0.020058 0.019931
0 0.014033 0.281503 0.028065 0.088546
0 0.031253 0.018037 0.038220 0.035508
0 0.928745 0.442844 0.024767 0.025083
0 0.501818 0.878606 0.021918 0.021634
0 0.279007 0.914005 0.019647 0.019828
0 0.737941 0.814680 0.021655 0.021918
0 0.671862 0.812970 0.022815 0.023233
0 0.504948 0.975028 0.019102 0.019393
0 0.357723 0.355287 0.027492 0.027346
0 0.770947 0.859244 0.021120 0.020930
0 0.311913 0.914310 0.019890 0.020099
0 0.644023 0.909023 0.019112 0.019134
0 0.134086 0.412143 0.088392 0.089124
0 0.812166 0.753550 0.024425 0.024385
0 0.100131 0.706698 0.021737 0.021749
0 0.630351 0.846116 0.022411 0.022163
0 0.348553 0.555156 0.021858 0.021930
0 0.356716 0.119394 0.020043 0.020514
0 0.242327 0.992766 0.018244 0.014468
0 0.896611 0.511402 0.025134 0.023953
0 0.388249 0.649604 0.018930 0.019008
0 0.265023 0.306151 0.024987 0.029696
0 0.895161 0.427324 0.019860 0.019919
0 0.508882 0.731660 0.021015 0.021409
