0 0.597028 0.170215 0.160067 0.163139
0 0.163888 0.509983 0.182816 0.182724
0 0.829958 0.722277 0.047633 0.048073
0 0.702886 0.335123 0.172703 0.173754
0 0.286020 0.546680 0.068454 0.068986
0 0.915336 0.794555 0.081148 0.079553
0 0.330353 0.226034 0.137313 0.134408
0 0.029357 0.911409 0.029672 0.029863
0 0.147261 0.014361 0.029346 0.028337
0 0.290960 0.343107 0.022524 0.022484
0 0.864220 0.232298 0.024909 0.024817
0 0.873378 0.138697 0.042227 0.042736
0 0.679030 0.463968 0.030242 0.029999
0 0.108326 0.827316 0.024085 0.024001
0 0.048267 0.044305 0.078668 0.077560
0 0.415850 0.275873 0.051215 0.050752
0 0.795676 0.623338 0.049491 0.049212
0 0.417183 0.141937 0.024425 0.024524
0 0.847858 0.671775 0.021113 0.020785
0 0.080324 0.783394 0.020077 0.020338
0 0.896818 0.206520 0.028459 0.028116
0 0.445718 0.134544 0.027438 0.026900
0 0.316340 0.096402 0.022499 0.022478
0 0.025506 0.189374 0.021464 0.020932
0 0.541421 0.506244 0.037549 0.036995
0 0.278968 0.499897 0.038585 0.039201
0 0.930934 0.350001 0.086307 0.086536
0 0.697042 0.010751 0.033727 0.021501
0 0.882789 0.681047 0.021037 0.021434
0 0.051398 0.946078 0.033309 0.032708
0 0.599850 0.025112 0.024218 0.024325
0 0.170692 0.087231 0.021525 0.021139
0 0.516425 0.459145 0.026704 0.027712
0 0.855804 0.314985 0.074158 0.072502
0 0.319397 0.047013 0.123074 0.094027
0 0.859900 0.164703 0.041970 0.042069
0 0.015148 0.241720 0.030296 0.039736
0 0.547420 0.459427 0.035363 0.034821
0 0.747558 0.058654 0.034546 0.034091
0 0.846962 0.022960 0.025672 0.025495
0 0.847016 0.387087 0.078050 0.077087
0 0.784015 0.096391 0.063307 0.063846
0 0.151352 0.142208 0.235937 0.232510
0 0.238366 0.936537 0.036451 0.036776
0 0.131235 0.792904 0.030942 0.029718
0 0.819371 0.071398 0.038556 0.039056
0 0.962624 0.612360 0.074751 0.100619
0 0.527154 0.552635 0.035163 0.034922
0 0.913800 0.704056 0.020699 0.020641
0 0.502133 0.514962 0.048182 0.047882
0 0.695418 0.254463 0.120239 0.118058
0 0.669951 0.585361 0.089092 0.088241
0 0.016193 0.324486 0.020068 0.019631
0 0.015073 0.758956 0.030146 0.053329
0 0.030938 0.533130 0.039759 0.039744
0 0.360493 0.027770 0.053771 0.052762
0 0.892103 0.890933 0.054684 0.054577
0 0.476935 0.452161 0.048182 0.049611
0 0.226625 0.855625 0.074573 0.073175
0 0.646056 0.031361 0.079524 0.062722
0 0.579919 0.557485 0.055050 0.055378
0 0.680676 0.484156 0.021017 0.020708
0 0.383594 0.158052 0.046951 0.046959
0 0.046528 0.007741 0.053017 0.015480
0 0.927615 0.415864 0.019722 0.019861
0 0.389254 0.088027 0.077407 0.076726
0 0.031058 0.882694 0.027760 0.027383
0 0.479475 0.284338 0.019309 0.019393
0 0.139508 0.624684 0.022317 0.022339
0 0.050279 0.548448 0.048769 0.048658
0 0.359405 0.414732 0.042788 0.042436
0 0.464750 0.884022 0.051179 0.051229
0 0.572677 0.571108 0.057948 0.054690
0 0.974268 0.321065 0.040229 0.040744
0 0.205877 0.921125 0.299237 0.157679
0 0.494989 0.011743 0.053178 0.023486
0 0.858777 0.863555 0.131545 0.136015
0 0.993583 0.678853 0.011691 0.059695
0 0.585874 0.301756 0.018516 0.018533
