0 0.192630 0.630465 0.186374 0.165354
0 0.324046 0.969555 0.043786 0.039451
0 0.532042 0.049404 0.045589 0.039141
0 0.708867 0.610932 0.040255 0.038287
0 0.534979 0.844311 0.036790 0.034954
0 0.909694 0.137594 0.031027 0.028150
0 0.494388 0.814232 0.043751 0.041472
0 0.825292 0.594683 0.028663 0.028566
0 0.518711 0.247406 0.033274 0.029309
0 0.168241 0.122433 0.032893 0.030534
0 0.832836 0.901146 0.026158 0.026046
0 0.756558 0.737664 0.043970 0.040067
0 0.266234 0.590571 0.047044 0.041635
0 0.866529 0.984376 0.031371 0.028898
0 0.041495 0.538303 0.032493 0.029900
0 0.483811 0.576797 0.040004 0.037502
0 0.711852 0.555569 0.046725 0.043634
0 0.681836 0.497154 0.033735 0.032162
0 0.180977 0.723682 0.036230 0.030438
0 0.456558 0.925610 0.066608 0.059241
0 0.428326 0.274411 0.038154 0.035622
0 0.937351 0.364958 0.025327 0.025019
0 0.988576 0.748284 0.022848 0.026868
0 0.126904 0.900146 0.217256 0.176943
