0 0.077031 0.505829 0.051345 0.049453
0 0.245352 0.730615 0.068037 0.066004
0 0.812008 0.554402 0.043983 0.043021
0 0.941314 0.576518 0.040947 0.040546
0 0.541394 0.623800 0.056039 0.054267
0 0.100382 0.117559 0.039051 0.036998
0 0.447576 0.417309 0.031196 0.030366
0 0.391230 0.352963 0.032423 0.032190
0 0.023764 0.241801 0.046735 0.049531
0 0.078171 0.018041 0.045993 0.036083
0 0.582791 0.600809 0.034680 0.034082
0 0.899803 0.614276 0.028518 0.028541
0 0.334914 0.249657 0.064537 0.062977
0 0.887557 0.264561 0.024222 0.024184
0 0.343720 0.395992 0.032433 0.031346
