0 0.807372 0.662566 0.042782 0.042635
0 0.922053 0.011827 0.033926 0.023654
0 0.936549 0.357542 0.035161 0.035154
0 0.657119 0.320068 0.036379 0.035750
0 0.804851 0.841050 0.047618 0.047582
0 0.746744 0.498330 0.034593 0.034078
0 0.747116 0.598151 0.033596 0.033298
0 0.534505 0.387923 0.032127 0.031569
0 0.134462 0.261616 0.056639 0.058090
0 0.722736 0.866630 0.033438 0.033741
0 0.106443 0.248588 0.051712 0.053210
0 0.973149 0.224343 0.031822 0.032281
0 0.018027 0.526266 0.035842 0.056379
0 0.434198 0.012544 0.034507 0.024981
0 0.935912 0.060064 0.029841 0.028961
0 0.471666 0.562861 0.028357 0.028671
0 0.144339 0.956431 0.041215 0.040773
0 0.614380 0.160322 0.030151 0.029519
0 0.769917 0.782934 0.037327 0.037064
0 0.072341 0.959137 0.036484 0.036365
0 0.073445 0.034766 0.043378 0.041883
0 0.923022 0.720485 0.043903 0.043264
0 0.800596 0.748713 0.025973 0.025756
0 0.483583 0.796091 0.028833 0.028848
0 0.293776 0.797167 0.023507 0.024054
0 0.682249 0.651255 0.025889 0.024994
0 0.671429 0.187945 0.026461 0.026019
0 0.703487 0.751441 0.030300 0.029937
0 0.357241 0.383512 0.028403 0.028556
0 0.155979 0.529954 0.028560 0.028374
0 0.470789 0.500317 0.028772 0.028850
0 0.277481 0.621259 0.038512 0.038413
0 0.480226 0.532250 0.023027 0.023013
0 0.462336 0.475086 0.027723 0.027346
0 0.460769 0.092754 0.032138 0.034047
0 0.050334 0.430110 0.025295 0.025507
0 0.791845 0.122671 0.030764 0.030513
0 0.945927 0.453689 0.022705 0.022887
0 0.345843 0.956637 0.023007 0.022969
0 0.072529 0.988889 0.045318 0.022223
0 0.881081 0.440414 0.025140 0.024828
0 0.441077 0.364970 0.027286 0.027122
0 0.914216 0.106013 0.070660 0.065756
