0 0.295263 0.532332 0.024027 0.024032
0 0.364307 0.601158 0.024079 0.024171
0 0.770278 0.362911 0.100252 0.101072
0 0.475996 0.649611 0.030078 0.030400
0 0.746418 0.952247 0.024244 0.024578
0 0.547904 0.387106 0.019977 0.020350
0 0.033585 0.539464 0.026961 0.026406
0 0.591091 0.071811 0.022690 0.022419
0 0.310079 0.879212 0.029930 0.030749
0 0.681275 0.959271 0.026214 0.026721
0 0.848789 0.953520 0.023196 0.023441
0 0.730682 0.530274 0.046303 0.045932
0 0.885470 0.893933 0.047961 0.048945
0 0.526051 0.937615 0.041842 0.042405
0 0.038514 0.915841 0.076797 0.079868
0 0.042963 0.516327 0.021755 0.021820
0 0.734724 0.077738 0.026413 0.025970
0 0.735201 0.696421 0.023430 0.022771
0 0.419679 0.530579 0.028269 0.028797
0 0.533092 0.855708 0.069666 0.071353
0 0.215476 0.214252 0.023756 0.023938
0 0.078550 0.277894 0.032169 0.032243
0 0.585254 0.232341 0.052747 0.052782
0 0.797914 0.515562 0.064697 0.064998
0 0.160830 0.436937 0.023323 0.023282
0 0.622463 0.116366 0.035246 0.034439
0 0.052727 0.396177 0.023711 0.023945
0 0.235221 0.254641 0.027927 0.027391
0 0.684795 0.613273 0.044819 0.044751
0 0.337567 0.197284 0.039165 0.038604
0 0.851027 0.751561 0.039019 0.039050
0 0.868900 0.315981 0.048913 0.049907
0 0.691914 0.718620 0.031211 0.030943
0 0.775364 0.094061 0.049336 0.049467
0 0.237638 0.285769 0.041849 0.043320
0 0.825607 0.164355 0.026219 0.026363
0 0.549646 0.096693 0.037877 0.037807
0 0.804479 0.189538 0.028802 0.028442
0 0.093535 0.054869 0.030462 0.030520
0 0.792931 0.861975 0.019205 0.019336
0 0.486800 0.793340 0.075073 0.075991
0 0.494454 0.701507 0.020342 0.020214
0 0.460391 0.485215 0.024762 0.024619
0 0.365539 0.178828 0.030576 0.030920
0 0.095197 0.334143 0.047706 0.047848
0 0.448724 0.466547 0.022689 0.022681
0 0.180218 0.790915 0.033832 0.033829
0 0.052367 0.173282 0.032603 0.032305
0 0.421171 0.328889 0.023721 0.023786
0 0.345474 0.441749 0.035583 0.035814
0 0.968603 0.910847 0.023324 0.023348
0 0.642623 0.428367 0.037999 0.037737
0 0.921132 0.473000 0.019425 0.019247
0 0.662301 0.136190 0.020608 0.020721
0 0.546077 0.577754 0.027125 0.027225
0 0.864314 0.373373 0.059836 0.059161
0 0.343102 0.910551 0.026942 0.027645
0 0.765112 0.041203 0.019838 0.019747
0 0.682116 0.433887 0.034924 0.034608
0 0.819320 0.437186 0.030268 0.029795
0 0.561323 0.120776 0.026284 0.026035
0 0.154185 0.502134 0.026386 0.026706
0 0.823583 0.313167 0.036577 0.036731
0 0.262356 0.024849 0.019921 0.020060
0 0.811874 0.242480 0.023293 0.023450
0 0.736004 0.727736 0.032497 0.033382
0 0.198555 0.938525 0.024944 0.024834
0 0.719439 0.659162 0.031311 0.031938
0 0.317273 0.023973 0.024489 0.024816
0 0.078567 0.084957 0.021532 0.021532
0 0.685386 0.662434 0.035353 0.034739
0 0.660972 0.688502 0.030225 0.030480
0 0.775748 0.897239 0.019356 0.019403
0 0.296687 0.979398 0.024686 0.025170
0 0.743746 0.634465 0.021677 0.021823
0 0.008156 0.951992 0.015891 0.034727
0 0.465691 0.219290 0.023453 0.023436
0 0.890985 0.782669 0.018177 0.018529
0 0.554647 0.538399 0.025765 0.025797
0 0.902957 0.200886 0.030669 0.029886
0 0.280757 0.230570 0.023767 0.023525
0 0.318137 0.088590 0.022103 0.022515
0 0.016776 0.617784 0.032803 0.042548
0 0.713963 0.493966 0.022117 0.022553
0 0.010735 0.582237 0.017306 0.017424
0 0.517942 0.680214 0.036207 0.037343
0 0.363483 0.855306 0.024940 0.025909
0 0.333081 0.868799 0.019231 0.018936
0 0.610841 0.734540 0.023767 0.024048
0 0.385057 0.015227 0.020938 0.021012
0 0.282497 0.102839 0.018415 0.018584
0 0.232378 0.335017 0.032034 0.031929
0 0.095322 0.566917 0.020178 0.020270
0 0.519370 0.369987 0.017420 0.017415
0 0.587642 0.656079 0.017105 0.017076
0 0.825335 0.199946 0.019679 0.019573
0 0.331770 0.409828 0.017914 0.017710
0 0.588185 0.156665 0.065897 0.066339
0 0.338635 0.079326 0.019992 0.019729
0 0.507748 0.980757 0.043906 0.038176
0 0.148426 0.020525 0.018691 0.019047
0 0.005916 0.641595 0.011832 0.024803
0 0.355078 0.982374 0.038784 0.033201
0 0.385911 0.938160 0.017429 0.017362
0 0.366936 0.418202 0.024098 0.023554
0 0.447987 0.410826 0.029993 0.030523
0 0.442780 0.444542 0.018640 0.018666
0 0.530077 0.594098 0.022643 0.023006
0 0.384077 0.858293 0.019476 0.020523
0 0.936655 0.618932 0.057944 0.057240
0 0.867840 0.944837 0.019297 0.018501
0 0.154832 0.985189 0.027564 0.026663
0 0.772385 0.478135 0.022988 0.022339
0 0.674746 0.032617 0.018281 0.018533
0 0.290771 0.250435 0.024465 0.024875
0 0.194129 0.848522 0.017230 0.017060
0 0.333922 0.071902 0.019993 0.019850
0 0.839486 0.246506 0.017668 0.017638
0 0.464373 0.170594 0.018141 0.017698
0 0.977078 0.011838 0.025683 0.023218
0 0.473778 0.520428 0.017980 0.018034
0 0.584909 0.817973 0.021964 0.021987
0 0.449110 0.504722 0.020376 0.020594
0 0.668050 0.787668 0.023828 0.024107
0 0.918173 0.368995 0.023766 0.024264
0 0.786438 0.448523 0.018091 0.018079
0 0.215593 0.973787 0.073753 0.052426
0 0.797031 0.966324 0.015875 0.015650
0 0.286655 0.233243 0.034599 0.036049
