0 0.495258 0.802925 0.113513 0.097272
0 0.244806 0.262139 0.071231 0.058844
0 0.756628 0.966074 0.085716 0.065156
0 0.706010 0.420331 0.115663 0.100947
0 0.709305 0.657654 0.049563 0.042881
0 0.177764 0.934666 0.158133 0.123238
0 0.396242 0.955539 0.123574 0.088788
0 0.674190 0.737989 0.193177 0.149414
0 0.881784 0.873505 0.066261 0.057582
0 0.759284 0.107140 0.034077 0.029047
0 0.506789 0.303656 0.026246 0.025411
0 0.071398 0.832115 0.142797 0.181416
0 0.794028 0.553353 0.060487 0.047749
0 0.419461 0.361106 0.028599 0.026120
0 0.595531 0.986905 0.038889 0.025378
0 0.668509 0.936240 0.037739 0.034572
0 0.350018 0.479138 0.027961 0.024575
0 0.346091 0.190962 0.069513 0.056188
0 0.268947 0.899087 0.045466 0.033928
0 0.395768 0.798225 0.062124 0.051030
0 0.898806 0.946494 0.074119 0.060522
0 0.619758 0.945474 0.025053 0.023000
0 0.261510 0.176350 0.032695 0.028679
0 0.319509 0.891866 0.039096 0.030903
0 0.802058 0.273673 0.024730 0.022092
0 0.832343 0.962982 0.059308 0.053133
0 0.903455 0.974254 0.084733 0.051348
0 0.395823 0.464468 0.024198 0.022015
0 0.563144 0.831163 0.027992 0.024643
0 0.701333 0.286262 0.023455 0.021840
0 0.981493 0.249903 0.023981 0.022873
0 0.491924 0.985433 0.035440 0.028037
0 0.463759 0.679926 0.074767 0.066205
0 0.241327 0.616078 0.027527 0.026635
0 0.864352 0.824424 0.049208 0.042504
0 0.498770 0.489726 0.019137 0.018732
