0 0.053331 0.585008 0.030947 0.031118
0 0.849492 0.584742 0.086025 0.085306
0 0.555571 0.545328 0.028153 0.028420
0 0.412211 0.090454 0.036697 0.037173
0 0.304119 0.081413 0.029053 0.028993
0 0.644160 0.010089 0.028858 0.020029
0 0.803263 0.933366 0.043032 0.042821
0 0.298343 0.514695 0.033868 0.033514
0 0.140948 0.780576 0.051666 0.051761
0 0.029479 0.199286 0.054629 0.054385
0 0.417199 0.422206 0.036663 0.036433
0 0.942587 0.325374 0.042515 0.042785
0 0.216283 0.258236 0.037127 0.036795
0 0.229626 0.658297 0.026122 0.026409
0 0.348731 0.124092 0.063805 0.064071
0 0.465059 0.177570 0.048226 0.047804
0 0.487116 0.607200 0.024661 0.024737
0 0.201501 0.571553 0.025448 0.025604
0 0.281933 0.676574 0.028592 0.028186
0 0.192072 0.647124 0.024208 0.024432
0 0.226198 0.784887 0.029527 0.029695
0 0.603203 0.043864 0.025110 0.024841
0 0.376759 0.843421 0.031024 0.031198
0 0.244153 0.594381 0.022439 0.022831
0 0.029917 0.420494 0.022937 0.023135
0 0.167813 0.516983 0.023665 0.023945
0 0.240858 0.695280 0.022369 0.022646
0 0.481661 0.818260 0.032297 0.031734
0 0.763375 0.252635 0.030190 0.029742
0 0.073378 0.798713 0.042215 0.041478
0 0.206801 0.884411 0.030948 0.030686
0 0.559924 0.034006 0.025047 0.025937
0 0.127909 0.553174 0.023524 0.023906
0 0.426389 0.805625 0.033422 0.032956
0 0.749843 0.132542 0.024636 0.024920
0 0.869456 0.019724 0.028711 0.029491
0 0.020541 0.706839 0.024839 0.025136
0 0.392054 0.403735 0.027028 0.027335
0 0.051787 0.762502 0.023973 0.023785
0 0.796237 0.057528 0.022707 0.022853
0 0.141777 0.665985 0.021295 0.021266
0 0.395126 0.275033 0.029608 0.029493
0 0.151318 0.687884 0.024339 0.023661
0 0.183159 0.220660 0.025845 0.025806
0 0.130877 0.610739 0.021451 0.021203
0 0.151380 0.861204 0.030440 0.031417
0 0.955657 0.152605 0.023778 0.024117
0 0.021071 0.249941 0.035591 0.036274
0 0.221362 0.405077 0.021131 0.021437
0 0.544652 0.960962 0.023731 0.024049
0 0.235074 0.367561 0.020973 0.021286
0 0.393262 0.674623 0.021459 0.022138
0 0.135543 0.709204 0.024365 0.025161
0 0.547313 0.266292 0.061041 0.060887
0 0.210971 0.457427 0.020870 0.020938
0 0.660170 0.211597 0.031390 0.030959
0 0.114325 0.685894 0.021693 0.021400
0 0.076545 0.773392 0.024193 0.024290
0 0.151234 0.907580 0.025825 0.026072
0 0.492841 0.939499 0.023951 0.024154
0 0.066717 0.307088 0.024048 0.023912
0 0.105117 0.608223 0.020449 0.020728
0 0.977611 0.212842 0.023132 0.022609
0 0.029139 0.543868 0.020359 0.020430
0 0.934797 0.698403 0.024400 0.024254
0 0.010851 0.432752 0.020294 0.020641
0 0.525500 0.648629 0.021089 0.021227
0 0.842028 0.042673 0.021565 0.021640
0 0.212960 0.746296 0.020469 0.020441
0 0.109670 0.807023 0.028016 0.027897
0 0.573424 0.190165 0.022518 0.022531
0 0.158047 0.930990 0.040288 0.037799
0 0.650059 0.964197 0.023077 0.022742
0 0.590433 0.398209 0.026973 0.027571
0 0.555140 0.221451 0.052725 0.053560
0 0.972539 0.026468 0.020714 0.020617
0 0.013912 0.104658 0.027422 0.039332
0 0.288639 0.871062 0.028125 0.028091
0 0.261291 0.449698 0.019781 0.020060
0 0.322935 0.271470 0.035648 0.036093
0 0.204056 0.018447 0.042515 0.036893
0 0.037562 0.497887 0.019250 0.018787
0 0.447638 0.521795 0.020243 0.020631
0 0.044172 0.316100 0.020931 0.020520
0 0.093409 0.006899 0.043171 0.013672
0 0.336846 0.373270 0.018742 0.018845
0 0.295000 0.563775 0.019538 0.019669
0 0.284364 0.258819 0.042663 0.042832
0 0.078391 0.686457 0.018943 0.019381
0 0.370515 0.207471 0.035852 0.035461
0 0.035846 0.776907 0.019532 0.019822
0 0.167804 0.194474 0.025826 0.025737
0 0.649917 0.917164 0.020312 0.020458
0 0.099685 0.729472 0.020620 0.020446
0 0.368092 0.779081 0.022577 0.022493
0 0.056483 0.691586 0.019897 0.019676
0 0.509625 0.358632 0.019192 0.019162
0 0.833572 0.021748 0.021835 0.021830
0 0.435304 0.680659 0.019640 0.019799
0 0.237584 0.503701 0.022804 0.022724
0 0.784624 0.189590 0.020080 0.019719
0 0.301647 0.015004 0.039240 0.030008
0 0.292370 0.865254 0.024396 0.022988
0 0.050015 0.956752 0.023696 0.023857
0 0.985160 0.338046 0.018549 0.018178
