0 0.451441 0.143329 0.032018 0.032364
0 0.683731 0.185825 0.030828 0.030975
0 0.194639 0.492535 0.032098 0.032670
0 0.777443 0.957779 0.035734 0.035910
0 0.783864 0.089508 0.027923 0.027965
0 0.298567 0.069845 0.037010 0.036527
0 0.432082 0.915026 0.178616 0.165038
0 0.219308 0.395522 0.038131 0.038080
0 0.046466 0.226145 0.064553 0.063782
0 0.104075 0.962561 0.030635 0.030071
0 0.400808 0.041034 0.030139 0.029762
0 0.717089 0.416809 0.022178 0.022310
0 0.374863 0.620481 0.025621 0.025983
0 0.106581 0.468641 0.021371 0.021551
0 0.399863 0.699914 0.073458 0.073209
0 0.211200 0.913278 0.026030 0.026357
0 0.882723 0.854728 0.035290 0.035560
0 0.076743 0.054646 0.022611 0.022777
0 0.962104 0.635933 0.032692 0.032239
0 0.340444 0.714677 0.042326 0.042851
