0 0.756851 0.542186 0.022838 0.022489
0 0.024326 0.761451 0.028342 0.027848
0 0.258116 0.752254 0.036528 0.037143
0 0.460696 0.551536 0.028752 0.028678
0 0.125075 0.502387 0.133775 0.131570
0 0.748513 0.392038 0.082194 0.080748
0 0.761186 0.064778 0.041301 0.041197
0 0.635803 0.376749 0.032485 0.032528
0 0.244296 0.701871 0.038721 0.037974
0 0.292845 0.469865 0.126865 0.129016
0 0.452623 0.179605 0.055860 0.055198
0 0.613352 0.032858 0.023904 0.023929
0 0.173789 0.241040 0.032798 0.033113
0 0.232747 0.240164 0.032348 0.032409
0 0.242134 0.637334 0.118048 0.114533
0 0.820125 0.227339 0.036011 0.036198
0 0.140400 0.730870 0.022697 0.023151
0 0.344707 0.140857 0.037753 0.037048
0 0.429806 0.904109 0.027381 0.027105
0 0.847752 0.617789 0.037065 0.037211
0 0.198667 0.408061 0.064583 0.064923
0 0.380057 0.704318 0.023114 0.022966
0 0.331085 0.306355 0.024446 0.023976
0 0.938440 0.556613 0.031604 0.032405
0 0.809346 0.837405 0.021265 0.021290
0 0.305315 0.866488 0.050244 0.049720
0 0.068946 0.131132 0.037818 0.037980
0 0.964311 0.502137 0.049302 0.050060
0 0.943824 0.173580 0.029683 0.029038
0 0.037331 0.713353 0.020370 0.020441
0 0.653983 0.832038 0.021208 0.020594
0 0.478890 0.240148 0.021327 0.021327
0 0.489737 0.083740 0.077293 0.076614
0 0.338566 0.524181 0.118116 0.120402
0 0.204115 0.167569 0.021847 0.022030
0 0.442451 0.006797 0.029393 0.013429
0 0.248929 0.378911 0.066238 0.065857
0 0.345155 0.111129 0.029820 0.031477
0 0.655826 0.297368 0.042452 0.042697
0 0.204910 0.696178 0.030631 0.031075
0 0.960721 0.018256 0.076636 0.036391
0 0.283637 0.342660 0.063538 0.063650
0 0.150772 0.844843 0.036794 0.036891
0 0.950594 0.089077 0.098811 0.176167
0 0.091680 0.410223 0.047231 0.046857
0 0.965030 0.458593 0.069940 0.077378
0 0.897170 0.926166 0.029035 0.029164
0 0.822527 0.519551 0.066667 0.066591
0 0.308725 0.051095 0.019550 0.019633
0 0.364506 0.018603 0.033628 0.032970
0 0.850984 0.994049 0.043451 0.011776
0 0.556899 0.470625 0.261918 0.259514
0 0.731391 0.269957 0.021773 0.022041
0 0.537457 0.487691 0.018227 0.018620
0 0.100239 0.875970 0.023383 0.023308
0 0.956440 0.790097 0.085435 0.123376
0 0.901482 0.138409 0.030518 0.030511
0 0.031974 0.008895 0.021216 0.017790
0 0.721313 0.658484 0.019701 0.019868
0 0.480445 0.355776 0.022591 0.022284
0 0.864820 0.133247 0.027426 0.027432
0 0.010018 0.788782 0.019801 0.046852
0 0.401831 0.748602 0.089532 0.089715
0 0.151649 0.767747 0.173874 0.181271
0 0.098822 0.865414 0.022845 0.021483
0 0.054337 0.747170 0.018797 0.018876
