0 0.929765 0.390334 0.140470 0.147532
0 0.378956 0.043701 0.079179 0.075131
0 0.612803 0.237255 0.037847 0.036911
0 0.697366 0.071801 0.027249 0.027343
0 0.432496 0.113120 0.044184 0.043427
0 0.778337 0.445566 0.028307 0.027092
0 0.167316 0.087912 0.030223 0.030132
0 0.155002 0.199401 0.040904 0.040312
0 0.646165 0.015245 0.031575 0.029443
0 0.048477 0.801605 0.028954 0.028582
0 0.119746 0.060867 0.030192 0.029876
0 0.934370 0.063732 0.026753 0.026522
0 0.272850 0.469053 0.027235 0.026788
0 0.589767 0.078417 0.034671 0.032688
0 0.613059 0.033799 0.038222 0.037134
0 0.153630 0.557510 0.029303 0.028893
0 0.850434 0.098332 0.026427 0.025986
0 0.369506 0.107209 0.038450 0.038162
0 0.447417 0.205866 0.040378 0.038433
0 0.787858 0.329264 0.033484 0.033151
0 0.248551 0.817320 0.033181 0.032033
0 0.894623 0.031722 0.025843 0.025691
0 0.020675 0.814849 0.037354 0.036085
0 0.420321 0.155542 0.025231 0.024805
0 0.029127 0.228793 0.058184 0.120838
0 0.664927 0.972195 0.151698 0.054567
0 0.243422 0.607625 0.023333 0.023054
0 0.578311 0.012488 0.032432 0.024976
0 0.603068 0.412748 0.022694 0.022751
0 0.177858 0.596419 0.035534 0.033487
0 0.062523 0.085332 0.025606 0.025406
0 0.080957 0.402589 0.021334 0.020975
0 0.242829 0.059611 0.020932 0.020953
0 0.842055 0.371820 0.025153 0.025017
0 0.605712 0.946161 0.022656 0.021749
0 0.111000 0.668079 0.022989 0.022314
0 0.227455 0.972956 0.021327 0.020557
0 0.968955 0.008853 0.030642 0.017294
0 0.022562 0.737531 0.044934 0.049060
