0 0.915373 0.111409 0.032257 0.032669
0 0.514496 0.848340 0.106242 0.107733
0 0.475604 0.667154 0.042664 0.043047
0 0.274681 0.609772 0.051527 0.051261
0 0.815945 0.638069 0.031212 0.030859
0 0.881670 0.699136 0.033640 0.033205
0 0.788801 0.672142 0.035557 0.035497
0 0.156728 0.703540 0.045638 0.046527
0 0.040222 0.257768 0.040266 0.039626
0 0.871371 0.766844 0.025420 0.024911
0 0.193788 0.042676 0.024981 0.024500
0 0.760825 0.908994 0.055113 0.054514
0 0.264874 0.946857 0.033209 0.032950
0 0.535074 0.744791 0.053972 0.054169
0 0.033027 0.754024 0.031772 0.031499
0 0.107830 0.566358 0.032027 0.032323
0 0.880366 0.613792 0.031989 0.032064
0 0.027863 0.144095 0.025873 0.025183
0 0.049284 0.451938 0.051234 0.051783
0 0.051578 0.411632 0.032349 0.032420
0 0.043904 0.070220 0.024924 0.024306
0 0.008452 0.158262 0.016904 0.026399
0 0.088801 0.475705 0.031686 0.032051
0 0.019078 0.418398 0.038156 0.045695
0 0.433702 0.867042 0.072182 0.072752
0 0.679941 0.828472 0.042315 0.043060
0 0.043429 0.119147 0.028273 0.027688
0 0.703141 0.963563 0.028115 0.028474
0 0.833245 0.761389 0.026709 0.026659
0 0.385534 0.917926 0.049637 0.049979
0 0.362968 0.968960 0.029054 0.028525
0 0.847720 0.021620 0.071498 0.043241
0 0.897366 0.751107 0.030968 0.031161
0 0.010314 0.619368 0.020629 0.029537
0 0.262150 0.290274 0.024676 0.025041
0 0.749203 0.949484 0.027724 0.027721
0 0.016272 0.892300 0.026572 0.025907
0 0.032545 0.372398 0.025807 0.026041
0 0.524076 0.691790 0.058901 0.059418
0 0.972628 0.043209 0.026290 0.026177
0 0.795897 0.976127 0.052313 0.046371
0 0.145461 0.161010 0.029556 0.029074
0 0.412311 0.557061 0.021738 0.021858
0 0.252351 0.329802 0.203738 0.205352
0 0.680016 0.413959 0.019867 0.019548
0 0.395578 0.498305 0.170451 0.170526
0 0.421022 0.989358 0.027056 0.021285
0 0.733238 0.865257 0.041182 0.040989
0 0.922398 0.735113 0.019913 0.021030
