0 0.444347 0.646621 0.026677 0.027288
0 0.523800 0.763530 0.030024 0.029758
0 0.291365 0.754436 0.029189 0.029426
0 0.404980 0.930977 0.052078 0.051319
0 0.898470 0.267987 0.053472 0.053869
0 0.317060 0.151424 0.040593 0.041833
0 0.651071 0.033739 0.053000 0.052596
0 0.715586 0.835762 0.034790 0.035286
0 0.952315 0.968760 0.023104 0.023538
0 0.055413 0.844878 0.087439 0.085648
0 0.746532 0.106296 0.051792 0.051960
0 0.261884 0.090648 0.021356 0.020819
0 0.254544 0.076360 0.143525 0.143337
0 0.616974 0.762420 0.021117 0.021113
0 0.866966 0.874284 0.026169 0.026605
0 0.419056 0.897042 0.061108 0.061456
0 0.395752 0.085715 0.176224 0.167641
0 0.402989 0.049528 0.026461 0.026217
0 0.959937 0.834782 0.021201 0.021392
0 0.141900 0.245363 0.050393 0.049997
0 0.727954 0.486533 0.020878 0.020737
0 0.844707 0.284750 0.023509 0.023258
0 0.756580 0.450191 0.268746 0.276971
0 0.611170 0.962054 0.136846 0.075616
0 0.706664 0.064454 0.029150 0.028783
0 0.204229 0.293695 0.060299 0.059990
0 0.111611 0.755683 0.122606 0.120727
0 0.767934 0.860965 0.032234 0.032446
0 0.924451 0.488641 0.023069 0.023449
0 0.310052 0.328541 0.019398 0.019485
0 0.211083 0.535515 0.079222 0.079838
0 0.351420 0.411437 0.069806 0.071225
0 0.698087 0.985521 0.039770 0.028694
0 0.352448 0.993194 0.029688 0.013611
0 0.778920 0.039423 0.247152 0.078845
0 0.280936 0.932578 0.119742 0.121174
0 0.862511 0.321897 0.024321 0.024102
0 0.944827 0.410187 0.019224 0.019247
0 0.762403 0.460516 0.019025 0.018949
0 0.834669 0.920841 0.075677 0.075655
0 0.847422 0.307448 0.023210 0.021591
0 0.788857 0.946546 0.020197 0.020381
0 0.773867 0.522118 0.018203 0.017992
0 0.112963 0.065927 0.192154 0.130621
0 0.494224 0.889727 0.091639 0.090450
0 0.038038 0.651660 0.073048 0.076069
0 0.090602 0.878662 0.039227 0.039405
0 0.159631 0.884405 0.078873 0.077860
0 0.976743 0.061312 0.046248 0.113073
0 0.498707 0.171229 0.019163 0.019086
0 0.283191 0.402618 0.073804 0.073674
0 0.465936 0.953097 0.017370 0.017030
0 0.507643 0.225684 0.054161 0.055106
0 0.014528 0.972998 0.029056 0.052510
0 0.041283 0.560095 0.045966 0.045991
0 0.605675 0.525587 0.018432 0.018682
0 0.201237 0.746278 0.027305 0.027089
0 0.754567 0.680649 0.024390 0.023979
0 0.929946 0.724712 0.073392 0.073872
