0 0.534986 0.274271 0.043079 0.043111
0 0.643360 0.797523 0.045487 0.044714
0 0.430757 0.693045 0.033401 0.032864
0 0.100364 0.477778 0.199975 0.290647
0 0.142670 0.991881 0.034865 0.016238
0 0.413113 0.873859 0.054920 0.053877
0 0.906378 0.808254 0.029535 0.028894
0 0.468707 0.740135 0.021917 0.021578
0 0.715257 0.500177 0.023781 0.023702
0 0.868657 0.219253 0.026458 0.026201
0 0.554338 0.389240 0.081724 0.075424
0 0.816032 0.414992 0.025029 0.025022
0 0.675105 0.715917 0.062405 0.060235
0 0.240403 0.006092 0.047710 0.012184
0 0.250843 0.465243 0.022443 0.021847
