0 0.854616 0.361987 0.088950 0.069310
0 0.681796 0.764288 0.064182 0.050229
0 0.654404 0.150731 0.192137 0.154863
0 0.352278 0.366841 0.057439 0.045737
0 0.425616 0.052082 0.048851 0.038971
0 0.348759 0.766550 0.214820 0.157467
0 0.023447 0.281800 0.046894 0.053317
0 0.740905 0.030070 0.039170 0.033995
0 0.912726 0.261371 0.117659 0.088233
0 0.139923 0.521935 0.178298 0.145904
0 0.420790 0.276249 0.035190 0.027713
0 0.448112 0.103370 0.036008 0.033241
0 0.516729 0.348617 0.047322 0.038748
0 0.777833 0.748089 0.198362 0.153127
0 0.936714 0.386101 0.126573 0.125987
0 0.736586 0.741446 0.051859 0.040609
0 0.053687 0.444701 0.104787 0.161724
0 0.042735 0.920450 0.084426 0.110007
0 0.937518 0.497420 0.124396 0.144628
0 0.446858 0.189182 0.054867 0.046884
0 0.467779 0.829260 0.066761 0.052388
0 0.778896 0.186618 0.034593 0.028469
0 0.169185 0.424933 0.034024 0.028994
0 0.880471 0.876520 0.239058 0.237424
0 0.748577 0.859613 0.073528 0.057016
0 0.141701 0.211827 0.030075 0.025473
0 0.707819 0.409270 0.145219 0.122434
0 0.175329 0.773728 0.110595 0.083149
