0 0.829352 0.484680 0.052480 0.050732
0 0.530788 0.866358 0.317099 0.264464
0 0.844589 0.139585 0.040771 0.040063
0 0.140409 0.876834 0.209676 0.191239
0 0.831467 0.645845 0.036224 0.035534
0 0.551710 0.528603 0.049749 0.048780
0 0.290565 0.378390 0.033224 0.033100
0 0.698485 0.209114 0.028527 0.028010
0 0.846544 0.429424 0.026861 0.026205
0 0.869407 0.548508 0.119022 0.116094
0 0.360752 0.358758 0.066342 0.062226
0 0.810882 0.988586 0.028762 0.022759
0 0.856381 0.528926 0.022923 0.022612
0 0.270096 0.711034 0.034758 0.034007
0 0.742978 0.156006 0.022617 0.022252
0 0.797235 0.193126 0.022235 0.021928
0 0.673773 0.292419 0.022610 0.021862
0 0.896701 0.148010 0.022403 0.022706
0 0.240632 0.222039 0.101018 0.098268
0 0.330417 0.804848 0.107573 0.102559
0 0.451901 0.409072 0.022160 0.022379
0 0.242783 0.366222 0.034097 0.032828
0 0.398001 0.238089 0.118581 0.114073
0 0.755742 0.392924 0.021760 0.021574
0 0.151061 0.601010 0.134197 0.126138
0 0.089733 0.218935 0.033493 0.031803
0 0.442196 0.252273 0.026284 0.026101
0 0.602545 0.674413 0.025752 0.024549
0 0.859866 0.033495 0.090292 0.066989
0 0.825179 0.816496 0.064757 0.061826
0 0.520498 0.377928 0.067363 0.066233
0 0.644584 0.433556 0.026307 0.025994
0 0.335915 0.535225 0.156562 0.151724
0 0.436017 0.445528 0.142370 0.137124
0 0.682296 0.466787 0.020517 0.020408
0 0.757575 0.992993 0.027481 0.014014
0 0.472892 0.611863 0.158360 0.153767
0 0.607489 0.154949 0.020405 0.020475
0 0.148101 0.535302 0.069908 0.068275
0 0.033968 0.211527 0.067936 0.072896
0 0.772389 0.779543 0.054361 0.052821
0 0.805341 0.866013 0.032681 0.032966
0 0.861606 0.961625 0.025954 0.025453
0 0.854785 0.796528 0.027815 0.027518
0 0.292159 0.479917 0.048244 0.045723
0 0.686486 0.495817 0.176783 0.174227
0 0.033485 0.338766 0.024641 0.024298
0 0.254910 0.398474 0.039004 0.036953
0 0.267563 0.671398 0.123502 0.119838
0 0.499327 0.558344 0.232124 0.263834
0 0.093264 0.433582 0.023073 0.022774
