0 0.379390 0.788315 0.110725 0.098392
0 0.782040 0.527020 0.133390 0.116736
0 0.748976 0.233630 0.120956 0.103990
0 0.747300 0.616607 0.111273 0.100185
0 0.696597 0.918818 0.061161 0.052647
0 0.949436 0.284957 0.101128 0.109680
0 0.057271 0.678849 0.106104 0.096523
0 0.039826 0.537770 0.079592 0.099915
0 0.239535 0.351984 0.231221 0.199878
0 0.444640 0.649888 0.035570 0.032965
0 0.507951 0.886408 0.080376 0.070201
0 0.299598 0.118279 0.071644 0.061597
0 0.924000 0.504888 0.039683 0.034695
0 0.162280 0.879490 0.110451 0.098275
0 0.545589 0.159240 0.063808 0.053180
0 0.044145 0.737485 0.038817 0.036076
0 0.846195 0.798509 0.049330 0.042706
0 0.588034 0.690113 0.030939 0.027068
0 0.390524 0.881231 0.031957 0.029648
0 0.678960 0.777285 0.026761 0.024715
0 0.097259 0.838621 0.035363 0.031609
0 0.971833 0.631343 0.056333 0.058139
0 0.843772 0.396486 0.034516 0.032432
0 0.145503 0.290284 0.166634 0.147982
0 0.862455 0.247534 0.092558 0.082208
0 0.507171 0.453796 0.026843 0.025693
0 0.498712 0.042714 0.185195 0.084527
0 0.536666 0.016251 0.032122 0.027143
0 0.460186 0.189177 0.027946 0.026534
0 0.233413 0.987950 0.054275 0.023994
0 0.514596 0.223931 0.022980 0.021148
0 0.973114 0.812343 0.053596 0.152316
0 0.250618 0.062321 0.092961 0.084551
0 0.414744 0.587281 0.749733 0.787776
0 0.352815 0.173337 0.048602 0.042618
0 0.830748 0.174893 0.026027 0.024537
0 0.955109 0.114653 0.032999 0.030406
