0 0.831684 0.058685 0.171791 0.116524
0 0.787819 0.206424 0.058586 0.056295
0 0.616481 0.908401 0.240981 0.180931
0 0.368078 0.462422 0.037918 0.032941
0 0.913471 0.446459 0.032539 0.031061
0 0.757704 0.337257 0.046877 0.044877
0 0.222548 0.010683 0.057177 0.021229
0 0.896814 0.813832 0.052205 0.048259
0 0.271127 0.596503 0.034248 0.032632
0 0.152112 0.141242 0.043968 0.038911
0 0.277206 0.224560 0.082623 0.076743
0 0.029768 0.844054 0.032129 0.031416
0 0.390623 0.755780 0.024054 0.022943
0 0.151620 0.113058 0.025801 0.023762
0 0.626456 0.775414 0.048544 0.042324
0 0.398563 0.136139 0.021605 0.020411
0 0.704089 0.318558 0.030452 0.030114
