0 0.525611 0.240990 0.023870 0.023825
0 0.679130 0.881380 0.058867 0.059794
0 0.964048 0.560465 0.071174 0.087088
0 0.233287 0.156053 0.033304 0.033299
0 0.186182 0.776059 0.026871 0.026732
0 0.032314 0.356022 0.063755 0.066007
0 0.613743 0.097106 0.029327 0.029504
0 0.901735 0.549263 0.034256 0.034322
0 0.410052 0.149951 0.023507 0.023662
0 0.153752 0.394311 0.031122 0.031357
0 0.828985 0.139467 0.024988 0.024399
0 0.907607 0.877056 0.060324 0.059604
0 0.397835 0.966277 0.035145 0.034092
0 0.821875 0.735769 0.185333 0.181913
0 0.906003 0.830403 0.041022 0.040975
0 0.071207 0.207127 0.142414 0.234345
0 0.662581 0.021471 0.021578 0.021925
0 0.567296 0.879800 0.026352 0.025764
0 0.036685 0.960053 0.031151 0.030619
0 0.512881 0.746677 0.022041 0.022479
0 0.477165 0.479993 0.028228 0.028338
0 0.970814 0.697052 0.025200 0.024399
0 0.595326 0.048326 0.023120 0.023074
0 0.698880 0.695441 0.022418 0.022516
0 0.368577 0.638875 0.021626 0.021521
0 0.984036 0.911659 0.029874 0.030428
0 0.127927 0.585363 0.022112 0.022364
0 0.031250 0.716303 0.024851 0.025398
0 0.251907 0.130811 0.030308 0.029931
0 0.785638 0.861275 0.033495 0.033353
0 0.429098 0.367501 0.022171 0.022344
0 0.363843 0.679455 0.093537 0.090483
0 0.937670 0.837055 0.023133 0.025752
