0 0.892977 0.636208 0.063167 0.060983
0 0.219787 0.895292 0.043067 0.040863
0 0.906345 0.167019 0.035526 0.034186
0 0.775014 0.181066 0.029734 0.029216
0 0.063056 0.490313 0.027277 0.027115
0 0.952386 0.157732 0.039812 0.037870
0 0.957374 0.447381 0.026103 0.025693
0 0.259098 0.256694 0.037073 0.036673
0 0.523371 0.388053 0.040352 0.039116
0 0.913269 0.362704 0.031139 0.030836
0 0.816610 0.111300 0.028865 0.028353
0 0.926295 0.111624 0.034485 0.033778
0 0.310165 0.451287 0.031805 0.031102
0 0.193352 0.762182 0.029400 0.029071
0 0.900417 0.491122 0.025991 0.025604
0 0.876049 0.600361 0.036766 0.036511
0 0.416653 0.591044 0.027959 0.027706
0 0.907328 0.963212 0.056889 0.054884
0 0.286426 0.208622 0.028535 0.028167
0 0.141541 0.022322 0.031100 0.029425
0 0.492094 0.016746 0.025883 0.024668
0 0.752088 0.593720 0.026465 0.026462
0 0.888302 0.243828 0.030288 0.029683
0 0.817626 0.068828 0.026223 0.026023
0 0.986093 0.220061 0.022388 0.021942
0 0.712208 0.433339 0.022641 0.022466
0 0.778974 0.690929 0.034715 0.032794
0 0.096105 0.827237 0.033213 0.032804
0 0.665909 0.464997 0.024042 0.023750
0 0.359828 0.162287 0.026652 0.026289
0 0.870167 0.673398 0.026971 0.026469
0 0.805736 0.450564 0.024036 0.023514
0 0.717973 0.578212 0.023739 0.023944
0 0.578729 0.116244 0.044952 0.042930
0 0.760948 0.916122 0.024996 0.025197
0 0.421061 0.009478 0.042106 0.018846
0 0.775266 0.606400 0.023046 0.022787
0 0.041895 0.054005 0.030376 0.030154
0 0.834295 0.011798 0.023745 0.022870
0 0.521214 0.250321 0.026246 0.025640
0 0.518229 0.692814 0.028811 0.027941
0 0.388147 0.022341 0.024739 0.024891
0 0.310660 0.543253 0.023191 0.022587
0 0.505969 0.607677 0.032686 0.033276
0 0.083192 0.010378 0.032442 0.020756
0 0.136541 0.437740 0.021580 0.022057
0 0.193887 0.530737 0.025074 0.024868
0 0.989669 0.358109 0.019439 0.020687
0 0.237740 0.670935 0.022441 0.022745
0 0.543417 0.183067 0.020233 0.020172
0 0.320231 0.186262 0.022489 0.022071
0 0.930864 0.547114 0.022195 0.021857
0 0.140814 0.820938 0.025762 0.024984
0 0.121738 0.783457 0.025862 0.025510
0 0.481313 0.286009 0.020372 0.021189
0 0.773701 0.130822 0.022561 0.022547
0 0.844289 0.066368 0.020290 0.020387
0 0.162299 0.333673 0.324598 0.365742
0 0.247609 0.828949 0.023734 0.023820
0 0.598125 0.184855 0.020791 0.020705
0 0.740658 0.760595 0.022330 0.022221
0 0.193952 0.837882 0.025525 0.025024
0 0.983719 0.311714 0.020453 0.019366
0 0.585599 0.551926 0.021453 0.021409
0 0.802329 0.217970 0.035410 0.036003
0 0.462328 0.604958 0.023246 0.022862
0 0.909483 0.551984 0.019289 0.019079
0 0.970330 0.394487 0.019603 0.019825
0 0.872564 0.094359 0.020372 0.020239
0 0.328137 0.781150 0.023516 0.022930
