0 0.730281 0.606974 0.059416 0.058478
0 0.071907 0.664444 0.143815 0.150405
0 0.446480 0.198603 0.083530 0.082112
0 0.314056 0.409770 0.032067 0.031640
0 0.334189 0.605987 0.052741 0.052744
0 0.973932 0.200288 0.029196 0.028657
0 0.432110 0.755085 0.045926 0.045615
0 0.790283 0.560095 0.039855 0.039768
0 0.895550 0.255114 0.025657 0.025419
0 0.494505 0.406313 0.033705 0.033446
0 0.542216 0.093129 0.041419 0.040733
0 0.921683 0.615936 0.042476 0.042297
0 0.235049 0.570178 0.057301 0.056094
0 0.804721 0.680581 0.033934 0.033602
0 0.316918 0.176267 0.131310 0.121854
0 0.592833 0.522565 0.041320 0.040484
0 0.750604 0.500950 0.034562 0.034196
0 0.781162 0.698706 0.027112 0.026455
0 0.038917 0.540502 0.041231 0.040477
0 0.865774 0.864927 0.073293 0.074004
0 0.893457 0.065853 0.027801 0.027550
0 0.362020 0.501020 0.021758 0.021437
0 0.784551 0.749035 0.024493 0.024925
0 0.789396 0.290729 0.025989 0.025771
0 0.977201 0.372267 0.034494 0.034136
0 0.741247 0.749149 0.025800 0.025926
0 0.177792 0.040853 0.030545 0.029992
0 0.259866 0.970659 0.025589 0.025921
0 0.423400 0.126146 0.024845 0.025018
0 0.589179 0.617370 0.024975 0.024795
0 0.444048 0.885819 0.030323 0.030133
0 0.133925 0.778159 0.037227 0.036477
0 0.881790 0.374951 0.041464 0.041091
0 0.087216 0.021342 0.035594 0.036377
0 0.833233 0.589204 0.022817 0.022774
0 0.831073 0.614997 0.024366 0.024029
0 0.556560 0.790634 0.022540 0.022261
0 0.584327 0.879693 0.026868 0.027199
0 0.473961 0.142362 0.023466 0.023738
0 0.217320 0.843033 0.025486 0.025751
0 0.342984 0.466498 0.022128 0.021840
0 0.938633 0.186150 0.025377 0.025405
0 0.422348 0.060331 0.023833 0.023768
0 0.652733 0.037028 0.164092 0.074056
0 0.633267 0.613147 0.024954 0.024808
0 0.685019 0.761342 0.023571 0.023296
0 0.695328 0.517644 0.025387 0.025002
0 0.452339 0.574927 0.023374 0.022636
0 0.938183 0.919024 0.025574 0.025393
0 0.020233 0.481641 0.026519 0.025899
0 0.694265 0.658735 0.024021 0.024805
0 0.877522 0.315982 0.021931 0.021920
0 0.545924 0.967252 0.035457 0.035761
0 0.147611 0.795034 0.030422 0.029857
0 0.059276 0.012732 0.035730 0.025465
0 0.554265 0.064394 0.021992 0.021907
0 0.903905 0.293185 0.021958 0.021867
0 0.592372 0.398579 0.022526 0.021830
0 0.405059 0.515200 0.020891 0.021040
0 0.740196 0.126020 0.029389 0.029249
0 0.850467 0.027640 0.020549 0.020771
0 0.296329 0.621747 0.021632 0.021655
0 0.765226 0.025762 0.024150 0.024075
0 0.117629 0.814380 0.030878 0.031392
0 0.400503 0.908978 0.022895 0.022781
0 0.844697 0.761691 0.022945 0.022690
0 0.457606 0.469230 0.022087 0.022073
0 0.711837 0.572329 0.020618 0.021352
0 0.882899 0.993145 0.029415 0.013710
0 0.943617 0.261230 0.023603 0.023545
