0 0.080153 0.158777 0.025464 0.024670
0 0.357897 0.070075 0.034965 0.034055
0 0.176732 0.134147 0.024190 0.023636
0 0.319330 0.107654 0.039906 0.038506
0 0.355573 0.813593 0.024009 0.023417
0 0.471499 0.118300 0.028892 0.029011
0 0.089544 0.855605 0.024827 0.024592
0 0.422497 0.836513 0.024565 0.024115
0 0.075058 0.937790 0.022526 0.022608
0 0.819482 0.072859 0.020429 0.020281
0 0.107946 0.909677 0.022554 0.022337
0 0.129313 0.806175 0.022868 0.022730
0 0.328589 0.446928 0.020883 0.020863
0 0.314908 0.175026 0.019974 0.020025
0 0.274643 0.185964 0.020156 0.019786
0 0.964013 0.373321 0.071974 0.126195
0 0.911559 0.057194 0.090069 0.088450
0 0.136224 0.298062 0.019568 0.019774
0 0.452698 0.958042 0.155743 0.083364
