0 0.547099 0.510690 0.056241 0.049326
0 0.706126 0.955491 0.047002 0.036257
0 0.850923 0.223595 0.298154 0.381837
0 0.669266 0.666546 0.066594 0.058451
0 0.233952 0.478288 0.036449 0.030373
0 0.239811 0.678269 0.133564 0.108638
0 0.782553 0.906216 0.353966 0.186793
0 0.848442 0.244008 0.080321 0.073293
0 0.480825 0.781204 0.040069 0.034181
0 0.498882 0.916598 0.278278 0.166803
0 0.536502 0.821310 0.091499 0.072038
0 0.308868 0.737915 0.043638 0.037617
0 0.981911 0.963516 0.035997 0.034357
0 0.685379 0.295807 0.043259 0.038736
0 0.338117 0.487194 0.048690 0.036521
0 0.398377 0.598360 0.045826 0.038520
