0 0.078642 0.112636 0.152801 0.120962
0 0.609913 0.382672 0.045483 0.037079
0 0.702877 0.442888 0.083696 0.065078
0 0.971222 0.972655 0.057557 0.050283
0 0.173394 0.491930 0.062926 0.049051
0 0.722250 0.011464 0.078895 0.022848
0 0.418242 0.264623 0.040772 0.030899
0 0.862217 0.852357 0.040277 0.033046
0 0.056313 0.960198 0.044117 0.034832
0 0.848406 0.499694 0.038001 0.030726
0 0.977192 0.099265 0.045616 0.043992
0 0.045280 0.927061 0.035186 0.032135
0 0.949800 0.767822 0.100400 0.089836
0 0.640190 0.538853 0.033635 0.026708
0 0.134426 0.346149 0.038133 0.031182
0 0.982388 0.639995 0.032215 0.028302
0 0.943878 0.197714 0.103892 0.084657
0 0.589551 0.427258 0.106562 0.088115
0 0.796979 0.851862 0.092866 0.078665
0 0.286497 0.680489 0.029726 0.025709
0 0.222848 0.061250 0.042490 0.035937
0 0.202379 0.122700 0.079283 0.059920
0 0.312927 0.330774 0.116633 0.094135
0 0.674082 0.337634 0.200343 0.147712
0 0.647299 0.198721 0.032394 0.025571
0 0.830591 0.936420 0.104629 0.087395
0 0.658116 0.257464 0.029425 0.023703
0 0.011214 0.061451 0.022427 0.040789
0 0.797108 0.026917 0.028512 0.025307
0 0.810683 0.667107 0.060638 0.048888
0 0.696879 0.056364 0.046384 0.035762
0 0.372517 0.108170 0.119687 0.092694
