0 0.633964 0.055999 0.043242 0.041756
0 0.179268 0.878350 0.023944 0.023683
0 0.146682 0.682759 0.028494 0.028105
0 0.026333 0.213721 0.029138 0.028586
0 0.049651 0.372434 0.035367 0.033544
0 0.123513 0.267283 0.024914 0.024914
0 0.130363 0.386030 0.038146 0.036660
0 0.153698 0.053154 0.029994 0.029265
0 0.820198 0.403088 0.034980 0.034166
0 0.243998 0.851362 0.031350 0.030739
0 0.930028 0.864905 0.047580 0.045519
0 0.805779 0.432954 0.032226 0.032118
0 0.250522 0.075763 0.043822 0.042017
0 0.489569 0.776320 0.036864 0.036278
0 0.722307 0.489432 0.047716 0.045189
0 0.883108 0.835683 0.057188 0.055973
0 0.209686 0.970401 0.052105 0.050251
0 0.212684 0.295793 0.026525 0.026001
0 0.775916 0.263289 0.024343 0.023876
0 0.697923 0.742561 0.029325 0.027810
0 0.279001 0.956181 0.022310 0.022260
0 0.418506 0.335973 0.045729 0.044818
0 0.023957 0.724964 0.030520 0.030158
0 0.277523 0.637548 0.037044 0.034972
0 0.974907 0.563517 0.035339 0.034029
0 0.881079 0.898701 0.028959 0.029649
0 0.313458 0.832699 0.032980 0.032547
0 0.615299 0.709896 0.032846 0.033073
0 0.290076 0.155938 0.029687 0.029467
0 0.230029 0.530872 0.041316 0.040820
0 0.962056 0.906191 0.047400 0.046504
0 0.040578 0.510687 0.057169 0.055415
0 0.866211 0.797891 0.027742 0.027407
0 0.368661 0.192057 0.040012 0.038417
0 0.695124 0.597790 0.029632 0.028622
0 0.209721 0.064568 0.023464 0.023061
0 0.291406 0.802702 0.027782 0.026915
0 0.282665 0.467727 0.045276 0.046616
0 0.515681 0.244349 0.043086 0.043449
0 0.387145 0.648840 0.103652 0.098906
0 0.428392 0.907623 0.052431 0.051590
0 0.262496 0.620469 0.021943 0.021867
0 0.925799 0.710897 0.022512 0.022561
0 0.365899 0.706299 0.022449 0.022693
0 0.784699 0.480751 0.026050 0.025216
0 0.388125 0.645951 0.024001 0.024715
0 0.568256 0.277466 0.029018 0.028660
0 0.146383 0.959799 0.024168 0.023453
0 0.867427 0.538712 0.024568 0.024063
0 0.430242 0.544022 0.081603 0.080006
0 0.122125 0.635838 0.063119 0.061108
0 0.469419 0.417373 0.054061 0.052194
0 0.608069 0.986253 0.039999 0.027494
0 0.697520 0.413731 0.021454 0.021519
0 0.107250 0.684261 0.037558 0.036640
0 0.104696 0.986327 0.073952 0.027230
0 0.672756 0.306098 0.029493 0.029079
0 0.638362 0.858894 0.356977 0.282212
0 0.385707 0.704184 0.138609 0.131359
0 0.024771 0.536206 0.047079 0.045326
0 0.818202 0.729619 0.019400 0.019375
0 0.104111 0.712573 0.083442 0.081539
0 0.175202 0.537591 0.057718 0.055988
0 0.029851 0.285702 0.059702 0.092623
0 0.313447 0.810584 0.020349 0.019355
0 0.987693 0.319100 0.023779 0.025006
0 0.497215 0.027742 0.047776 0.045054
0 0.087864 0.424961 0.019902 0.020004
0 0.370371 0.619648 0.019099 0.021952
0 0.754816 0.402054 0.033737 0.033725
0 0.122254 0.298050 0.040879 0.039215
0 0.991499 0.662244 0.017002 0.027206
0 0.185791 0.791381 0.019402 0.019202
0 0.487431 0.339803 0.092130 0.088619
