0 0.969896 0.597109 0.057640 0.058208
0 0.218392 0.286284 0.032185 0.031446
0 0.313529 0.444947 0.030721 0.030317
0 0.402914 0.083465 0.051923 0.051278
0 0.829082 0.528396 0.026940 0.027023
0 0.020157 0.274896 0.024378 0.024228
0 0.975486 0.425574 0.023981 0.024134
0 0.013674 0.394576 0.027348 0.042037
0 0.298986 0.748355 0.023149 0.023014
0 0.670830 0.442048 0.029914 0.029932
0 0.986934 0.217806 0.024027 0.024266
0 0.272333 0.531336 0.040777 0.040933
0 0.917338 0.424935 0.038342 0.037494
0 0.111083 0.567197 0.047529 0.047227
0 0.538864 0.539527 0.030486 0.030401
0 0.019284 0.247144 0.019872 0.019919
0 0.837105 0.428907 0.020811 0.020832
0 0.805294 0.942153 0.021762 0.021444
0 0.644845 0.786811 0.025321 0.025144
0 0.896402 0.891976 0.022882 0.022855
0 0.334308 0.288653 0.034590 0.034075
0 0.578223 0.857101 0.026396 0.026033
0 0.440645 0.098988 0.032060 0.031914
0 0.350256 0.469281 0.038572 0.038896
0 0.755849 0.388352 0.028263 0.028144
0 0.521435 0.717449 0.047862 0.047733
0 0.732007 0.734098 0.033482 0.033893
0 0.009530 0.824002 0.019060 0.023371
