0 0.392355 0.271809 0.035044 0.035297
0 0.374874 0.895230 0.035490 0.035264
0 0.166680 0.703236 0.022811 0.022816
0 0.450099 0.514621 0.022318 0.022213
0 0.443397 0.078462 0.061015 0.061911
0 0.678936 0.712292 0.025548 0.025955
0 0.361663 0.279824 0.024269 0.024195
0 0.924822 0.060161 0.027735 0.026981
0 0.310651 0.584166 0.022912 0.023063
0 0.247628 0.211655 0.032473 0.032749
0 0.650064 0.153557 0.024482 0.024784
0 0.858280 0.354087 0.033975 0.033547
0 0.032790 0.735415 0.024619 0.024511
0 0.960441 0.240320 0.079118 0.090247
0 0.298939 0.608689 0.021489 0.021480
0 0.223958 0.177109 0.027375 0.027545
0 0.344479 0.543109 0.022460 0.022881
0 0.074184 0.308483 0.028081 0.027901
0 0.956448 0.582243 0.087104 0.098961
0 0.969507 0.154746 0.023206 0.022856
0 0.264738 0.455146 0.079053 0.081191
0 0.970894 0.053202 0.057258 0.098071
0 0.275689 0.959507 0.022556 0.022479
0 0.022607 0.979777 0.022481 0.022134
0 0.916111 0.194799 0.033004 0.033046
0 0.625971 0.902267 0.102057 0.103069
0 0.960357 0.014271 0.074798 0.028542
0 0.586002 0.987648 0.021191 0.021559
