0 0.960483 0.083430 0.078845 0.087389
0 0.728815 0.503561 0.028361 0.028234
0 0.783166 0.628246 0.027869 0.027608
0 0.482730 0.499473 0.023327 0.023293
0 0.646687 0.416306 0.031180 0.030924
0 0.223675 0.310701 0.026105 0.025007
0 0.755102 0.318352 0.024968 0.025344
0 0.572456 0.450626 0.039667 0.038457
0 0.789090 0.556803 0.031898 0.033667
0 0.023131 0.196748 0.024448 0.023884
0 0.051895 0.691946 0.030382 0.031568
0 0.959923 0.036469 0.077079 0.072530
0 0.086910 0.911583 0.171406 0.176262
0 0.499074 0.630727 0.026345 0.025972
0 0.821075 0.602642 0.024213 0.024085
0 0.948407 0.546656 0.024027 0.024111
0 0.504985 0.793799 0.029356 0.028482
0 0.495336 0.831115 0.025445 0.025421
0 0.136841 0.504909 0.079837 0.078522
