0 0.740682 0.708929 0.050144 0.045784
0 0.925548 0.844890 0.027665 0.025338
0 0.049521 0.425889 0.098941 0.097626
0 0.670835 0.583330 0.054489 0.047408
0 0.297288 0.969347 0.028925 0.027678
0 0.784104 0.543317 0.054553 0.051760
0 0.851816 0.419774 0.064530 0.059473
0 0.322765 0.937035 0.031759 0.030886
0 0.760444 0.366572 0.076290 0.068120
0 0.398093 0.632563 0.033606 0.029787
0 0.726718 0.517114 0.051333 0.045586
0 0.983432 0.874970 0.020105 0.020125
0 0.876265 0.218677 0.247471 0.279211
0 0.115902 0.992677 0.032790 0.014223
0 0.569829 0.045989 0.052051 0.041728
0 0.321160 0.300889 0.259992 0.237925
0 0.707036 0.388295 0.030724 0.028746
0 0.248587 0.535996 0.029448 0.028670
0 0.062628 0.966825 0.026739 0.025562
0 0.937388 0.963770 0.019657 0.019009
0 0.431090 0.963732 0.150379 0.072537
0 0.977532 0.985309 0.044935 0.029371
0 0.443802 0.893831 0.086436 0.079258
0 0.941043 0.014731 0.062946 0.029188
0 0.047621 0.313934 0.095242 0.095437
0 0.014882 0.599252 0.028908 0.047255
0 0.982237 0.354639 0.020776 0.020182
0 0.885094 0.465637 0.229812 0.240964
0 0.724834 0.247466 0.087193 0.082265
0 0.776740 0.225727 0.024239 0.022430
0 0.384720 0.495894 0.061630 0.056219
0 0.943863 0.352885 0.025125 0.023903
0 0.521207 0.560483 0.022256 0.021296
0 0.441248 0.831148 0.048131 0.044470
0 0.994335 0.836121 0.011331 0.038571
0 0.623766 0.481594 0.024253 0.023543
0 0.193405 0.427105 0.149153 0.121877
0 0.277804 0.492893 0.085978 0.081323
0 0.086087 0.306326 0.023736 0.023103
0 0.574108 0.224846 0.115684 0.112773
0 0.923348 0.663502 0.148790 0.141798
0 0.136457 0.248195 0.122402 0.108566
0 0.231022 0.756269 0.024130 0.021645
0 0.538119 0.898166 0.163731 0.155057
