0 0.525523 0.641015 0.031262 0.030740
0 0.584861 0.471120 0.042232 0.041779
0 0.493511 0.564927 0.037686 0.037392
0 0.238903 0.825908 0.064288 0.064528
0 0.888710 0.879461 0.038104 0.037381
0 0.250284 0.507533 0.046836 0.047021
0 0.307005 0.113789 0.047498 0.046817
0 0.554270 0.570664 0.024753 0.025153
0 0.938663 0.497062 0.047320 0.046873
0 0.468389 0.511940 0.026591 0.026479
0 0.572209 0.791437 0.027087 0.026225
0 0.373236 0.621746 0.040915 0.040639
0 0.733913 0.193129 0.050362 0.049518
0 0.465250 0.378031 0.029555 0.029093
0 0.973359 0.754211 0.033422 0.032990
0 0.216635 0.589597 0.028608 0.027992
0 0.365560 0.589177 0.027760 0.027463
0 0.689555 0.572845 0.041646 0.041791
0 0.591736 0.243815 0.026308 0.025911
0 0.117908 0.887491 0.069824 0.066175
0 0.866386 0.677117 0.025122 0.025727
0 0.435618 0.373274 0.030173 0.029655
0 0.748259 0.421984 0.047877 0.047408
0 0.198935 0.906431 0.076328 0.074546
0 0.328019 0.430147 0.035077 0.035704
0 0.276410 0.339592 0.026195 0.026241
0 0.366499 0.469133 0.027598 0.027775
0 0.943233 0.652373 0.022795 0.022737
0 0.390392 0.319942 0.035708 0.035006
0 0.771964 0.343023 0.036640 0.036252
0 0.849164 0.780110 0.028093 0.027693
0 0.254887 0.558237 0.035512 0.035741
0 0.594039 0.687730 0.022722 0.022030
0 0.191139 0.187164 0.025641 0.025982
0 0.727829 0.810339 0.022260 0.021964
0 0.370610 0.293458 0.027699 0.027772
0 0.670196 0.190748 0.027377 0.027255
0 0.702065 0.520189 0.025762 0.025908
0 0.440439 0.583425 0.021888 0.021973
0 0.276282 0.166875 0.024526 0.024621
0 0.531902 0.302325 0.023702 0.023486
0 0.603922 0.861471 0.085507 0.086265
0 0.391242 0.987422 0.041525 0.024800
0 0.203621 0.747746 0.039224 0.038624
0 0.119155 0.669855 0.029707 0.029723
0 0.395637 0.714549 0.025539 0.024972
0 0.427362 0.242985 0.033840 0.034121
0 0.633134 0.517226 0.022081 0.022152
0 0.739816 0.933182 0.038184 0.037246
0 0.731334 0.578709 0.032419 0.032012
0 0.615161 0.927115 0.037293 0.037049
0 0.267825 0.435263 0.032487 0.032465
0 0.463355 0.155216 0.024465 0.023924
0 0.393010 0.384697 0.024904 0.024344
0 0.051085 0.410127 0.025069 0.025072
0 0.062639 0.480800 0.039708 0.039773
0 0.726197 0.489701 0.044422 0.044257
0 0.010305 0.180595 0.020581 0.028551
0 0.049288 0.571037 0.097178 0.177687
0 0.578868 0.941554 0.021623 0.021397
0 0.287428 0.658560 0.023218 0.023084
0 0.963157 0.010274 0.047160 0.020460
0 0.846070 0.914184 0.026830 0.026275
0 0.186862 0.592149 0.023522 0.023835
0 0.359143 0.419319 0.035171 0.035308
0 0.283059 0.864276 0.024781 0.024430
0 0.823899 0.851611 0.022382 0.022235
0 0.269974 0.281115 0.026920 0.026372
0 0.923882 0.848410 0.020610 0.021058
0 0.505750 0.329075 0.023291 0.023014
0 0.681180 0.807926 0.022262 0.021737
0 0.672297 0.860739 0.036474 0.036692
0 0.654134 0.887384 0.024393 0.024421
0 0.166062 0.936437 0.038701 0.035105
0 0.820462 0.641703 0.022004 0.022273
0 0.467024 0.785112 0.020668 0.020660
0 0.444203 0.792869 0.029259 0.029090
0 0.839246 0.891661 0.022924 0.023700
0 0.442403 0.918953 0.026029 0.025705
0 0.016940 0.936913 0.033509 0.037465
0 0.927835 0.053488 0.024898 0.024295
0 0.827237 0.685889 0.046143 0.045830
0 0.893603 0.501221 0.035933 0.034990
0 0.483478 0.444559 0.027997 0.027744
0 0.460489 0.932160 0.021785 0.021836
0 0.524386 0.556132 0.020030 0.019635
0 0.449135 0.666321 0.439063 0.438875
0 0.523273 0.382432 0.019687 0.019176
0 0.533501 0.418899 0.020735 0.020635
0 0.288335 0.731453 0.020390 0.020460
0 0.640950 0.005621 0.039548 0.011243
0 0.703613 0.726156 0.130320 0.118947
0 0.862400 0.261734 0.021831 0.022218
0 0.411446 0.629720 0.026829 0.027245
0 0.774823 0.327177 0.186136 0.178510
0 0.488185 0.891175 0.020756 0.020514
0 0.992147 0.858367 0.015706 0.051141
0 0.078362 0.086560 0.022426 0.022365
0 0.867784 0.384671 0.083414 0.083370
0 0.790209 0.950082 0.023464 0.023073
0 0.372614 0.234644 0.022247 0.022106
0 0.009372 0.117694 0.018533 0.030648
0 0.891319 0.018925 0.028404 0.027796
0 0.932553 0.925364 0.030710 0.030306
0 0.292512 0.461695 0.036647 0.036667
0 0.930379 0.546240 0.023358 0.023181
0 0.961011 0.079032 0.020782 0.021035
0 0.260239 0.965351 0.020539 0.020267
0 0.572945 0.158503 0.053688 0.053102
0 0.403980 0.777434 0.028688 0.031030
0 0.954482 0.530802 0.023033 0.023033
0 0.883165 0.107363 0.036051 0.035521
0 0.026613 0.688570 0.052839 0.118104
0 0.562947 0.370452 0.019188 0.018729
0 0.765175 0.064326 0.154705 0.128652
0 0.674183 0.608226 0.034651 0.035500
0 0.940372 0.329878 0.119256 0.243320
0 0.528590 0.325576 0.020670 0.021159
0 0.452628 0.417917 0.025165 0.025834
0 0.160582 0.622334 0.020124 0.020004
0 0.425868 0.398409 0.032055 0.032527
0 0.064064 0.714198 0.020294 0.020417
0 0.282458 0.843749 0.020952 0.021339
0 0.078834 0.202279 0.051602 0.050839
0 0.020999 0.430564 0.041998 0.072445
