0 0.822775 0.793365 0.046703 0.045731
0 0.223783 0.135816 0.056848 0.055664
0 0.665463 0.536155 0.037271 0.036427
0 0.873917 0.173245 0.040133 0.039314
0 0.948665 0.336425 0.044314 0.043321
0 0.608981 0.868474 0.027783 0.027921
0 0.958365 0.545519 0.032871 0.032209
0 0.580206 0.349409 0.027912 0.027371
0 0.927284 0.402102 0.031841 0.031005
0 0.801037 0.198476 0.039003 0.038351
0 0.401305 0.016117 0.032738 0.030515
0 0.845807 0.531753 0.021976 0.022411
0 0.758231 0.250055 0.062660 0.060167
0 0.770950 0.558714 0.027191 0.028310
0 0.639028 0.625439 0.026101 0.026376
0 0.039884 0.577037 0.029323 0.029145
0 0.296177 0.743049 0.027268 0.026581
0 0.752483 0.576016 0.027423 0.026456
0 0.617637 0.728326 0.022976 0.022820
0 0.824468 0.918849 0.021910 0.021997
0 0.272893 0.455793 0.033532 0.033254
0 0.289454 0.761896 0.022736 0.022385
0 0.223849 0.957419 0.022813 0.022870
0 0.173262 0.021944 0.027491 0.027567
0 0.794576 0.652363 0.020450 0.020228
0 0.327642 0.005972 0.024481 0.011944
0 0.236644 0.387178 0.037043 0.036814
0 0.964948 0.293633 0.020772 0.020632
0 0.171343 0.868673 0.021998 0.022115
0 0.278622 0.965634 0.022452 0.022200
0 0.600296 0.619525 0.024074 0.023646
0 0.224838 0.317736 0.025350 0.025439
