0 0.361176 0.737505 0.071312 0.070895
0 0.465107 0.260917 0.028931 0.028666
0 0.974241 0.341457 0.042401 0.041830
0 0.451852 0.622080 0.027753 0.027295
0 0.748722 0.046736 0.032992 0.032459
0 0.062982 0.495252 0.029244 0.029321
0 0.064403 0.391061 0.034168 0.033683
0 0.676155 0.559994 0.034314 0.033493
0 0.530970 0.084541 0.028550 0.028664
0 0.248290 0.356519 0.030011 0.029190
0 0.808716 0.069386 0.029970 0.029760
0 0.392109 0.052282 0.032102 0.031910
0 0.158868 0.607690 0.025480 0.025071
0 0.198344 0.594812 0.028934 0.028430
0 0.008585 0.464868 0.017169 0.022687
0 0.469990 0.415916 0.023953 0.023578
0 0.455043 0.041649 0.022867 0.022914
0 0.307975 0.595750 0.022101 0.021861
0 0.077144 0.920536 0.027419 0.026863
0 0.264375 0.900999 0.023514 0.023624
0 0.164705 0.099237 0.094938 0.093810
0 0.393009 0.867478 0.022051 0.022654
0 0.975674 0.439060 0.022222 0.022525
0 0.715488 0.552687 0.038903 0.038027
0 0.047941 0.321703 0.020795 0.020871
0 0.063663 0.199531 0.024724 0.025007
0 0.474202 0.882143 0.028465 0.028391
0 0.052047 0.411760 0.031898 0.031490
0 0.447951 0.581545 0.025882 0.025960
0 0.371293 0.373743 0.025469 0.026492
0 0.635243 0.031968 0.034005 0.033802
0 0.029801 0.040248 0.021439 0.021133
0 0.177624 0.525423 0.023303 0.023154
0 0.375712 0.076114 0.021542 0.021358
