0 0.629331 0.263689 0.076076 0.075838
0 0.811590 0.580725 0.026496 0.026422
0 0.963268 0.100033 0.054145 0.051996
0 0.891624 0.011419 0.026861 0.022698
0 0.439714 0.163387 0.022509 0.022187
0 0.068155 0.603362 0.023322 0.023527
0 0.302883 0.960125 0.027136 0.027066
0 0.972619 0.174880 0.028586 0.028122
0 0.943134 0.187585 0.028347 0.028771
0 0.706786 0.383763 0.033840 0.034098
0 0.323754 0.943444 0.029294 0.029083
0 0.127684 0.185854 0.024146 0.023211
0 0.942701 0.341333 0.028327 0.028200
0 0.370041 0.148889 0.022269 0.022146
0 0.780507 0.776044 0.053932 0.053099
0 0.764813 0.044750 0.080980 0.080178
0 0.903155 0.601333 0.030943 0.030514
0 0.908330 0.408883 0.022524 0.022496
0 0.832019 0.028487 0.022168 0.022217
0 0.063621 0.301960 0.019808 0.019893
0 0.873448 0.046923 0.021154 0.020956
0 0.903659 0.345116 0.034464 0.034238
0 0.204987 0.107346 0.026481 0.026296
0 0.354197 0.947878 0.020452 0.020108
0 0.170081 0.876424 0.019933 0.019909
0 0.638532 0.075390 0.021323 0.021245
0 0.024870 0.705788 0.019146 0.018791
0 0.152080 0.189163 0.022263 0.022558
0 0.550867 0.674407 0.035624 0.035845
0 0.976801 0.021290 0.044578 0.042341
0 0.273855 0.192600 0.020923 0.021055
