0 0.819220 0.896545 0.193899 0.175194
0 0.583676 0.693105 0.089889 0.085868
0 0.563257 0.505636 0.027290 0.026882
0 0.480341 0.931587 0.199296 0.136827
0 0.265176 0.460238 0.032326 0.029267
0 0.531692 0.627652 0.026017 0.024065
0 0.123587 0.930482 0.071103 0.066403
0 0.696966 0.612736 0.025762 0.024768
0 0.829502 0.157390 0.026028 0.024302
0 0.117491 0.547103 0.027711 0.026165
0 0.950695 0.331436 0.074293 0.068553
0 0.695053 0.693981 0.029591 0.029041
0 0.651522 0.934756 0.032347 0.031922
0 0.438652 0.682291 0.023954 0.023339
0 0.724400 0.311254 0.038418 0.036554
0 0.456894 0.473912 0.023695 0.022628
0 0.222961 0.489009 0.023302 0.023198
0 0.681442 0.395635 0.024192 0.023486
0 0.073232 0.824003 0.030255 0.028390
0 0.927580 0.963519 0.143662 0.072640
0 0.692160 0.653458 0.026484 0.025876
0 0.170952 0.273986 0.034889 0.034447
0 0.276744 0.635896 0.021680 0.021246
0 0.505198 0.167018 0.085682 0.079515
0 0.477064 0.062496 0.067909 0.063124
0 0.627401 0.017600 0.076694 0.035089
0 0.694981 0.966088 0.025555 0.023942
0 0.818216 0.171240 0.359612 0.334509
0 0.472700 0.834087 0.060158 0.053097
0 0.091218 0.231566 0.052206 0.047843
0 0.525081 0.358185 0.047181 0.047275
0 0.159721 0.133097 0.040345 0.037403
0 0.247013 0.612844 0.021582 0.022873
0 0.265263 0.385837 0.022560 0.020858
0 0.318763 0.006813 0.074401 0.013626
0 0.210965 0.852963 0.021319 0.020937
