0 0.422038 0.768978 0.139458 0.118886
0 0.823755 0.645291 0.347528 0.315721
0 0.570923 0.740739 0.112831 0.094834
0 0.382027 0.666175 0.051852 0.047415
0 0.498501 0.479522 0.063429 0.052875
0 0.788045 0.172930 0.423910 0.339876
0 0.633190 0.647793 0.035631 0.033111
0 0.368743 0.487261 0.053821 0.047505
0 0.145352 0.758693 0.029874 0.029171
0 0.032963 0.875411 0.051076 0.045841
0 0.307523 0.556283 0.065406 0.058013
0 0.517349 0.103360 0.110937 0.087819
0 0.376328 0.168834 0.068974 0.058721
0 0.914850 0.579343 0.034940 0.031268
0 0.772077 0.392598 0.040254 0.033630
0 0.514428 0.016062 0.053559 0.031239
0 0.674451 0.518662 0.040406 0.033305
0 0.128414 0.830588 0.041687 0.040831
0 0.563758 0.114576 0.049950 0.042611
0 0.250514 0.613798 0.034376 0.032195
0 0.812480 0.810534 0.107651 0.097558
0 0.571363 0.962064 0.041454 0.035272
0 0.419740 0.039564 0.072471 0.056269
0 0.285201 0.398167 0.037032 0.033907
0 0.587643 0.404180 0.035512 0.029322
0 0.428682 0.076893 0.046564 0.039732
0 0.910977 0.142488 0.041550 0.033883
0 0.887623 0.408444 0.100942 0.084376
0 0.366515 0.877821 0.033476 0.030450
0 0.692431 0.493329 0.032092 0.027786
0 0.795342 0.603065 0.026993 0.024985
0 0.422846 0.898843 0.027321 0.026112
0 0.368053 0.961498 0.082161 0.072242
0 0.279498 0.966246 0.027309 0.025896
0 0.113366 0.610077 0.037331 0.033833
0 0.810702 0.080279 0.039312 0.033724
0 0.928202 0.304921 0.062720 0.053304
0 0.436570 0.239684 0.035141 0.028560
0 0.859759 0.414379 0.042994 0.036448
0 0.268343 0.581990 0.038977 0.038290
0 0.436180 0.467985 0.033055 0.028186
0 0.474509 0.042177 0.034865 0.028962
