0 0.904296 0.112418 0.040137 0.039959
0 0.390730 0.376668 0.128088 0.126894
0 0.850222 0.081529 0.027643 0.027763
0 0.414789 0.209128 0.061817 0.061245
0 0.662594 0.146481 0.041948 0.042189
0 0.594783 0.463216 0.068087 0.067777
0 0.822519 0.233301 0.026052 0.026130
0 0.065427 0.852094 0.062624 0.062849
0 0.490605 0.877717 0.040829 0.040870
0 0.017866 0.115284 0.030533 0.031304
0 0.643003 0.298001 0.041854 0.041101
0 0.165700 0.272326 0.025325 0.025313
0 0.344556 0.801487 0.034297 0.033796
0 0.508348 0.972705 0.057100 0.054590
0 0.359129 0.877707 0.027792 0.028097
0 0.193404 0.114190 0.037821 0.037676
0 0.446404 0.076535 0.023550 0.022709
0 0.335530 0.006632 0.043013 0.013264
0 0.506940 0.920197 0.032490 0.032792
0 0.465105 0.337439 0.033691 0.033308
0 0.433159 0.898327 0.090989 0.095382
0 0.597525 0.529753 0.027798 0.027594
0 0.304577 0.867939 0.025315 0.025662
0 0.133342 0.393845 0.029524 0.029680
0 0.501434 0.152244 0.031083 0.030733
0 0.986843 0.825779 0.026246 0.040886
0 0.836996 0.680395 0.037204 0.036721
0 0.182539 0.209583 0.029472 0.029423
0 0.278430 0.666318 0.024234 0.024427
0 0.279469 0.264217 0.022537 0.022406
0 0.016315 0.027875 0.032630 0.045044
0 0.365641 0.163189 0.045253 0.044403
0 0.898013 0.770460 0.021898 0.021987
0 0.734730 0.762361 0.039693 0.039501
0 0.153142 0.717104 0.025762 0.025478
0 0.351346 0.969917 0.036865 0.036325
0 0.222130 0.338742 0.031878 0.029114
0 0.556985 0.985332 0.045700 0.029167
0 0.522365 0.280752 0.020309 0.020486
0 0.510710 0.307891 0.022129 0.022068
0 0.615569 0.690693 0.020897 0.021420
0 0.722479 0.325105 0.019060 0.018938
0 0.248726 0.736518 0.019387 0.020000
