0 0.454989 0.665242 0.140468 0.139676
0 0.454395 0.469850 0.024134 0.024239
0 0.300719 0.561662 0.094722 0.094430
0 0.681922 0.290835 0.065856 0.065164
0 0.690136 0.349980 0.083268 0.083802
0 0.119584 0.143446 0.037274 0.037349
0 0.716495 0.175348 0.027598 0.027705
0 0.350764 0.736372 0.026257 0.026101
0 0.463900 0.276125 0.021279 0.021278
0 0.396490 0.498632 0.022607 0.022871
0 0.068515 0.173124 0.047146 0.047456
0 0.068871 0.453642 0.022899 0.023025
0 0.926578 0.912927 0.058693 0.058996
0 0.795415 0.943442 0.047785 0.047618
0 0.750198 0.364569 0.036162 0.036611
0 0.558601 0.341654 0.024851 0.025547
0 0.662528 0.423319 0.091151 0.090036
0 0.815125 0.153914 0.064475 0.064627
0 0.827950 0.366385 0.024022 0.023870
0 0.117452 0.680051 0.021589 0.021672
0 0.284395 0.313589 0.026098 0.026077
0 0.086560 0.381709 0.025424 0.025582
0 0.498881 0.955042 0.070331 0.070549
0 0.362994 0.446397 0.021234 0.021304
0 0.572387 0.423442 0.027488 0.027256
0 0.253997 0.678842 0.074171 0.075061
0 0.790373 0.601802 0.110975 0.111796
0 0.256690 0.622320 0.031744 0.032191
0 0.353115 0.366701 0.042427 0.042827
0 0.426646 0.372617 0.020777 0.021046
0 0.111960 0.630884 0.020902 0.021330
0 0.270572 0.454614 0.027672 0.027735
0 0.449628 0.134661 0.021182 0.021208
0 0.272384 0.372368 0.022763 0.022804
0 0.348609 0.167500 0.022232 0.021943
0 0.720130 0.404864 0.027765 0.028101
0 0.788599 0.267967 0.024190 0.024073
0 0.819451 0.240491 0.020404 0.020368
0 0.208658 0.258169 0.023034 0.022563
0 0.981520 0.385905 0.027429 0.027990
0 0.269036 0.600596 0.034643 0.033722
0 0.877370 0.172104 0.043878 0.042823
0 0.011653 0.431367 0.023232 0.029811
0 0.257964 0.536155 0.033554 0.033149
0 0.888996 0.508518 0.051700 0.051959
0 0.323261 0.385032 0.028923 0.029229
0 0.312246 0.301641 0.020726 0.020943
0 0.316573 0.979624 0.047833 0.040752
0 0.636358 0.934994 0.032898 0.032708
0 0.690799 0.187292 0.023236 0.023516
0 0.900647 0.986176 0.034888 0.027647
0 0.701452 0.835061 0.020027 0.019951
0 0.304173 0.220976 0.069804 0.070373
0 0.826026 0.112419 0.022982 0.024211
0 0.907736 0.597736 0.051049 0.051541
0 0.073069 0.352473 0.027001 0.027346
0 0.295603 0.379807 0.025064 0.025165
0 0.091566 0.987827 0.035467 0.024346
0 0.230514 0.753166 0.020841 0.021224
0 0.199190 0.779997 0.019017 0.019128
0 0.183010 0.271838 0.021954 0.022705
0 0.635457 0.491052 0.075621 0.075658
0 0.774337 0.542663 0.083239 0.083936
0 0.576748 0.244252 0.020602 0.020744
0 0.365818 0.245836 0.020252 0.020182
0 0.250906 0.285256 0.021475 0.021478
0 0.842363 0.808006 0.058865 0.060088
0 0.300843 0.349232 0.023103 0.023958
0 0.773897 0.325026 0.020163 0.019849
0 0.365717 0.479970 0.020898 0.020897
0 0.712683 0.555236 0.053635 0.055310
0 0.993222 0.361013 0.013093 0.047070
0 0.396724 0.203325 0.018716 0.019100
0 0.326688 0.318170 0.023365 0.024999
0 0.746858 0.857992 0.251560 0.259134
0 0.645742 0.666948 0.034918 0.035301
0 0.348788 0.218971 0.019328 0.019418
0 0.051054 0.962122 0.049841 0.049920
0 0.735899 0.728322 0.021384 0.021505
0 0.868982 0.351766 0.018641 0.018272
0 0.387992 0.235779 0.018108 0.018077
0 0.454779 0.773770 0.321277 0.289428
0 0.200942 0.372904 0.021283 0.021572
0 0.364814 0.629184 0.051505 0.051927
0 0.189805 0.400566 0.019096 0.019159
0 0.297876 0.450979 0.022972 0.022705
0 0.231564 0.465431 0.019057 0.019119
0 0.776297 0.289798 0.018668 0.018467
0 0.594527 0.367688 0.018826 0.019001
0 0.441561 0.213774 0.030285 0.030767
0 0.240373 0.659308 0.033755 0.032666
0 0.229646 0.166481 0.019706 0.020219
0 0.532273 0.481250 0.020229 0.020336
0 0.167458 0.207166 0.018145 0.018254
0 0.019728 0.364823 0.017208 0.016884
0 0.302142 0.166162 0.018910 0.018859
0 0.110111 0.290129 0.018894 0.018791
0 0.310460 0.404263 0.022714 0.022064
0 0.697781 0.517285 0.019340 0.018836
0 0.350578 0.280016 0.094307 0.093770
0 0.326270 0.335095 0.022495 0.022177
0 0.034949 0.117326 0.024292 0.024497
0 0.949092 0.468293 0.056187 0.057114
0 0.284049 0.629277 0.024175 0.024299
0 0.460212 0.933710 0.147184 0.132580
0 0.301291 0.431159 0.027887 0.028803
0 0.230318 0.977830 0.019487 0.019008
