0 0.087069 0.699375 0.174138 0.224543
0 0.838744 0.315069 0.036531 0.035543
0 0.603444 0.114131 0.073905 0.072214
0 0.145224 0.268879 0.043347 0.042789
0 0.071325 0.161010 0.029284 0.029750
0 0.104973 0.950205 0.140170 0.098782
0 0.606542 0.407298 0.028876 0.028912
0 0.609875 0.512624 0.025807 0.025763
0 0.215912 0.372117 0.029920 0.029910
0 0.880435 0.668987 0.036840 0.035733
0 0.739072 0.271678 0.027005 0.026855
0 0.629012 0.458742 0.048828 0.049056
0 0.504394 0.266871 0.024371 0.024397
0 0.418279 0.624405 0.117776 0.117783
0 0.338265 0.456437 0.024750 0.025052
0 0.649119 0.101609 0.025641 0.025984
0 0.534351 0.812666 0.024641 0.024556
0 0.860301 0.155094 0.021655 0.021674
0 0.915354 0.057646 0.027842 0.027355
0 0.928288 0.109330 0.032592 0.031057
0 0.422892 0.487671 0.021658 0.021999
0 0.936891 0.241034 0.022869 0.022952
0 0.864651 0.251164 0.043002 0.042686
0 0.960548 0.859037 0.078903 0.113563
0 0.335790 0.759631 0.062803 0.062202
0 0.648070 0.068476 0.021831 0.021659
0 0.495646 0.038112 0.145483 0.076039
