0 0.325244 0.290407 0.255732 0.224875
0 0.649486 0.926303 0.158404 0.131740
0 0.836895 0.627196 0.116030 0.094131
0 0.922729 0.933500 0.050616 0.041827
0 0.808065 0.039554 0.046240 0.038918
0 0.503500 0.827011 0.048495 0.041136
0 0.719457 0.752410 0.084099 0.070374
0 0.930135 0.836329 0.040054 0.034785
0 0.649432 0.760643 0.130631 0.105715
0 0.880528 0.260923 0.053640 0.044540
0 0.761835 0.052790 0.037308 0.033036
0 0.022274 0.718532 0.033064 0.032082
0 0.502562 0.486399 0.620109 0.579859
0 0.642610 0.048364 0.038365 0.031899
0 0.027029 0.809016 0.030363 0.026915
0 0.070469 0.234593 0.140938 0.239762
0 0.864835 0.469995 0.044110 0.038095
0 0.434828 0.495197 0.031015 0.029064
0 0.960000 0.551405 0.080000 0.086582
0 0.778882 0.961079 0.031265 0.026478
0 0.940436 0.422869 0.031219 0.027308
0 0.525621 0.568410 0.029282 0.026854
0 0.881381 0.780821 0.037337 0.031225
0 0.293274 0.096606 0.051945 0.039937
0 0.607292 0.029101 0.030995 0.027016
0 0.609119 0.460728 0.100991 0.096824
0 0.479352 0.894454 0.417733 0.211092
0 0.854129 0.299888 0.035285 0.030329
