0 0.489674 0.885783 0.373183 0.228434
0 0.401894 0.523005 0.074158 0.059725
0 0.902129 0.142477 0.040331 0.036262
0 0.826082 0.066835 0.226076 0.130666
0 0.778982 0.746068 0.040351 0.034143
0 0.155577 0.940024 0.079267 0.064521
0 0.181473 0.086517 0.350179 0.172378
0 0.357156 0.352071 0.060417 0.050003
0 0.062212 0.170939 0.041727 0.036602
0 0.017587 0.454457 0.035173 0.033450
0 0.495174 0.678000 0.162008 0.135213
0 0.047558 0.931660 0.030636 0.026314
0 0.956666 0.007711 0.047701 0.015039
0 0.017244 0.482554 0.034489 0.030803
0 0.624200 0.438942 0.131634 0.119328
0 0.761006 0.342996 0.031170 0.027361
0 0.776793 0.577351 0.089050 0.076484
0 0.460795 0.018425 0.029981 0.027287
0 0.233002 0.923709 0.081984 0.063518
