0 0.667498 0.116104 0.063889 0.060800
0 0.911737 0.939616 0.039401 0.039625
0 0.186661 0.421277 0.044922 0.042898
0 0.950536 0.659956 0.033095 0.033106
0 0.621795 0.337842 0.032453 0.031702
0 0.406623 0.687262 0.036552 0.035742
0 0.253436 0.941391 0.036719 0.035197
0 0.449814 0.372312 0.034099 0.033607
0 0.949668 0.496317 0.061230 0.059589
0 0.974709 0.291821 0.032833 0.031029
0 0.475146 0.496140 0.026135 0.026068
0 0.898651 0.550964 0.030690 0.030756
0 0.984710 0.709890 0.030157 0.041883
0 0.903210 0.633918 0.033617 0.032870
0 0.021005 0.339272 0.041938 0.054845
0 0.878504 0.286976 0.034838 0.032586
0 0.529915 0.787851 0.041536 0.038700
0 0.864869 0.210378 0.033394 0.033017
0 0.911303 0.838936 0.026090 0.026346
0 0.288112 0.665855 0.025232 0.024958
0 0.816570 0.909487 0.029013 0.029282
0 0.749640 0.944651 0.027442 0.027101
0 0.674231 0.955401 0.025271 0.024318
0 0.949831 0.251742 0.028339 0.028120
0 0.764817 0.494069 0.074350 0.069405
0 0.894372 0.989121 0.038762 0.021758
0 0.143874 0.720387 0.024153 0.024071
0 0.762981 0.926754 0.024760 0.024064
0 0.273004 0.161845 0.031113 0.029411
0 0.472118 0.268483 0.031301 0.031648
0 0.066571 0.018173 0.033036 0.031274
0 0.289855 0.008174 0.039900 0.016347
0 0.015564 0.800822 0.023529 0.023159
0 0.222761 0.748019 0.057323 0.055682
0 0.980885 0.612541 0.037710 0.065314
