0 0.140829 0.242102 0.048380 0.047086
0 0.395289 0.599422 0.050926 0.049711
0 0.308090 0.639765 0.039302 0.038388
0 0.168686 0.345511 0.032395 0.032095
0 0.273538 0.362434 0.029507 0.030323
0 0.318005 0.256408 0.036283 0.035968
0 0.196801 0.356115 0.043082 0.043915
0 0.220376 0.500785 0.033123 0.032185
0 0.896993 0.565814 0.030136 0.029688
0 0.407426 0.720795 0.033337 0.031161
0 0.592399 0.558867 0.029427 0.028934
0 0.886487 0.623432 0.063041 0.062340
0 0.367647 0.175175 0.052418 0.050216
0 0.257276 0.439562 0.092642 0.093938
0 0.007905 0.155892 0.015622 0.040156
0 0.099306 0.457090 0.026907 0.026627
0 0.031268 0.114684 0.024462 0.023998
0 0.959367 0.767662 0.027569 0.027034
0 0.656503 0.065234 0.023075 0.023020
0 0.177998 0.315745 0.026645 0.026325
