0 0.800145 0.703182 0.037182 0.036818
0 0.375052 0.148694 0.028259 0.027946
0 0.076402 0.418891 0.043638 0.043913
0 0.071180 0.230152 0.057301 0.057523
0 0.878812 0.321374 0.040751 0.040894
0 0.129500 0.438007 0.052832 0.053207
0 0.417620 0.138596 0.021876 0.021944
0 0.504259 0.960530 0.039452 0.037788
0 0.316805 0.713833 0.029521 0.029030
0 0.224517 0.829786 0.024703 0.024823
0 0.536601 0.702748 0.065434 0.062659
0 0.523221 0.862990 0.073624 0.073557
0 0.550285 0.074946 0.019673 0.019040
0 0.640968 0.651591 0.041372 0.040362
0 0.514820 0.655871 0.021376 0.021829
0 0.347880 0.238119 0.021053 0.021338
