0 0.474975 0.271977 0.046316 0.046440
0 0.515622 0.336717 0.038360 0.038061
0 0.582105 0.516608 0.041883 0.042097
0 0.710971 0.200712 0.029542 0.029074
0 0.740110 0.525818 0.130920 0.132529
0 0.041551 0.498282 0.037441 0.037249
0 0.238974 0.695041 0.023629 0.023550
0 0.823824 0.041699 0.039982 0.039802
0 0.193632 0.203185 0.022758 0.022894
0 0.064923 0.113429 0.030985 0.030849
0 0.079085 0.382355 0.042846 0.043196
0 0.073348 0.320147 0.032421 0.032249
0 0.944340 0.590128 0.019844 0.020201
0 0.255939 0.198278 0.021295 0.021262
0 0.787758 0.212872 0.020047 0.020162
0 0.653801 0.292809 0.043132 0.043366
0 0.355014 0.219262 0.019480 0.019540
0 0.943912 0.505389 0.096095 0.098388
0 0.843161 0.328674 0.019132 0.019081
0 0.336941 0.110595 0.022704 0.022880
0 0.019287 0.826998 0.036936 0.038723
0 0.316190 0.621145 0.034920 0.035029
0 0.097119 0.304173 0.021809 0.021929
0 0.013054 0.154480 0.026107 0.034467
0 0.751428 0.236837 0.033570 0.034099
0 0.126370 0.665586 0.022637 0.022269
0 0.810892 0.013978 0.028063 0.026732
0 0.443804 0.666727 0.022693 0.022824
0 0.833887 0.007815 0.022580 0.015629
