0 0.821455 0.584736 0.095833 0.093143
0 0.543176 0.491144 0.168591 0.160012
0 0.662901 0.594605 0.037644 0.036318
0 0.043173 0.452019 0.054393 0.052933
0 0.356410 0.495945 0.039439 0.037040
0 0.827836 0.369603 0.051794 0.047744
0 0.358473 0.024133 0.076340 0.048266
0 0.709095 0.678297 0.029730 0.029011
0 0.856594 0.415496 0.048552 0.047090
0 0.207902 0.411950 0.114772 0.104452
0 0.071581 0.178045 0.142704 0.293945
0 0.804678 0.510000 0.039164 0.037915
0 0.425274 0.270834 0.027805 0.027332
0 0.012177 0.506880 0.024354 0.033916
0 0.822823 0.449681 0.041482 0.041696
0 0.035253 0.685821 0.029907 0.029560
0 0.245452 0.489115 0.031541 0.030010
0 0.585080 0.537956 0.035153 0.034065
0 0.040882 0.842867 0.027917 0.027526
0 0.230854 0.401860 0.083861 0.081734
0 0.449453 0.736456 0.043832 0.043083
0 0.535298 0.655434 0.027656 0.027213
0 0.814329 0.398558 0.034779 0.033252
