0 0.493270 0.475319 0.090122 0.090878
0 0.192258 0.460954 0.041930 0.042029
0 0.063834 0.369004 0.026733 0.026861
0 0.853617 0.224107 0.172273 0.173358
0 0.531911 0.531502 0.036160 0.035979
0 0.134859 0.299751 0.054945 0.055048
0 0.237446 0.430481 0.027649 0.026985
0 0.169849 0.127458 0.025459 0.025959
0 0.409982 0.746185 0.043734 0.043783
0 0.514026 0.233936 0.022399 0.022647
0 0.406131 0.214142 0.037900 0.038207
0 0.907360 0.421132 0.021286 0.021658
0 0.988808 0.678782 0.022384 0.026826
0 0.039987 0.199367 0.026823 0.026892
0 0.816003 0.850976 0.032954 0.032537
0 0.022998 0.386423 0.026841 0.026760
0 0.292734 0.291872 0.020586 0.020540
0 0.805970 0.916556 0.035589 0.035859
0 0.151144 0.710681 0.028153 0.028001
0 0.444255 0.079915 0.024387 0.024703
0 0.912007 0.340064 0.146599 0.148043
0 0.109074 0.218313 0.018193 0.018463
0 0.706462 0.100020 0.224961 0.199003
0 0.319439 0.005648 0.023149 0.011295
0 0.099451 0.652587 0.059885 0.058937
0 0.690233 0.765702 0.020261 0.020549
0 0.023743 0.453932 0.027477 0.027580
0 0.023874 0.679421 0.018389 0.018857
0 0.039600 0.132122 0.017830 0.018181
0 0.792408 0.738993 0.021091 0.021564
0 0.266938 0.515700 0.018162 0.017961
0 0.624364 0.024354 0.066251 0.048560
0 0.034735 0.799059 0.017723 0.017626
0 0.819426 0.805365 0.026964 0.028166
0 0.506818 0.176940 0.018912 0.019100
0 0.374455 0.235018 0.018593 0.018872
0 0.266839 0.766814 0.021361 0.021829
0 0.793315 0.310250 0.136126 0.133492
0 0.808753 0.796495 0.026962 0.027444
0 0.452178 0.592649 0.016898 0.016978
0 0.102277 0.869500 0.204119 0.258718
0 0.687945 0.812842 0.022457 0.022703
0 0.221474 0.947219 0.067184 0.066979
0 0.039058 0.744213 0.037346 0.036104
0 0.594458 0.868559 0.261807 0.250935
0 0.056418 0.161985 0.018323 0.018968
0 0.560892 0.388285 0.053758 0.055764
0 0.275571 0.902763 0.058239 0.059298
0 0.396901 0.807786 0.116077 0.116804
0 0.408138 0.931829 0.097047 0.097256
0 0.526065 0.209665 0.018525 0.017561
0 0.226055 0.523966 0.016324 0.016471
