0 0.280655 0.351281 0.183434 0.182374
0 0.622322 0.065594 0.029980 0.029829
0 0.658994 0.176511 0.030178 0.030802
0 0.737595 0.100875 0.027426 0.027129
0 0.162336 0.047978 0.034813 0.034889
0 0.241149 0.156955 0.134567 0.133233
0 0.586900 0.782553 0.031065 0.031006
0 0.103222 0.683079 0.027926 0.027832
0 0.900047 0.916213 0.025446 0.025594
0 0.151217 0.369567 0.021936 0.021725
0 0.119001 0.305831 0.046825 0.046418
0 0.092581 0.527570 0.047862 0.047991
0 0.166445 0.617727 0.037935 0.037516
0 0.089574 0.585743 0.031527 0.031391
0 0.112747 0.479171 0.025149 0.025643
0 0.735403 0.804824 0.038762 0.038802
0 0.439766 0.896939 0.026175 0.026927
0 0.533374 0.856930 0.030411 0.030526
0 0.454600 0.629618 0.028659 0.028712
0 0.173825 0.985318 0.036836 0.029250
0 0.063178 0.607160 0.033425 0.032908
0 0.402046 0.955947 0.022717 0.023281
0 0.619018 0.259160 0.026928 0.026621
0 0.046667 0.702876 0.041680 0.041760
0 0.357536 0.071068 0.098897 0.100158
0 0.365649 0.177012 0.100132 0.100518
0 0.155426 0.582818 0.032526 0.032445
0 0.159823 0.890799 0.039517 0.039057
0 0.391695 0.130399 0.029602 0.029988
0 0.021649 0.801085 0.022834 0.022771
0 0.880788 0.801841 0.024781 0.024746
0 0.496550 0.050148 0.036838 0.036550
0 0.360619 0.333692 0.025728 0.025958
0 0.847698 0.889362 0.028586 0.028833
0 0.533803 0.194307 0.026152 0.027005
0 0.024102 0.567871 0.024368 0.024876
0 0.374669 0.395146 0.026919 0.027566
0 0.404715 0.675101 0.029972 0.030273
0 0.295521 0.104933 0.021779 0.021835
0 0.898356 0.823175 0.034145 0.033990
0 0.025191 0.532886 0.049632 0.064868
0 0.533465 0.063362 0.033066 0.033777
0 0.589972 0.314657 0.030508 0.030140
0 0.719526 0.016483 0.023640 0.024487
0 0.397346 0.354885 0.024819 0.024768
0 0.849055 0.098618 0.043767 0.044091
0 0.412249 0.778726 0.022599 0.022663
0 0.166333 0.014649 0.047851 0.029298
0 0.447548 0.988121 0.038524 0.023487
0 0.066183 0.470658 0.030022 0.030290
0 0.343097 0.290081 0.023760 0.023548
0 0.435797 0.441820 0.028849 0.029187
0 0.077233 0.696774 0.026436 0.026677
0 0.773244 0.514559 0.429601 0.431131
0 0.770781 0.984724 0.025958 0.026379
0 0.960135 0.729483 0.028724 0.029124
0 0.239859 0.012800 0.026576 0.024844
0 0.746731 0.830203 0.032115 0.031715
0 0.776167 0.756656 0.030078 0.029523
0 0.986522 0.644337 0.026495 0.027395
0 0.037483 0.145185 0.023664 0.023874
0 0.976157 0.432508 0.022339 0.022998
0 0.600874 0.212272 0.028586 0.028592
0 0.198908 0.974828 0.020811 0.020432
0 0.780155 0.237428 0.022624 0.022960
0 0.164724 0.084281 0.024567 0.024376
0 0.172374 0.937506 0.024355 0.025606
0 0.287793 0.801447 0.026869 0.027233
0 0.275573 0.958450 0.023710 0.023745
0 0.049693 0.183529 0.021639 0.021740
0 0.286733 0.773966 0.026662 0.026979
0 0.758063 0.504282 0.022738 0.022469
0 0.978834 0.077983 0.034445 0.034458
0 0.599482 0.735932 0.029046 0.030005
0 0.081817 0.263171 0.020723 0.020818
0 0.904411 0.235553 0.025578 0.024988
0 0.126690 0.677529 0.021779 0.021953
0 0.742643 0.199981 0.023180 0.023068
0 0.961222 0.624380 0.029529 0.030540
0 0.640186 0.902669 0.040093 0.040467
0 0.587943 0.710167 0.024969 0.025252
0 0.472867 0.079262 0.020179 0.020171
0 0.220420 0.223708 0.025691 0.027265
0 0.348806 0.436874 0.021070 0.020584
0 0.989876 0.870973 0.020248 0.025844
0 0.803614 0.154233 0.036280 0.036567
0 0.414989 0.695077 0.024193 0.024006
0 0.442606 0.562234 0.020338 0.020397
0 0.180387 0.149986 0.022703 0.022503
0 0.401374 0.328697 0.024468 0.024552
0 0.268310 0.785886 0.022321 0.023111
0 0.929313 0.288155 0.028723 0.029105
0 0.796311 0.850788 0.035919 0.035030
0 0.487942 0.772910 0.027455 0.027526
0 0.015051 0.453902 0.030101 0.038429
0 0.921517 0.761772 0.031964 0.031592
0 0.676375 0.745126 0.051739 0.051371
0 0.040542 0.785224 0.019050 0.019425
0 0.617860 0.916405 0.019831 0.020420
0 0.020527 0.591028 0.029901 0.029737
0 0.975617 0.514746 0.024722 0.025351
0 0.679762 0.371991 0.021444 0.021472
0 0.050863 0.795875 0.020935 0.020658
0 0.929584 0.339912 0.023059 0.022851
0 0.919675 0.870895 0.026298 0.024161
0 0.937836 0.799261 0.034623 0.033898
0 0.818272 0.145040 0.021036 0.021942
0 0.190235 0.947785 0.019912 0.020091
0 0.934606 0.092868 0.025365 0.024809
0 0.272204 0.936982 0.018644 0.018843
0 0.049766 0.055188 0.098737 0.109951
0 0.026596 0.513005 0.033260 0.026581
0 0.274355 0.861961 0.019896 0.019754
0 0.553380 0.190021 0.021029 0.022247
0 0.687455 0.040119 0.034860 0.035872
0 0.281438 0.845753 0.021811 0.020750
0 0.988535 0.718778 0.020323 0.021931
0 0.666273 0.897571 0.025157 0.026696
0 0.872195 0.008687 0.023869 0.017102
0 0.478936 0.741210 0.023101 0.023420
0 0.312698 0.249165 0.020774 0.020153
0 0.967994 0.137054 0.052985 0.054367
0 0.265499 0.890425 0.019892 0.019943
0 0.590505 0.271323 0.020813 0.020607
0 0.212955 0.206841 0.020620 0.020180
0 0.848127 0.985936 0.058467 0.027901
0 0.210419 0.221640 0.044435 0.044234
0 0.943183 0.353713 0.035640 0.033984
0 0.974065 0.810155 0.034351 0.032965
0 0.390189 0.418903 0.023940 0.023551
0 0.801636 0.166117 0.031342 0.029894
0 0.168114 0.067206 0.022811 0.020515
0 0.136583 0.291078 0.018570 0.020399
0 0.306572 0.919095 0.019113 0.019116
0 0.394941 0.397404 0.019753 0.020796
0 0.348379 0.993439 0.025966 0.012045
0 0.197880 0.083108 0.039912 0.039529
0 0.982281 0.368755 0.019916 0.019995
