0 0.164020 0.876598 0.202650 0.163351
0 0.417359 0.805522 0.065568 0.055142
0 0.649999 0.709803 0.077326 0.066165
0 0.477775 0.309635 0.043189 0.038567
0 0.976490 0.412199 0.046949 0.068984
0 0.378114 0.127989 0.037801 0.036488
0 0.902404 0.569366 0.038422 0.034793
0 0.537456 0.663263 0.042801 0.038359
0 0.432260 0.138275 0.032544 0.030632
0 0.769641 0.487009 0.028539 0.026075
0 0.405416 0.581377 0.049643 0.045169
0 0.744441 0.656374 0.036720 0.033826
0 0.154655 0.155895 0.294166 0.280859
0 0.694796 0.405752 0.035240 0.033161
0 0.613043 0.749520 0.077080 0.070816
0 0.808407 0.689417 0.026460 0.025468
0 0.790950 0.740453 0.025741 0.024399
0 0.712072 0.865883 0.025700 0.024320
0 0.447893 0.705998 0.033557 0.031413
0 0.647945 0.783057 0.033846 0.030323
0 0.723026 0.631979 0.035709 0.032660
0 0.240274 0.316247 0.093863 0.078279
0 0.764933 0.565851 0.024926 0.023922
0 0.535236 0.722803 0.074908 0.065325
0 0.963517 0.849942 0.072181 0.111701
0 0.319016 0.460450 0.026628 0.023866
0 0.828278 0.847382 0.027565 0.025787
0 0.538190 0.904327 0.068174 0.051550
0 0.870697 0.831063 0.031675 0.028978
0 0.950515 0.353983 0.022273 0.021487
0 0.939743 0.801524 0.086623 0.075698
0 0.369109 0.399744 0.029051 0.025818
0 0.941862 0.037538 0.116276 0.074728
0 0.555372 0.905748 0.040366 0.038204
