0 0.115648 0.236785 0.097042 0.096901
0 0.566230 0.592335 0.202383 0.196161
0 0.027561 0.106291 0.032717 0.032850
0 0.079172 0.112551 0.028047 0.027662
0 0.212801 0.861379 0.038828 0.038199
0 0.174164 0.528380 0.029556 0.028995
0 0.962177 0.714525 0.055107 0.053193
0 0.825669 0.385978 0.087620 0.087646
0 0.447701 0.524310 0.123212 0.118735
0 0.042246 0.861720 0.028771 0.028292
0 0.947746 0.889238 0.046464 0.046157
0 0.581241 0.300861 0.053814 0.054076
0 0.645063 0.793755 0.072838 0.072975
0 0.941245 0.221839 0.044067 0.043379
0 0.150300 0.538756 0.030506 0.030370
0 0.258759 0.760686 0.031919 0.031352
0 0.782399 0.841754 0.079652 0.075716
0 0.674821 0.758631 0.059431 0.058047
0 0.696197 0.800684 0.041410 0.041843
0 0.942280 0.621829 0.106703 0.104375
0 0.252614 0.805776 0.026060 0.026323
0 0.747433 0.210004 0.072043 0.071546
0 0.238051 0.012721 0.053184 0.024834
0 0.719763 0.661431 0.069702 0.066787
0 0.371398 0.865609 0.036290 0.036530
0 0.121991 0.858742 0.059504 0.058521
0 0.777777 0.383250 0.069674 0.067677
0 0.007086 0.791846 0.014173 0.021805
0 0.402987 0.817585 0.030567 0.030509
0 0.695526 0.869231 0.028397 0.028013
0 0.610452 0.938165 0.025379 0.025870
0 0.818135 0.706427 0.081013 0.080771
0 0.746884 0.723766 0.063678 0.065028
0 0.203453 0.802319 0.022913 0.022826
0 0.667397 0.068648 0.059052 0.058471
0 0.879146 0.141963 0.097858 0.092685
0 0.221997 0.124177 0.081966 0.081011
0 0.322854 0.855175 0.055823 0.055620
0 0.703310 0.909010 0.024579 0.023800
0 0.178500 0.844749 0.028248 0.029134
0 0.708658 0.823373 0.026306 0.026764
0 0.460656 0.696663 0.021975 0.022088
0 0.735607 0.914193 0.178611 0.165868
0 0.559496 0.619797 0.020982 0.020964
0 0.207103 0.732107 0.049973 0.048859
0 0.753814 0.601948 0.022928 0.022563
0 0.911829 0.712163 0.036605 0.035517
0 0.990839 0.737379 0.017729 0.065187
0 0.625254 0.982106 0.091355 0.035530
0 0.963211 0.073629 0.027677 0.028347
0 0.516492 0.990312 0.022970 0.019309
0 0.150272 0.312462 0.023236 0.023115
0 0.831515 0.271990 0.028602 0.028456
0 0.322961 0.840162 0.031225 0.027994
0 0.521159 0.176159 0.035092 0.035438
