0 0.235872 0.021780 0.070711 0.043561
0 0.548121 0.511595 0.045439 0.035159
0 0.473013 0.429903 0.163081 0.119249
0 0.351553 0.210534 0.065358 0.049248
0 0.284652 0.930274 0.073322 0.054847
0 0.336514 0.715349 0.089609 0.069334
0 0.498217 0.012901 0.037840 0.025662
0 0.808458 0.393580 0.084691 0.066744
0 0.877056 0.336721 0.061876 0.043483
0 0.537234 0.796527 0.044673 0.027677
0 0.875789 0.398836 0.110967 0.083514
0 0.563618 0.009680 0.057495 0.019360
0 0.870222 0.285418 0.173625 0.130010
0 0.058223 0.527703 0.039751 0.031081
0 0.488409 0.106117 0.036775 0.028980
0 0.188267 0.587170 0.109684 0.082716
0 0.281483 0.248454 0.113801 0.088912
0 0.462114 0.238390 0.073036 0.056918
0 0.644398 0.837566 0.084783 0.060886
0 0.750477 0.396411 0.061795 0.047657
0 0.762758 0.756702 0.049160 0.039361
0 0.904308 0.514746 0.049567 0.037296
0 0.308536 0.020170 0.087672 0.040300
0 0.985880 0.658606 0.028113 0.029327
