0 0.328179 0.783672 0.043204 0.039479
0 0.105069 0.436983 0.040372 0.037026
0 0.109190 0.759538 0.039864 0.035669
0 0.080733 0.657078 0.032124 0.028716
0 0.013298 0.850133 0.026428 0.037837
0 0.560315 0.400687 0.035638 0.033355
0 0.738719 0.618788 0.032226 0.026742
0 0.228644 0.585662 0.031673 0.028755
0 0.024005 0.036523 0.028569 0.025772
0 0.033848 0.833329 0.027751 0.025614
0 0.910689 0.687891 0.033917 0.028916
0 0.234895 0.464978 0.027514 0.024126
0 0.835766 0.314355 0.033803 0.030549
0 0.058690 0.824712 0.025062 0.022197
0 0.798527 0.171845 0.176592 0.144882
0 0.868440 0.690454 0.028202 0.024310
0 0.070672 0.795049 0.028726 0.025851
