0 0.613694 0.846331 0.073355 0.071170
0 0.677942 0.668176 0.035811 0.035284
0 0.738250 0.588836 0.033056 0.032365
0 0.270282 0.855674 0.035620 0.035627
0 0.577996 0.337923 0.025611 0.025913
0 0.852502 0.571600 0.037929 0.037273
0 0.717650 0.645112 0.029523 0.029219
0 0.757897 0.573384 0.025808 0.025164
0 0.803535 0.327385 0.035529 0.035010
0 0.784710 0.207805 0.026009 0.026303
0 0.853175 0.454418 0.025628 0.025467
0 0.832421 0.523810 0.028941 0.028749
0 0.839266 0.705219 0.079021 0.077007
0 0.264117 0.784539 0.029792 0.030745
0 0.534210 0.938585 0.036991 0.037078
0 0.936513 0.266096 0.033126 0.033484
0 0.653426 0.394350 0.023411 0.023799
0 0.615683 0.823686 0.039596 0.026530
