0 0.847177 0.923026 0.048213 0.039504
0 0.638312 0.243499 0.040302 0.036618
0 0.654615 0.057329 0.057774 0.047810
0 0.754070 0.149102 0.048899 0.040101
0 0.616151 0.494823 0.037450 0.033148
0 0.969171 0.349155 0.035198 0.031665
0 0.793385 0.176306 0.036919 0.031321
0 0.085531 0.039372 0.029812 0.027657
0 0.334273 0.015684 0.029488 0.026317
0 0.099375 0.725054 0.033807 0.029319
0 0.444748 0.365535 0.028088 0.027400
0 0.673855 0.284433 0.030366 0.027272
0 0.279509 0.694209 0.033981 0.030479
0 0.564009 0.982537 0.033266 0.029954
0 0.850446 0.276960 0.031788 0.028700
0 0.348986 0.642658 0.033763 0.029634
0 0.366936 0.482095 0.027219 0.025966
