0 0.210373 0.357253 0.281172 0.284995
0 0.155900 0.377344 0.093484 0.091871
0 0.077320 0.639110 0.059613 0.059270
0 0.849438 0.628697 0.026548 0.026424
0 0.285449 0.700200 0.093709 0.092489
0 0.864928 0.559926 0.035677 0.035624
0 0.715166 0.838494 0.029623 0.029484
0 0.603498 0.677789 0.033735 0.033437
0 0.576969 0.938748 0.154617 0.122504
0 0.634520 0.252455 0.135915 0.134647
0 0.404461 0.551488 0.030538 0.030832
0 0.743839 0.602376 0.032374 0.032374
0 0.739603 0.986773 0.037787 0.026455
0 0.958152 0.986998 0.039219 0.026004
0 0.238771 0.680651 0.029483 0.029474
0 0.433570 0.062099 0.028699 0.028028
0 0.415192 0.287123 0.032951 0.032741
0 0.753747 0.353891 0.032482 0.032241
0 0.540379 0.136209 0.028322 0.027994
0 0.429647 0.308931 0.026521 0.026247
0 0.489817 0.173246 0.025248 0.025409
0 0.709672 0.091023 0.397038 0.182046
0 0.874600 0.836502 0.181145 0.179435
0 0.328287 0.042595 0.023159 0.022756
0 0.699706 0.223557 0.026421 0.026567
0 0.232251 0.958067 0.026196 0.025973
0 0.480555 0.026681 0.043011 0.041509
0 0.602751 0.831154 0.034583 0.034050
0 0.418892 0.262040 0.029647 0.028840
0 0.109835 0.013476 0.087870 0.026841
0 0.475054 0.364940 0.021851 0.022127
0 0.535422 0.338682 0.026805 0.026332
0 0.710124 0.324249 0.039049 0.039200
0 0.886915 0.689212 0.107370 0.109223
0 0.408908 0.174017 0.023629 0.023669
0 0.447365 0.038961 0.026384 0.024963
0 0.040059 0.014009 0.054296 0.027839
0 0.529659 0.021917 0.024967 0.025817
0 0.752301 0.564786 0.037991 0.036932
0 0.811609 0.974127 0.106990 0.051706
0 0.371011 0.199415 0.025856 0.026135
0 0.786727 0.153620 0.021654 0.020922
0 0.911658 0.356475 0.176684 0.431115
0 0.575520 0.203249 0.020363 0.020211
0 0.181402 0.727392 0.020409 0.020231
0 0.804828 0.613475 0.020416 0.019896
