0 0.437968 0.628890 0.048447 0.044413
0 0.558035 0.506930 0.034523 0.033349
0 0.955618 0.031493 0.088764 0.062523
0 0.465402 0.077618 0.042993 0.039957
0 0.617209 0.484226 0.034734 0.033388
0 0.367871 0.542921 0.032912 0.031307
0 0.958600 0.864299 0.032847 0.031627
0 0.861751 0.015466 0.033586 0.030321
0 0.881576 0.469636 0.028365 0.027896
0 0.722089 0.953039 0.033169 0.031653
0 0.558991 0.892141 0.028656 0.028419
0 0.800120 0.989317 0.042332 0.021366
0 0.202003 0.266378 0.062241 0.058969
0 0.331375 0.374209 0.031630 0.029840
0 0.816945 0.928124 0.025808 0.024998
0 0.520554 0.656043 0.025610 0.024340
0 0.768382 0.202602 0.021907 0.021607
0 0.638555 0.381784 0.026562 0.025372
0 0.763437 0.604918 0.022619 0.022335
0 0.966199 0.936838 0.025953 0.024416
0 0.992079 0.959167 0.015443 0.019587
0 0.454613 0.593261 0.035485 0.034347
0 0.789380 0.536054 0.022417 0.022315
0 0.010996 0.363084 0.021991 0.024080
0 0.481328 0.941926 0.029634 0.027053
0 0.236508 0.201642 0.025611 0.024780
0 0.855828 0.737002 0.026584 0.026054
0 0.548594 0.667020 0.026894 0.025207
