0 0.579870 0.804585 0.140025 0.136942
0 0.208106 0.497100 0.138869 0.135142
0 0.587270 0.237140 0.037248 0.036706
0 0.422873 0.948110 0.043715 0.044286
0 0.105467 0.758408 0.053185 0.053451
0 0.110852 0.914734 0.061322 0.060474
0 0.741987 0.984510 0.037094 0.030980
0 0.924431 0.857383 0.097411 0.096458
0 0.418034 0.922479 0.174091 0.155043
0 0.403787 0.531800 0.043127 0.042977
0 0.975538 0.614208 0.037228 0.036492
0 0.258507 0.731005 0.056120 0.056948
0 0.460926 0.356264 0.038330 0.038025
0 0.434853 0.114239 0.025640 0.025781
0 0.589766 0.349334 0.034127 0.033630
0 0.691315 0.989199 0.044078 0.021491
0 0.250769 0.943224 0.032597 0.031993
0 0.242214 0.177200 0.026112 0.025562
0 0.773462 0.198739 0.220603 0.204410
0 0.404251 0.832519 0.024382 0.024490
0 0.794449 0.869723 0.048447 0.047320
0 0.038917 0.503110 0.044218 0.044309
0 0.354488 0.323854 0.080124 0.079504
0 0.961701 0.534895 0.075904 0.108757
0 0.606306 0.049523 0.028126 0.027178
0 0.886044 0.979464 0.029864 0.029725
0 0.296813 0.621301 0.060555 0.061005
0 0.198719 0.529713 0.025125 0.024733
0 0.831076 0.839627 0.032405 0.031264
0 0.267753 0.656024 0.024710 0.024805
0 0.340360 0.514898 0.024167 0.024182
0 0.873475 0.819219 0.023861 0.023915
0 0.779085 0.890302 0.026530 0.026139
0 0.385596 0.988167 0.023024 0.022125
0 0.681363 0.899302 0.022258 0.022502
0 0.960483 0.744552 0.026845 0.027461
0 0.986552 0.754784 0.022836 0.023442
0 0.049911 0.739284 0.022153 0.022290
0 0.328723 0.820232 0.041877 0.043201
0 0.819630 0.518796 0.035809 0.034957
0 0.224020 0.727496 0.024905 0.025304
0 0.097840 0.862691 0.027300 0.026952
0 0.064924 0.532642 0.038166 0.036092
0 0.700558 0.939630 0.022030 0.022770
0 0.749686 0.318642 0.215442 0.203278
0 0.774983 0.992632 0.026393 0.014736
0 0.186852 0.361073 0.126144 0.123231
0 0.962356 0.771533 0.021325 0.021334
0 0.357226 0.210808 0.075956 0.073738
0 0.367498 0.780629 0.028215 0.028221
0 0.135895 0.668664 0.030540 0.030433
