0 0.724205 0.705270 0.174551 0.158140
0 0.364110 0.373629 0.241948 0.226444
0 0.767312 0.436446 0.293365 0.255865
0 0.496483 0.547834 0.093468 0.092287
0 0.388663 0.225566 0.167728 0.162267
0 0.389850 0.593490 0.045059 0.044694
0 0.736963 0.135549 0.123552 0.118713
0 0.051197 0.136483 0.102393 0.177986
0 0.052456 0.917754 0.054649 0.051216
0 0.931531 0.043994 0.125252 0.087988
0 0.488390 0.246227 0.036707 0.036103
0 0.964597 0.088605 0.033504 0.032519
0 0.333371 0.113308 0.266069 0.226616
0 0.667599 0.278392 0.028915 0.028382
0 0.140079 0.952933 0.036174 0.034812
0 0.906934 0.651588 0.054946 0.049238
0 0.908012 0.124941 0.024969 0.024718
0 0.148486 0.100995 0.023693 0.023291
0 0.633309 0.864692 0.034869 0.032570
0 0.903225 0.153739 0.032502 0.031889
0 0.936403 0.203924 0.054547 0.054486
0 0.504812 0.120899 0.025579 0.025017
0 0.734191 0.267764 0.028751 0.027419
0 0.032725 0.874978 0.029710 0.028514
0 0.517269 0.775680 0.050693 0.048576
0 0.187258 0.845012 0.033481 0.032647
0 0.824218 0.271155 0.065268 0.062141
0 0.832123 0.048031 0.029805 0.028751
0 0.530583 0.011094 0.032170 0.022188
0 0.934493 0.832236 0.033925 0.032168
0 0.898489 0.318537 0.128960 0.127851
0 0.020366 0.306455 0.040444 0.058007
0 0.188816 0.668754 0.024776 0.022954
0 0.677577 0.571089 0.027014 0.027202
0 0.806709 0.322065 0.046670 0.043382
0 0.467690 0.311564 0.027218 0.026831
0 0.896722 0.262017 0.048372 0.046539
0 0.988640 0.572623 0.022106 0.024266
0 0.918866 0.871063 0.055388 0.052527
0 0.160636 0.046420 0.103718 0.091660
0 0.174939 0.213792 0.113065 0.107117
0 0.453966 0.790009 0.062183 0.060408
0 0.014292 0.830339 0.028035 0.033521
0 0.298609 0.958857 0.023319 0.023155
0 0.266218 0.577511 0.042769 0.040849
0 0.723628 0.219404 0.046928 0.046223
0 0.949085 0.422285 0.096342 0.093031
0 0.134265 0.313332 0.268508 0.342605
0 0.569510 0.509594 0.030989 0.028911
0 0.623668 0.992718 0.030581 0.013955
0 0.894028 0.297472 0.020860 0.020283
0 0.687086 0.968252 0.092412 0.062350
0 0.608983 0.783799 0.067062 0.061133
0 0.164457 0.929814 0.026823 0.027227
0 0.858598 0.949566 0.282805 0.100868
0 0.184975 0.359783 0.024651 0.023987
0 0.693680 0.313624 0.019631 0.019742
