0 0.188654 0.159097 0.029236 0.029521
0 0.643215 0.421680 0.075257 0.074594
0 0.171370 0.362007 0.186343 0.187044
0 0.303400 0.230479 0.024805 0.024984
0 0.445023 0.862182 0.048275 0.047951
0 0.413017 0.231518 0.022450 0.022591
0 0.024158 0.203615 0.028919 0.029358
0 0.113803 0.773210 0.028962 0.029075
0 0.236492 0.497355 0.030499 0.030476
0 0.071247 0.314305 0.038387 0.037218
0 0.917878 0.350927 0.060402 0.059079
0 0.167911 0.027031 0.028454 0.028530
0 0.563600 0.318668 0.029463 0.029824
0 0.076423 0.672773 0.066940 0.066528
0 0.479984 0.584420 0.060391 0.059695
0 0.791050 0.135457 0.102461 0.099686
0 0.080853 0.571806 0.088247 0.087037
0 0.233371 0.167052 0.022750 0.023153
0 0.571244 0.520350 0.076839 0.077916
0 0.226883 0.127678 0.027054 0.026989
0 0.931464 0.450875 0.047212 0.046999
0 0.580913 0.219769 0.031303 0.031374
0 0.592563 0.344047 0.022610 0.022585
0 0.166231 0.211289 0.051163 0.050268
0 0.251519 0.437601 0.038144 0.037963
0 0.285882 0.300701 0.042410 0.042307
0 0.614502 0.924284 0.033557 0.033758
0 0.058993 0.287359 0.040388 0.040143
0 0.109718 0.719566 0.055666 0.055568
0 0.985260 0.182203 0.029479 0.044800
0 0.273795 0.095972 0.027104 0.027294
0 0.950533 0.316251 0.055189 0.055007
0 0.855220 0.916606 0.024288 0.024489
0 0.381540 0.338997 0.034497 0.034521
0 0.730102 0.193195 0.041601 0.041503
0 0.468328 0.808424 0.036220 0.037279
0 0.898010 0.932831 0.027976 0.028130
0 0.916459 0.753870 0.066903 0.068141
0 0.780008 0.841653 0.149649 0.151267
0 0.779394 0.653307 0.100838 0.100834
0 0.100396 0.831700 0.027759 0.027955
0 0.479679 0.259164 0.022930 0.022691
0 0.836791 0.022722 0.025345 0.025613
0 0.914408 0.589681 0.023540 0.023234
0 0.110282 0.191253 0.054356 0.054424
0 0.218291 0.103981 0.028637 0.028516
0 0.135374 0.825394 0.053415 0.053559
0 0.357597 0.214040 0.020519 0.020589
0 0.073488 0.086447 0.109062 0.108604
0 0.530984 0.692342 0.024924 0.025220
0 0.194951 0.952777 0.021897 0.021739
0 0.655285 0.986044 0.062728 0.027912
0 0.324300 0.080677 0.019529 0.019473
0 0.951999 0.486699 0.025318 0.025065
0 0.156588 0.705987 0.034735 0.034965
0 0.508754 0.209365 0.039314 0.038780
0 0.702435 0.123381 0.100333 0.101806
0 0.108312 0.289333 0.044325 0.043749
0 0.287934 0.039072 0.031905 0.032958
0 0.019272 0.773223 0.038448 0.053656
0 0.602744 0.890136 0.032453 0.032706
0 0.019283 0.039223 0.028742 0.028555
0 0.445071 0.465830 0.027859 0.027839
0 0.271548 0.856839 0.028977 0.030185
0 0.723656 0.965790 0.022024 0.021590
0 0.972062 0.785001 0.055619 0.062662
0 0.321732 0.832136 0.086389 0.088012
0 0.453353 0.637645 0.030811 0.031746
0 0.103793 0.992707 0.023985 0.014186
0 0.433126 0.498684 0.019533 0.019175
0 0.883757 0.654246 0.059393 0.059588
0 0.656186 0.086358 0.081339 0.081323
0 0.668083 0.494203 0.030302 0.030182
0 0.137090 0.868247 0.022831 0.023145
0 0.797297 0.889997 0.020540 0.020505
0 0.025291 0.872722 0.020659 0.020599
0 0.991927 0.469045 0.015987 0.021637
0 0.972691 0.042042 0.025132 0.025049
0 0.946425 0.951143 0.107149 0.097714
0 0.966648 0.108240 0.019377 0.019630
0 0.611537 0.788735 0.023217 0.023466
0 0.706509 0.019365 0.114986 0.038730
0 0.881077 0.518241 0.037719 0.037448
0 0.919488 0.862462 0.144472 0.142592
0 0.916441 0.088166 0.018688 0.018640
0 0.603608 0.233879 0.019903 0.019733
0 0.266753 0.552106 0.019869 0.020117
0 0.473018 0.531491 0.021364 0.021362
0 0.453162 0.006128 0.050703 0.012255
0 0.399284 0.557696 0.027059 0.027388
0 0.813289 0.714323 0.038785 0.038957
0 0.244975 0.860884 0.021854 0.021406
0 0.209183 0.877665 0.032336 0.033510
0 0.569283 0.476676 0.054434 0.056288
0 0.455067 0.065131 0.022634 0.022437
0 0.751676 0.029615 0.065232 0.059229
0 0.854144 0.963458 0.092267 0.073084
0 0.498289 0.893120 0.041044 0.040039
0 0.143688 0.978861 0.023029 0.022231
0 0.517639 0.635786 0.058954 0.060264
0 0.741326 0.692179 0.023449 0.023425
0 0.432253 0.116187 0.028589 0.028934
0 0.161374 0.551495 0.019250 0.019699
0 0.981807 0.021664 0.019792 0.020955
0 0.300395 0.746104 0.021475 0.021592
0 0.511152 0.763046 0.097635 0.097230
0 0.524630 0.841652 0.098067 0.097316
0 0.862197 0.570534 0.018388 0.018344
0 0.417797 0.053263 0.040049 0.040247
0 0.165098 0.099268 0.025460 0.024525
0 0.431234 0.585804 0.034798 0.033622
0 0.549537 0.244422 0.019787 0.020338
0 0.540100 0.583959 0.051660 0.048567
0 0.353406 0.411859 0.043062 0.042484
0 0.762690 0.241188 0.032929 0.034104
