0 0.947058 0.305120 0.105885 0.110328
0 0.114342 0.731282 0.128815 0.101036
0 0.853398 0.534751 0.061979 0.054109
0 0.553465 0.795826 0.124985 0.104773
0 0.110780 0.635653 0.143806 0.122258
0 0.791277 0.013810 0.041361 0.027620
0 0.425364 0.043896 0.064295 0.051759
0 0.500487 0.056727 0.046363 0.041672
0 0.623813 0.086310 0.054991 0.047168
0 0.850703 0.767801 0.052289 0.040984
0 0.222567 0.929812 0.050663 0.040997
0 0.456713 0.103212 0.053035 0.047183
0 0.162658 0.141042 0.101660 0.091869
0 0.705359 0.539467 0.053483 0.046223
0 0.224679 0.844266 0.069070 0.061280
0 0.063162 0.039966 0.051063 0.043969
0 0.859020 0.899728 0.042490 0.038119
0 0.768799 0.139324 0.068667 0.060648
0 0.533874 0.343364 0.547850 0.457985
0 0.976593 0.374332 0.040128 0.034929
0 0.694344 0.976259 0.033882 0.030584
0 0.385224 0.762208 0.072264 0.064662
0 0.280873 0.156091 0.121377 0.104914
0 0.819544 0.906473 0.038286 0.034327
0 0.727954 0.782658 0.040199 0.035864
0 0.627734 0.740486 0.033027 0.030053
0 0.963965 0.828638 0.037961 0.033612
0 0.799009 0.950801 0.034612 0.030591
0 0.073675 0.556710 0.047176 0.039510
0 0.943276 0.889228 0.037030 0.032292
0 0.519676 0.265082 0.044448 0.041355
0 0.154544 0.227760 0.047396 0.039630
0 0.893045 0.737083 0.033040 0.030754
0 0.896489 0.198991 0.037383 0.035161
0 0.932130 0.931216 0.041351 0.035413
0 0.579478 0.632760 0.030816 0.028730
0 0.013111 0.221765 0.025941 0.028453
0 0.922391 0.486491 0.155218 0.155672
0 0.256097 0.395337 0.029508 0.028574
0 0.031957 0.512088 0.063914 0.072263
0 0.956544 0.951590 0.039604 0.034627
0 0.632049 0.130488 0.033259 0.029846
0 0.610039 0.574473 0.021323 0.021025
0 0.320295 0.694243 0.031436 0.028531
0 0.709001 0.119549 0.029023 0.026521
0 0.955918 0.595945 0.046537 0.040386
0 0.968604 0.100346 0.033051 0.029918
0 0.505373 0.745714 0.039473 0.034486
0 0.109737 0.691630 0.030439 0.025742
0 0.835452 0.959413 0.029352 0.026648
0 0.340352 0.039935 0.029994 0.026756
0 0.931660 0.231875 0.045619 0.040723
0 0.941583 0.381405 0.027697 0.025675
0 0.893677 0.959195 0.042068 0.036318
0 0.025285 0.311259 0.027388 0.026711
0 0.221640 0.988843 0.044772 0.021924
0 0.722770 0.826121 0.029030 0.026130
