0 0.664963 0.479462 0.065622 0.060422
0 0.532723 0.754137 0.056855 0.050336
0 0.658500 0.037244 0.048795 0.045476
0 0.457409 0.530037 0.030644 0.030431
0 0.283030 0.382857 0.074920 0.068604
0 0.832234 0.319992 0.055881 0.053240
0 0.105651 0.386041 0.048334 0.045127
0 0.612332 0.592286 0.035304 0.033758
0 0.522455 0.869050 0.061896 0.052460
0 0.208014 0.824266 0.035709 0.033308
0 0.419654 0.282845 0.031683 0.031321
0 0.742458 0.983986 0.038148 0.030800
0 0.973292 0.668523 0.034541 0.031504
0 0.374394 0.238228 0.032070 0.029775
0 0.231802 0.934781 0.046363 0.037580
0 0.965895 0.181749 0.034985 0.031313
0 0.926552 0.052597 0.039599 0.035846
0 0.765332 0.038680 0.051888 0.047010
0 0.895551 0.971742 0.059783 0.051048
0 0.813695 0.177530 0.033960 0.031689
0 0.857561 0.363019 0.059792 0.054043
0 0.692096 0.133941 0.038923 0.034930
0 0.204303 0.708296 0.063409 0.058631
0 0.802804 0.741110 0.035098 0.032623
0 0.864995 0.625165 0.058174 0.050659
0 0.079318 0.820424 0.051960 0.047676
0 0.164479 0.470790 0.039744 0.039030
0 0.230676 0.986742 0.034352 0.026426
0 0.041348 0.776065 0.033469 0.032715
0 0.619013 0.251191 0.049801 0.044248
0 0.316996 0.960053 0.029746 0.027007
0 0.318876 0.542936 0.024414 0.023385
0 0.167803 0.533937 0.022986 0.022251
0 0.866424 0.404831 0.045154 0.040469
0 0.991921 0.793237 0.016157 0.027130
0 0.523092 0.007951 0.035701 0.015796
0 0.096332 0.847903 0.033356 0.030355
0 0.623411 0.062299 0.035425 0.032748
0 0.958039 0.433296 0.080397 0.073178
0 0.035507 0.530708 0.027780 0.026261
0 0.552415 0.459821 0.026839 0.026833
0 0.771645 0.496534 0.024737 0.023444
0 0.072792 0.640565 0.145023 0.169714
0 0.179624 0.922107 0.027206 0.025335
0 0.651514 0.814787 0.055281 0.051395
0 0.731934 0.881169 0.035419 0.031300
0 0.869385 0.921744 0.150230 0.130517
0 0.112485 0.102406 0.048488 0.043737
0 0.603579 0.025183 0.027086 0.024928
0 0.284537 0.718673 0.072023 0.065000
0 0.812580 0.635397 0.039648 0.036863
0 0.718889 0.330562 0.185327 0.162707
0 0.283345 0.837091 0.022965 0.022081
0 0.130847 0.031578 0.024309 0.022476
0 0.890170 0.617248 0.219660 0.327368
0 0.317739 0.640313 0.080929 0.077059
0 0.478694 0.772804 0.026354 0.024617
0 0.391179 0.721778 0.135958 0.132103
0 0.685305 0.858008 0.065469 0.058566
0 0.064859 0.795571 0.028944 0.026982
0 0.521165 0.126740 0.084001 0.074071
0 0.407368 0.216407 0.026695 0.024745
0 0.852189 0.758677 0.035243 0.033193
0 0.614524 0.410383 0.027725 0.026588
0 0.165047 0.767011 0.168090 0.148632
0 0.059114 0.269654 0.024787 0.023210
0 0.665451 0.754026 0.025575 0.024689
0 0.466850 0.677678 0.040496 0.035724
0 0.614808 0.114469 0.029130 0.027980
0 0.539927 0.910937 0.026934 0.025626
0 0.688000 0.203217 0.080240 0.075954
0 0.959575 0.974680 0.080849 0.049594
0 0.940319 0.295742 0.119362 0.232376
0 0.121539 0.762043 0.022329 0.021386
0 0.580013 0.030032 0.086938 0.060064
0 0.079879 0.473795 0.026635 0.026348
0 0.845622 0.257460 0.069308 0.064015
0 0.679366 0.662503 0.083741 0.073387
0 0.426276 0.539834 0.021449 0.021365
0 0.769089 0.228349 0.030619 0.030302
0 0.535683 0.805554 0.064903 0.059886
0 0.582807 0.332802 0.022436 0.021846
0 0.342879 0.483527 0.022311 0.021964
0 0.347730 0.959952 0.023187 0.022595
0 0.709027 0.771228 0.027289 0.025971
0 0.912773 0.398410 0.045400 0.040933
0 0.975544 0.935782 0.031523 0.028553
0 0.287171 0.736174 0.047286 0.028500
0 0.090372 0.239453 0.157983 0.146564
0 0.426841 0.914641 0.023310 0.022015
