0 0.598774 0.771786 0.044596 0.044373
0 0.233648 0.480651 0.046952 0.046575
0 0.022210 0.747988 0.039534 0.038979
0 0.413296 0.763068 0.037348 0.037410
0 0.648538 0.401086 0.030536 0.030495
0 0.227768 0.640462 0.031399 0.031141
0 0.716681 0.828067 0.029735 0.029038
0 0.583120 0.289224 0.036502 0.035750
0 0.349133 0.731449 0.035176 0.035214
0 0.950429 0.918358 0.026587 0.026417
0 0.479496 0.968828 0.036668 0.035824
0 0.647441 0.458144 0.027043 0.027202
0 0.416724 0.545919 0.029529 0.029169
0 0.355582 0.944876 0.030267 0.030141
0 0.554282 0.442180 0.029933 0.029563
0 0.807499 0.642091 0.032755 0.032745
0 0.468289 0.942198 0.027510 0.027334
0 0.411010 0.717157 0.023283 0.022829
0 0.752511 0.576579 0.023101 0.022727
0 0.415014 0.976280 0.028520 0.029010
0 0.672164 0.699100 0.034510 0.033961
0 0.309832 0.543353 0.023842 0.023273
0 0.086663 0.856942 0.026235 0.026326
0 0.039147 0.508929 0.023760 0.024076
0 0.128253 0.862431 0.108912 0.106533
0 0.909120 0.809908 0.023442 0.023428
0 0.723832 0.674588 0.078437 0.077289
0 0.279535 0.425585 0.023521 0.023832
0 0.309380 0.197414 0.023925 0.023259
0 0.189155 0.456293 0.056167 0.054738
0 0.286552 0.019792 0.027073 0.027020
0 0.438020 0.067442 0.030383 0.029792
0 0.267668 0.097232 0.033715 0.033669
0 0.178154 0.962424 0.029995 0.029769
0 0.175699 0.343867 0.028285 0.028412
0 0.906281 0.065228 0.056902 0.056739
0 0.226015 0.987969 0.052165 0.024061
0 0.673943 0.419898 0.025650 0.025539
