0 0.065813 0.167676 0.074197 0.054361
0 0.876097 0.536870 0.136098 0.103167
0 0.290447 0.228193 0.073265 0.055345
0 0.356897 0.205651 0.067882 0.049700
0 0.420930 0.041686 0.143003 0.082614
0 0.772120 0.937971 0.283740 0.124058
0 0.343502 0.264127 0.050049 0.035646
0 0.859028 0.041961 0.077766 0.057010
0 0.559278 0.253028 0.077068 0.054364
0 0.919390 0.344388 0.069804 0.060311
0 0.879238 0.266114 0.063142 0.047191
0 0.183976 0.109973 0.054297 0.039518
0 0.443693 0.664143 0.635089 0.488700
0 0.565182 0.052670 0.144354 0.101722
0 0.856323 0.357748 0.069953 0.056126
0 0.174290 0.479816 0.049270 0.038843
0 0.452187 0.175735 0.126952 0.097743
0 0.882775 0.826794 0.121235 0.100924
0 0.632763 0.188709 0.107547 0.072744
0 0.438074 0.106310 0.048194 0.036990
