0 0.926708 0.159833 0.146584 0.135039
0 0.814866 0.471692 0.055050 0.043688
0 0.576214 0.088557 0.045872 0.036714
0 0.522344 0.012022 0.040490 0.023724
0 0.126548 0.657399 0.041687 0.033839
0 0.481522 0.588104 0.044859 0.034380
0 0.202937 0.520767 0.035984 0.029785
0 0.051304 0.013551 0.098755 0.026525
0 0.163305 0.172279 0.040899 0.034728
0 0.715949 0.522586 0.035378 0.029494
0 0.251242 0.872735 0.041307 0.033335
0 0.187004 0.879656 0.038493 0.034682
0 0.984301 0.520630 0.031174 0.029134
0 0.012827 0.483487 0.025655 0.034447
0 0.501808 0.871075 0.036216 0.028465
0 0.012906 0.602212 0.025811 0.034279
0 0.294014 0.017684 0.030773 0.028161
0 0.969088 0.253759 0.061809 0.095191
0 0.386521 0.028774 0.030628 0.025256
0 0.700540 0.263524 0.027505 0.024199
0 0.013719 0.642568 0.027439 0.041730
0 0.042034 0.893681 0.031275 0.027936
0 0.990607 0.683058 0.018564 0.025927
