0 0.101884 0.464634 0.050249 0.049376
0 0.160301 0.396392 0.059375 0.058758
0 0.150207 0.717623 0.031557 0.031531
0 0.361580 0.552052 0.034867 0.035272
0 0.210190 0.774794 0.026231 0.026517
0 0.613844 0.663376 0.029011 0.029464
0 0.955516 0.145980 0.039439 0.039165
0 0.186385 0.263250 0.062167 0.060332
0 0.204159 0.601366 0.061879 0.061669
0 0.227441 0.182262 0.026409 0.026132
0 0.444431 0.915464 0.031046 0.030798
0 0.124683 0.257403 0.027042 0.026813
0 0.172176 0.480029 0.028922 0.029195
0 0.677048 0.794562 0.025358 0.025225
0 0.033217 0.659105 0.052719 0.053455
0 0.478844 0.989269 0.028529 0.021461
0 0.132771 0.062772 0.026820 0.026755
0 0.358604 0.144601 0.034298 0.034117
0 0.382485 0.462036 0.025095 0.024762
0 0.202503 0.523666 0.022499 0.022478
0 0.794117 0.822066 0.024669 0.025148
0 0.060038 0.536293 0.040793 0.042440
0 0.260660 0.448650 0.023565 0.023410
0 0.010505 0.094829 0.021010 0.024496
0 0.217145 0.937335 0.023492 0.023346
0 0.112372 0.577606 0.021266 0.021009
0 0.051472 0.710548 0.021887 0.022059
0 0.169677 0.925241 0.025743 0.025208
0 0.245138 0.483507 0.049072 0.048864
0 0.085836 0.121874 0.024220 0.023814
0 0.161692 0.243411 0.025563 0.026685
0 0.948534 0.715206 0.022211 0.022442
0 0.298290 0.520812 0.028737 0.028821
0 0.118414 0.079841 0.022538 0.022652
0 0.834553 0.875441 0.021719 0.021662
0 0.091145 0.544597 0.025589 0.026055
0 0.947172 0.665135 0.023871 0.024401
0 0.837354 0.960147 0.022991 0.023096
0 0.017409 0.564243 0.022623 0.022064
0 0.913770 0.223452 0.031106 0.031116
0 0.272795 0.164698 0.022597 0.023304
0 0.793208 0.976793 0.021262 0.021449
0 0.450342 0.884659 0.021514 0.020862
