0 0.364758 0.611127 0.023532 0.023989
0 0.647810 0.525931 0.029465 0.029424
0 0.217076 0.109329 0.026976 0.027176
0 0.606993 0.488988 0.026429 0.026943
0 0.056603 0.455401 0.113207 0.131043
0 0.122394 0.259957 0.028302 0.028761
0 0.744443 0.109263 0.024305 0.024315
0 0.558915 0.834667 0.039387 0.039270
0 0.285795 0.349663 0.032053 0.031527
0 0.318107 0.966017 0.028482 0.028657
0 0.429849 0.570987 0.021807 0.022005
0 0.124518 0.757287 0.057943 0.058821
0 0.086836 0.103484 0.030415 0.031114
0 0.280122 0.193096 0.027328 0.027400
0 0.549474 0.097329 0.023427 0.023487
0 0.076397 0.140502 0.043080 0.042735
0 0.716108 0.967959 0.029718 0.029523
0 0.618946 0.136990 0.041691 0.041613
0 0.104532 0.306825 0.030731 0.030759
0 0.640972 0.957334 0.040478 0.040062
0 0.036859 0.136563 0.022297 0.022375
0 0.570672 0.085411 0.025205 0.025211
0 0.596765 0.104376 0.032047 0.032275
0 0.268383 0.123577 0.020564 0.020685
0 0.379676 0.908210 0.023986 0.024271
0 0.659041 0.841000 0.020855 0.020975
0 0.063125 0.167855 0.022101 0.022298
0 0.606635 0.801379 0.034546 0.033920
0 0.675594 0.052245 0.031273 0.031046
0 0.873516 0.096737 0.020998 0.020848
0 0.623832 0.809903 0.021028 0.020893
0 0.126839 0.316912 0.021672 0.021630
0 0.446886 0.313811 0.021438 0.021347
0 0.688794 0.032276 0.025459 0.024872
0 0.681028 0.015155 0.023352 0.023509
0 0.789072 0.235004 0.022206 0.022754
0 0.346137 0.276473 0.021924 0.022204
0 0.272873 0.382011 0.018775 0.018479
0 0.865759 0.291667 0.029718 0.029955
0 0.367218 0.536481 0.026017 0.024906
0 0.664728 0.006552 0.026257 0.012714
0 0.608230 0.054831 0.020792 0.021477
0 0.540112 0.722486 0.080232 0.081642
0 0.515414 0.030876 0.017620 0.017265
0 0.379361 0.975847 0.021483 0.021845
0 0.992422 0.278273 0.015157 0.025469
0 0.629550 0.931094 0.021878 0.022303
0 0.040031 0.848422 0.019667 0.020199
0 0.149530 0.465671 0.018302 0.018712
0 0.835316 0.109406 0.017474 0.017392
0 0.007675 0.726761 0.015199 0.017085
0 0.750201 0.291384 0.018551 0.018720
0 0.701651 0.655945 0.018596 0.018491
0 0.656737 0.627434 0.018616 0.018669
0 0.571713 0.143581 0.017407 0.017445
0 0.200856 0.574252 0.018506 0.018524
0 0.431022 0.174073 0.018712 0.018682
