0 0.481735 0.409236 0.150060 0.131213
0 0.541497 0.523257 0.056839 0.047472
0 0.880282 0.657735 0.050331 0.042650
0 0.694045 0.338910 0.148785 0.122041
0 0.194053 0.386420 0.034503 0.030625
0 0.185292 0.415583 0.031980 0.029952
0 0.244107 0.960333 0.115420 0.078545
0 0.306971 0.162662 0.030536 0.026564
0 0.349857 0.549289 0.034120 0.031753
0 0.840009 0.417789 0.113752 0.097613
0 0.984542 0.674079 0.030916 0.031911
0 0.269608 0.232207 0.032116 0.027610
0 0.249978 0.041742 0.028162 0.024847
0 0.770543 0.494800 0.089831 0.075649
0 0.740368 0.441222 0.048632 0.040213
0 0.321461 0.380805 0.025429 0.024991
0 0.844750 0.238504 0.045849 0.035073
0 0.848224 0.592594 0.034952 0.030407
0 0.387609 0.055925 0.023742 0.022947
0 0.790818 0.824097 0.115893 0.093996
0 0.593570 0.298059 0.075144 0.065077
0 0.549686 0.913141 0.028471 0.026813
0 0.352080 0.228178 0.021348 0.020305
0 0.197082 0.296664 0.022540 0.021923
0 0.965076 0.061830 0.069848 0.105034
0 0.919385 0.799493 0.161230 0.172779
