0 0.612096 0.114763 0.046020 0.046172
0 0.355007 0.507098 0.041428 0.041272
0 0.527013 0.672806 0.031483 0.030817
0 0.652523 0.129871 0.028720 0.028143
0 0.446434 0.898219 0.033537 0.033332
0 0.345023 0.033589 0.028322 0.028208
0 0.962824 0.270939 0.026066 0.025376
0 0.881123 0.012800 0.025240 0.024885
0 0.124696 0.094062 0.031855 0.031750
0 0.179054 0.425083 0.028670 0.028132
0 0.564640 0.419296 0.025027 0.025356
0 0.646892 0.566843 0.027998 0.028436
0 0.159955 0.453804 0.034208 0.033570
0 0.712486 0.228457 0.022612 0.022910
0 0.247868 0.387873 0.028728 0.027901
0 0.525124 0.596301 0.024266 0.024405
0 0.827830 0.234939 0.025527 0.025709
0 0.147289 0.428350 0.030301 0.030038
0 0.657666 0.428008 0.023120 0.023085
0 0.968967 0.409272 0.024137 0.023947
0 0.015013 0.533666 0.022902 0.022717
0 0.218609 0.038743 0.022236 0.021483
