0 0.949726 0.185969 0.047290 0.047294
0 0.893046 0.447874 0.037804 0.037728
0 0.456497 0.128339 0.089145 0.089763
0 0.254969 0.352492 0.031908 0.031871
0 0.313868 0.764929 0.103387 0.105162
0 0.928004 0.062688 0.028060 0.027997
0 0.781768 0.602420 0.126550 0.128927
0 0.503432 0.497568 0.240312 0.238587
0 0.187394 0.803344 0.250760 0.250180
0 0.961277 0.736767 0.077019 0.111906
0 0.850409 0.471780 0.029274 0.029519
0 0.554588 0.286290 0.022955 0.022999
0 0.447608 0.707349 0.021592 0.021527
0 0.904281 0.072712 0.191057 0.144721
0 0.513200 0.506581 0.023240 0.023510
0 0.487214 0.291170 0.024064 0.023931
0 0.059874 0.680352 0.118187 0.229299
0 0.247167 0.409662 0.022411 0.022044
0 0.599586 0.893720 0.337505 0.212502
0 0.277855 0.680737 0.020236 0.020481
0 0.725127 0.404046 0.030850 0.031107
0 0.576336 0.193883 0.022147 0.022623
0 0.747542 0.921884 0.096406 0.097142
0 0.472078 0.667933 0.021168 0.021201
0 0.601827 0.885453 0.023957 0.023681
0 0.176493 0.176989 0.177555 0.176377
0 0.242977 0.311636 0.020704 0.020700
0 0.121854 0.605465 0.035442 0.035511
0 0.738103 0.179658 0.065032 0.066011
0 0.537203 0.037643 0.310916 0.074298
0 0.488885 0.458846 0.019967 0.019805
0 0.390005 0.843981 0.113274 0.112678
0 0.128328 0.634676 0.025359 0.024587
0 0.933070 0.426311 0.019348 0.019952
0 0.250873 0.921556 0.398688 0.156347
0 0.642624 0.185598 0.022703 0.022818
0 0.983173 0.208311 0.033653 0.104709
0 0.130492 0.930382 0.031697 0.032715
0 0.696567 0.378385 0.048379 0.047315
