0 0.120546 0.682853 0.024804 0.024611
0 0.568277 0.198527 0.027009 0.026761
0 0.930330 0.772461 0.045144 0.045215
0 0.067261 0.013980 0.038634 0.027904
0 0.492902 0.860131 0.281585 0.270941
0 0.888371 0.690424 0.043692 0.044098
0 0.969431 0.684320 0.026237 0.026092
0 0.156211 0.531412 0.044338 0.044219
0 0.523173 0.298777 0.032925 0.033299
0 0.918547 0.453867 0.024462 0.024329
0 0.590379 0.355632 0.047519 0.046761
0 0.109654 0.057464 0.033202 0.033779
0 0.022011 0.176965 0.028179 0.028383
0 0.926533 0.651534 0.024163 0.023652
0 0.965651 0.611590 0.026184 0.026696
0 0.365175 0.339408 0.060320 0.060058
0 0.266460 0.616958 0.047630 0.046960
0 0.215230 0.984916 0.028253 0.027748
0 0.185189 0.808687 0.029473 0.029296
0 0.295313 0.391419 0.041232 0.042187
0 0.051911 0.247836 0.031190 0.031361
0 0.320583 0.878057 0.081085 0.081182
0 0.267652 0.135785 0.029180 0.029399
0 0.483251 0.604567 0.088679 0.089678
0 0.537275 0.659097 0.062598 0.063090
0 0.066372 0.528481 0.132546 0.181984
0 0.319529 0.746115 0.021336 0.021552
0 0.105739 0.401793 0.031132 0.031264
0 0.323804 0.156841 0.091613 0.092952
0 0.381090 0.416850 0.074277 0.072999
0 0.109499 0.446063 0.027380 0.027492
0 0.539911 0.331961 0.023145 0.022676
0 0.834927 0.240410 0.025352 0.025798
0 0.719009 0.966291 0.037006 0.037980
0 0.849452 0.558886 0.021382 0.021586
0 0.134394 0.879430 0.023731 0.023689
0 0.254583 0.506193 0.030274 0.030913
0 0.588681 0.490330 0.032622 0.032765
0 0.424553 0.698197 0.028513 0.029527
0 0.922825 0.618718 0.020854 0.021509
0 0.034406 0.314404 0.068811 0.117072
0 0.072166 0.133592 0.029123 0.029438
0 0.026326 0.249677 0.021984 0.021576
0 0.961631 0.425618 0.024697 0.025477
0 0.427534 0.626982 0.035049 0.034983
0 0.150069 0.904517 0.028083 0.027992
0 0.069689 0.695956 0.022542 0.022582
0 0.920094 0.484462 0.036625 0.037253
0 0.040560 0.472119 0.064182 0.065354
0 0.058917 0.324505 0.048669 0.048700
0 0.916864 0.710572 0.022965 0.022324
0 0.742320 0.627579 0.032320 0.032758
0 0.366607 0.584213 0.022799 0.022553
0 0.132885 0.103694 0.019671 0.020194
0 0.445711 0.265295 0.022994 0.022711
0 0.819012 0.456967 0.047359 0.047361
0 0.684785 0.978219 0.043181 0.042640
0 0.344289 0.619874 0.018682 0.019471
0 0.359809 0.712966 0.019096 0.019322
0 0.022430 0.338442 0.043575 0.067776
0 0.174664 0.964884 0.020460 0.019743
0 0.981748 0.521504 0.018069 0.018419
0 0.107823 0.932041 0.021116 0.021124
0 0.440423 0.988284 0.031095 0.023432
0 0.072138 0.081063 0.025328 0.025125
0 0.081819 0.837442 0.034147 0.033686
0 0.554562 0.565362 0.021841 0.022622
0 0.831162 0.669473 0.020219 0.020329
0 0.359730 0.696490 0.018254 0.016844
0 0.727481 0.925896 0.033820 0.034178
0 0.369562 0.446593 0.030698 0.028477
0 0.241678 0.807384 0.020164 0.019967
0 0.120939 0.209385 0.029697 0.030926
