0 0.150717 0.937028 0.031982 0.032119
0 0.486591 0.607657 0.043935 0.043259
0 0.523248 0.503800 0.024205 0.024404
0 0.104607 0.747536 0.030654 0.030863
0 0.783547 0.179472 0.062967 0.063742
0 0.106721 0.077971 0.038193 0.037565
0 0.368573 0.923302 0.032151 0.032430
0 0.186745 0.716508 0.048278 0.048613
0 0.016120 0.086435 0.032239 0.044083
0 0.947997 0.588230 0.036326 0.036438
0 0.481195 0.564549 0.030725 0.030381
0 0.752599 0.761581 0.026331 0.026711
0 0.521123 0.176241 0.032359 0.032248
0 0.010575 0.605114 0.021151 0.025394
0 0.208156 0.952317 0.023499 0.024044
0 0.981709 0.781064 0.036581 0.041602
0 0.266690 0.868820 0.025433 0.025323
0 0.659110 0.603199 0.027168 0.026654
0 0.063165 0.148046 0.021296 0.021359
0 0.908179 0.930071 0.031841 0.032019
0 0.175978 0.992826 0.027931 0.014034
0 0.657518 0.956576 0.242484 0.086835
0 0.946191 0.985863 0.033046 0.028275
0 0.120507 0.789974 0.046521 0.046871
0 0.901628 0.178014 0.032483 0.031294
0 0.356674 0.657476 0.027752 0.027260
0 0.950181 0.551731 0.021815 0.022327
0 0.945805 0.108311 0.034210 0.033696
0 0.485265 0.962573 0.023657 0.023230
0 0.525225 0.855321 0.023631 0.023620
0 0.607729 0.438778 0.023731 0.024206
0 0.223115 0.663884 0.223053 0.227723
0 0.821221 0.957035 0.116496 0.085701
0 0.599670 0.637523 0.021364 0.021106
0 0.900036 0.147930 0.027378 0.028784
0 0.455948 0.752635 0.022222 0.021991
0 0.626685 0.239457 0.021927 0.022059
0 0.963785 0.043429 0.020294 0.019661
0 0.361148 0.838592 0.021478 0.021433
0 0.445852 0.347823 0.318646 0.312140
0 0.532837 0.051102 0.022544 0.022286
0 0.586134 0.270447 0.025829 0.025711
0 0.131715 0.616245 0.019207 0.019092
0 0.463544 0.441030 0.025974 0.026307
0 0.524665 0.342300 0.026792 0.027025
0 0.020095 0.237190 0.020885 0.020201
0 0.304791 0.473390 0.023453 0.023414
