0 0.648982 0.393216 0.027941 0.027868
0 0.748562 0.574720 0.021964 0.022415
0 0.328523 0.728482 0.023876 0.024114
0 0.052712 0.143124 0.028953 0.029090
0 0.535890 0.238961 0.274170 0.278661
0 0.145397 0.639568 0.033076 0.032818
0 0.314635 0.243945 0.043493 0.043348
0 0.044340 0.367125 0.023922 0.023650
0 0.660179 0.490359 0.131353 0.132775
0 0.508369 0.455127 0.029313 0.029260
0 0.570338 0.587859 0.032422 0.032479
0 0.176684 0.111684 0.021488 0.021482
0 0.925754 0.230374 0.048843 0.049187
0 0.452753 0.647445 0.031525 0.031577
0 0.775637 0.229895 0.027283 0.027053
0 0.360700 0.291997 0.029374 0.029908
0 0.396935 0.319201 0.033781 0.033959
0 0.724984 0.986403 0.030055 0.027193
0 0.587697 0.928613 0.029480 0.029031
0 0.477961 0.856574 0.025205 0.025773
0 0.324407 0.949146 0.026483 0.026795
0 0.187506 0.682392 0.028044 0.027764
0 0.040527 0.309171 0.039389 0.038871
0 0.163726 0.250612 0.055785 0.057234
0 0.131974 0.096282 0.055108 0.055177
0 0.279741 0.767342 0.025847 0.025850
0 0.498356 0.049160 0.040288 0.039847
0 0.658472 0.629801 0.032020 0.031574
0 0.829994 0.099011 0.020919 0.021049
0 0.238891 0.445140 0.047703 0.047419
0 0.237638 0.142726 0.030781 0.030136
0 0.516132 0.688397 0.052492 0.052641
0 0.751416 0.355223 0.093726 0.091870
0 0.084063 0.171877 0.033958 0.035029
0 0.501276 0.419996 0.020716 0.021044
0 0.679010 0.374956 0.027927 0.028572
0 0.721659 0.750059 0.022981 0.023514
0 0.880499 0.360633 0.037054 0.037998
0 0.775415 0.325788 0.020173 0.020366
0 0.446154 0.387356 0.021369 0.021319
0 0.549124 0.007768 0.024292 0.015263
0 0.328354 0.160684 0.031878 0.032297
0 0.568651 0.818745 0.030754 0.030765
0 0.684242 0.643686 0.032054 0.032029
0 0.593555 0.111677 0.026543 0.026839
0 0.046924 0.176247 0.040218 0.040058
0 0.535746 0.979084 0.047194 0.041832
0 0.549611 0.540709 0.025043 0.024454
0 0.489762 0.526035 0.025515 0.025481
0 0.831679 0.759543 0.022219 0.022516
0 0.936895 0.325903 0.020377 0.020361
0 0.146591 0.388349 0.102342 0.102035
0 0.013603 0.385716 0.024012 0.023403
0 0.706477 0.418107 0.021860 0.022405
0 0.129590 0.978489 0.135200 0.043022
0 0.491437 0.839500 0.019458 0.020345
0 0.610788 0.088343 0.022900 0.022321
0 0.383411 0.750248 0.025940 0.025957
0 0.726094 0.646244 0.020150 0.020350
0 0.276515 0.011650 0.068368 0.023299
0 0.571111 0.672116 0.081668 0.080752
0 0.284905 0.797198 0.026643 0.026551
0 0.923192 0.112125 0.067095 0.067019
0 0.176748 0.170043 0.020148 0.020020
0 0.912322 0.845608 0.175355 0.308785
0 0.272371 0.934696 0.036747 0.036861
0 0.769291 0.485301 0.020919 0.021644
0 0.063080 0.943700 0.018709 0.018757
0 0.450439 0.610945 0.022287 0.022242
0 0.368250 0.674603 0.018196 0.018335
0 0.270959 0.091596 0.075981 0.074778
0 0.472284 0.596620 0.022180 0.022220
0 0.101491 0.210312 0.073549 0.074448
0 0.457601 0.834691 0.018907 0.019000
0 0.811097 0.313169 0.022559 0.022661
0 0.172859 0.654780 0.031301 0.031287
0 0.980116 0.148465 0.039216 0.044587
0 0.349260 0.329343 0.021256 0.021161
0 0.209069 0.121247 0.018134 0.018313
0 0.909486 0.341746 0.018142 0.017976
0 0.127174 0.677511 0.018266 0.018429
0 0.988682 0.651678 0.020571 0.022273
0 0.100204 0.234939 0.022039 0.022864
0 0.705494 0.583564 0.032113 0.031821
0 0.391231 0.451033 0.018374 0.018452
0 0.260020 0.160283 0.025643 0.026769
0 0.972430 0.640338 0.017459 0.017583
0 0.199020 0.082566 0.017849 0.017847
0 0.859929 0.049467 0.140466 0.098933
0 0.463076 0.817307 0.018239 0.018703
0 0.183513 0.042725 0.139371 0.084984
0 0.567351 0.625185 0.024407 0.024572
0 0.575249 0.971253 0.017518 0.018137
0 0.188511 0.468214 0.018253 0.018049
0 0.120438 0.244712 0.023497 0.023054
0 0.290418 0.208564 0.041834 0.041799
0 0.553955 0.547494 0.034280 0.034564
0 0.060007 0.541533 0.030287 0.030740
0 0.786559 0.462945 0.029403 0.031911
