0 0.869968 0.614206 0.045869 0.045754
0 0.326030 0.118810 0.042543 0.042456
0 0.053045 0.824595 0.023545 0.023372
0 0.733476 0.646521 0.023878 0.024181
0 0.094028 0.205847 0.060966 0.061849
0 0.734633 0.302583 0.023889 0.024032
0 0.437726 0.702618 0.025492 0.025969
0 0.943080 0.625080 0.025931 0.026161
0 0.269660 0.156226 0.025179 0.025514
0 0.964607 0.380691 0.070609 0.073982
0 0.914028 0.566232 0.034071 0.033790
0 0.868654 0.904914 0.027506 0.027420
0 0.540349 0.309510 0.021183 0.021128
0 0.710959 0.887328 0.025654 0.025880
0 0.009869 0.200028 0.019738 0.044934
0 0.040629 0.534378 0.023748 0.023320
0 0.028717 0.324933 0.022904 0.023018
0 0.902553 0.191566 0.028265 0.028538
0 0.017574 0.575596 0.022669 0.022771
0 0.807786 0.548413 0.032806 0.033666
0 0.732741 0.196031 0.021433 0.021422
0 0.951079 0.950588 0.097842 0.098508
0 0.228319 0.198863 0.028929 0.028054
0 0.635500 0.504007 0.022040 0.022419
0 0.639934 0.258402 0.035962 0.035621
0 0.176208 0.127544 0.053303 0.052765
0 0.842973 0.919577 0.028908 0.029424
0 0.668998 0.359240 0.022635 0.022734
0 0.056024 0.351195 0.019769 0.019917
0 0.347693 0.047075 0.019859 0.019630
0 0.190452 0.704574 0.020842 0.020626
0 0.524666 0.212594 0.078781 0.079138
0 0.021741 0.761690 0.021489 0.021503
0 0.334148 0.444359 0.020766 0.020793
0 0.948933 0.667207 0.023089 0.023151
0 0.658669 0.527718 0.021589 0.022004
0 0.419701 0.633219 0.020541 0.020400
0 0.255312 0.391144 0.020733 0.020672
0 0.671317 0.551241 0.020472 0.020894
0 0.800610 0.691205 0.051894 0.052721
0 0.135446 0.098160 0.019013 0.018871
0 0.122410 0.154533 0.021364 0.021473
0 0.988314 0.583906 0.020829 0.021271
0 0.539723 0.281269 0.018535 0.019267
0 0.722744 0.697517 0.088823 0.086812
0 0.481592 0.593459 0.020021 0.021432
0 0.262938 0.514505 0.019369 0.019297
0 0.315915 0.089698 0.024645 0.024314
0 0.797878 0.877385 0.062059 0.061877
0 0.233848 0.401344 0.020734 0.020544
0 0.781479 0.050904 0.021210 0.021548
0 0.433352 0.141833 0.029019 0.029792
0 0.369855 0.343800 0.130263 0.129879
0 0.205645 0.651356 0.090930 0.090740
0 0.802769 0.607308 0.022857 0.022727
0 0.476715 0.154565 0.020851 0.020480
0 0.563668 0.308771 0.022858 0.022339
0 0.723554 0.991092 0.031540 0.017817
