0 0.269177 0.455323 0.109508 0.108332
0 0.891827 0.137307 0.022219 0.022197
0 0.113446 0.313826 0.025725 0.025716
0 0.163212 0.279276 0.024544 0.024477
0 0.670662 0.066753 0.043072 0.042730
0 0.368841 0.416599 0.069604 0.069770
0 0.333771 0.471398 0.026094 0.026547
0 0.707394 0.179737 0.058956 0.058735
0 0.452584 0.294320 0.193166 0.191609
0 0.637864 0.706442 0.026257 0.026516
0 0.707126 0.684144 0.026615 0.026469
0 0.487946 0.140170 0.035924 0.036137
0 0.359738 0.539401 0.073060 0.073203
0 0.417471 0.669327 0.076641 0.076922
0 0.690033 0.257324 0.057050 0.056802
0 0.895301 0.522979 0.060016 0.061194
0 0.916908 0.665265 0.043724 0.043650
0 0.284251 0.035398 0.029187 0.029101
0 0.183215 0.634350 0.039643 0.039585
0 0.099011 0.178000 0.033840 0.033953
0 0.692219 0.717383 0.045511 0.045796
0 0.675730 0.890131 0.041486 0.041289
0 0.110949 0.906875 0.068128 0.066925
0 0.589878 0.466470 0.026371 0.026083
0 0.174899 0.054807 0.026813 0.026667
0 0.370228 0.339720 0.055092 0.054730
0 0.437595 0.735093 0.059296 0.059016
0 0.137920 0.777435 0.041189 0.040600
0 0.207542 0.335916 0.044806 0.044714
0 0.850771 0.219637 0.040970 0.041266
0 0.163170 0.140169 0.022361 0.022439
0 0.246270 0.807324 0.058832 0.058927
0 0.204965 0.153912 0.026025 0.026074
0 0.751000 0.509780 0.034991 0.035467
0 0.704686 0.829655 0.022950 0.023324
0 0.440980 0.497103 0.039981 0.039894
0 0.673343 0.365609 0.035207 0.035333
0 0.011352 0.682851 0.022704 0.029401
0 0.863595 0.789161 0.033482 0.033250
0 0.581810 0.526816 0.026485 0.026762
0 0.332368 0.595161 0.028408 0.028424
0 0.882438 0.243090 0.056935 0.057726
0 0.853526 0.416328 0.021299 0.021385
0 0.592824 0.224051 0.023742 0.024575
0 0.616167 0.822742 0.026720 0.027059
0 0.598103 0.671984 0.030902 0.031211
0 0.305959 0.841938 0.057279 0.056454
0 0.064186 0.168444 0.024205 0.023886
0 0.157338 0.834385 0.033756 0.033882
0 0.160115 0.952034 0.062745 0.062028
0 0.018599 0.824529 0.034997 0.036259
0 0.116173 0.621477 0.073154 0.072576
0 0.358038 0.640878 0.025327 0.025410
0 0.740183 0.475352 0.043219 0.043740
0 0.532236 0.771732 0.025104 0.025118
0 0.241992 0.555894 0.025442 0.024582
0 0.216633 0.724742 0.021741 0.021595
0 0.781767 0.447320 0.022378 0.022370
0 0.239777 0.738000 0.208203 0.218909
0 0.340383 0.320682 0.024444 0.024179
0 0.900736 0.633281 0.035063 0.035036
0 0.191310 0.830142 0.025774 0.025786
0 0.891494 0.106712 0.036287 0.036401
0 0.819896 0.432072 0.020781 0.020779
0 0.127685 0.202961 0.020452 0.020392
0 0.944902 0.621560 0.052581 0.053414
0 0.439159 0.551860 0.024720 0.024047
0 0.799137 0.017213 0.029771 0.029681
0 0.541322 0.633168 0.024373 0.024467
0 0.271024 0.230750 0.123375 0.120264
0 0.990935 0.668522 0.017737 0.021466
0 0.246752 0.579034 0.048129 0.046626
0 0.008100 0.073116 0.016109 0.024852
0 0.319792 0.142412 0.024941 0.024848
0 0.900646 0.047082 0.079626 0.081085
0 0.102524 0.848739 0.031209 0.031284
0 0.489034 0.923360 0.055177 0.055894
0 0.906142 0.404078 0.020445 0.020605
0 0.416375 0.886770 0.022949 0.022821
0 0.086852 0.201719 0.020120 0.020177
0 0.533765 0.212428 0.052813 0.053414
0 0.312055 0.627844 0.040242 0.041177
0 0.751958 0.608403 0.071977 0.072429
0 0.386541 0.862128 0.026031 0.025992
0 0.758225 0.562411 0.020231 0.020453
0 0.579385 0.866126 0.020111 0.020426
0 0.424905 0.122927 0.091116 0.091402
0 0.069447 0.227269 0.028069 0.027861
0 0.335128 0.279339 0.022646 0.022915
0 0.500180 0.195262 0.044862 0.044706
0 0.667007 0.846855 0.022917 0.023347
0 0.926878 0.558148 0.023717 0.022795
0 0.015934 0.909722 0.031868 0.110379
0 0.743373 0.008820 0.025669 0.017605
0 0.337780 0.023337 0.020146 0.020248
0 0.122284 0.566134 0.022829 0.022695
0 0.462509 0.947603 0.020562 0.020562
0 0.379780 0.054619 0.086599 0.086073
0 0.371800 0.589109 0.020061 0.020132
0 0.522993 0.811246 0.019752 0.019512
0 0.637930 0.504765 0.020234 0.020210
0 0.031537 0.101614 0.022235 0.022279
0 0.096226 0.031628 0.021867 0.022125
0 0.696504 0.752335 0.019375 0.019384
0 0.129666 0.800992 0.022452 0.022070
0 0.036800 0.007208 0.022561 0.014187
0 0.984867 0.634364 0.028890 0.029458
0 0.496011 0.384200 0.019630 0.019612
0 0.848899 0.295855 0.019238 0.019174
0 0.953976 0.993998 0.024042 0.012003
0 0.959314 0.563826 0.024996 0.025683
0 0.194693 0.417843 0.021861 0.021918
0 0.237368 0.216231 0.095531 0.103341
0 0.991460 0.587143 0.016105 0.018828
0 0.440480 0.280396 0.018235 0.017937
0 0.750800 0.898427 0.020818 0.021150
0 0.594506 0.076819 0.021810 0.022000
0 0.757254 0.628051 0.020875 0.021261
0 0.276009 0.147519 0.019527 0.019538
0 0.895189 0.862116 0.023006 0.023373
0 0.080650 0.723279 0.025765 0.025752
