0 0.256753 0.410476 0.065744 0.066493
0 0.780100 0.350020 0.040893 0.041031
0 0.081737 0.789983 0.048190 0.047913
0 0.336312 0.664897 0.042336 0.041839
0 0.050041 0.206966 0.056547 0.056442
0 0.360248 0.074000 0.028961 0.029077
0 0.338512 0.410216 0.039961 0.040661
0 0.925790 0.009737 0.027640 0.019474
0 0.045838 0.596516 0.034829 0.034341
0 0.367223 0.624167 0.028921 0.028589
0 0.309154 0.390611 0.031267 0.031374
0 0.031496 0.830920 0.028172 0.028459
0 0.777932 0.042273 0.027923 0.027152
0 0.166461 0.554472 0.030614 0.030940
0 0.409377 0.840737 0.025132 0.025173
0 0.351092 0.171295 0.026552 0.026748
0 0.081037 0.408282 0.026971 0.027107
0 0.703044 0.805608 0.022423 0.022926
0 0.284094 0.164276 0.038339 0.038655
0 0.427365 0.134069 0.033010 0.033380
0 0.691532 0.901249 0.021187 0.021813
0 0.397317 0.021558 0.023719 0.023646
0 0.690207 0.955403 0.021612 0.021542
0 0.373622 0.127790 0.034435 0.032723
0 0.178074 0.146534 0.027866 0.027631
0 0.361791 0.550299 0.033319 0.033999
0 0.101127 0.863564 0.023642 0.023915
0 0.019127 0.270421 0.028658 0.028533
0 0.596808 0.087944 0.023853 0.023922
0 0.752476 0.043343 0.024267 0.024104
0 0.397903 0.526070 0.036095 0.036364
0 0.496564 0.711511 0.023943 0.024160
0 0.302217 0.984010 0.024503 0.024784
0 0.984445 0.069385 0.031110 0.040486
0 0.305147 0.856458 0.022738 0.022622
0 0.922773 0.095126 0.019588 0.019841
