0 0.016703 0.015826 0.033405 0.031335
0 0.185826 0.049394 0.042497 0.042044
0 0.277525 0.008121 0.031424 0.016236
0 0.702496 0.982403 0.055623 0.035159
0 0.356039 0.226186 0.026201 0.025703
0 0.542476 0.579073 0.022756 0.022831
0 0.251515 0.233653 0.027853 0.027846
0 0.227740 0.218427 0.027619 0.026926
0 0.087335 0.587680 0.022591 0.022505
0 0.406483 0.631598 0.022252 0.022381
0 0.969346 0.054500 0.027162 0.026445
0 0.393531 0.048893 0.020889 0.020433
0 0.172235 0.139931 0.024038 0.023954
0 0.192714 0.190508 0.045753 0.045036
0 0.773592 0.030951 0.026019 0.025371
