0 0.033440 0.113155 0.027241 0.025987
0 0.312726 0.844413 0.105425 0.102862
0 0.716073 0.293326 0.028359 0.027474
0 0.624126 0.688012 0.031904 0.029050
0 0.735887 0.706254 0.038723 0.037717
0 0.052360 0.628445 0.030632 0.028758
0 0.048456 0.787695 0.096911 0.172963
0 0.185420 0.534571 0.026378 0.025446
0 0.530940 0.606939 0.048144 0.045778
0 0.559731 0.783443 0.042159 0.038491
0 0.976296 0.191505 0.028258 0.026750
0 0.109411 0.534811 0.216727 0.214895
0 0.146526 0.642751 0.029521 0.028986
0 0.221332 0.710448 0.038510 0.037426
0 0.226450 0.860756 0.061682 0.058945
0 0.480601 0.503753 0.028124 0.028118
0 0.699171 0.797085 0.024832 0.023624
0 0.476393 0.601401 0.026287 0.025547
0 0.498332 0.714994 0.022860 0.022801
0 0.027108 0.091289 0.027146 0.026208
0 0.880173 0.538568 0.024723 0.023505
0 0.668081 0.876941 0.127970 0.119097
0 0.113647 0.533743 0.023205 0.023188
0 0.885916 0.504687 0.020217 0.020072
0 0.599907 0.787584 0.022207 0.021308
0 0.783423 0.767346 0.024615 0.024433
0 0.823808 0.992985 0.027396 0.013628
0 0.684489 0.698207 0.046565 0.046216
0 0.449422 0.212010 0.223961 0.207648
0 0.257915 0.904589 0.059273 0.057003
0 0.730080 0.992927 0.024929 0.013687
0 0.667296 0.953073 0.045264 0.043689
0 0.242774 0.959345 0.103543 0.081311
0 0.224966 0.659988 0.037276 0.036884
0 0.260697 0.969206 0.067448 0.060138
0 0.858800 0.870399 0.024176 0.023878
0 0.296070 0.942214 0.020966 0.020960
0 0.853296 0.306636 0.020711 0.020054
0 0.631480 0.134423 0.271188 0.236253
0 0.190859 0.649869 0.028101 0.027693
0 0.603849 0.770175 0.165610 0.161584
0 0.723869 0.928989 0.030133 0.029095
0 0.012390 0.607863 0.024255 0.060881
