0 0.456376 0.680493 0.264381 0.196846
0 0.218145 0.772839 0.124852 0.098660
0 0.870603 0.756034 0.075863 0.058822
0 0.612320 0.421284 0.064037 0.052198
0 0.341926 0.512294 0.040901 0.033434
0 0.232595 0.629224 0.030433 0.027709
0 0.481652 0.819550 0.105310 0.085068
0 0.020950 0.814566 0.041901 0.041742
0 0.784029 0.631558 0.089247 0.064494
0 0.537055 0.954207 0.043341 0.033690
0 0.785655 0.796201 0.428690 0.369384
0 0.148513 0.553962 0.027984 0.027543
0 0.348223 0.356179 0.151961 0.138802
0 0.614729 0.951995 0.032065 0.028253
0 0.558197 0.350134 0.031321 0.028614
0 0.700631 0.690042 0.045387 0.036485
0 0.170901 0.572706 0.032367 0.031744
0 0.188945 0.858279 0.113975 0.092670
0 0.624472 0.618202 0.034256 0.029534
0 0.038730 0.042592 0.022618 0.022335
0 0.123487 0.946131 0.245989 0.106172
0 0.603039 0.178349 0.616035 0.356698
0 0.662050 0.712667 0.035297 0.030583
0 0.798940 0.663164 0.038043 0.027986
0 0.920416 0.266839 0.104938 0.089429
0 0.095446 0.354867 0.190892 0.408724
