0 0.116910 0.647345 0.047267 0.047082
0 0.408181 0.837046 0.040290 0.039903
0 0.659791 0.528352 0.290729 0.293648
0 0.129420 0.570740 0.032891 0.033175
0 0.416877 0.239166 0.237401 0.249071
0 0.749110 0.412222 0.037805 0.037985
0 0.041951 0.138428 0.028746 0.028454
0 0.099518 0.864284 0.034841 0.035324
0 0.656262 0.397519 0.028449 0.028814
0 0.706083 0.961355 0.032235 0.031885
0 0.932274 0.661197 0.057052 0.057019
0 0.523306 0.055033 0.027699 0.027579
0 0.711073 0.934615 0.031501 0.031091
0 0.239159 0.668336 0.034043 0.034065
0 0.088415 0.297296 0.027880 0.027958
0 0.651060 0.072817 0.037231 0.037157
0 0.051408 0.243591 0.046659 0.046734
0 0.774729 0.205625 0.048410 0.048400
0 0.836485 0.021563 0.032456 0.031877
0 0.262460 0.611541 0.036312 0.037083
0 0.066622 0.211256 0.023707 0.023903
0 0.298495 0.014478 0.051269 0.028875
0 0.243358 0.859363 0.021725 0.022183
0 0.249467 0.059835 0.045670 0.045762
0 0.798885 0.462485 0.026784 0.027550
0 0.932886 0.076708 0.023618 0.023729
0 0.266847 0.572937 0.021638 0.021391
0 0.483793 0.414198 0.020687 0.020799
0 0.272733 0.525038 0.024251 0.023805
0 0.942785 0.982577 0.032963 0.031762
0 0.149337 0.212640 0.030680 0.030981
0 0.853743 0.702477 0.279797 0.290400
0 0.747651 0.810179 0.024479 0.024249
0 0.687537 0.279187 0.020338 0.020438
0 0.053355 0.055426 0.027328 0.027349
0 0.161417 0.367323 0.028360 0.028173
0 0.087066 0.481046 0.040466 0.042472
0 0.097956 0.468204 0.027692 0.028057
0 0.307408 0.096988 0.020719 0.021184
0 0.109624 0.428359 0.035373 0.035082
0 0.982034 0.372521 0.023333 0.023282
0 0.023583 0.265577 0.032883 0.033404
0 0.118492 0.251082 0.048765 0.047899
0 0.617727 0.073198 0.022870 0.022854
0 0.051056 0.918439 0.101956 0.163122
0 0.961951 0.992988 0.024963 0.014025
0 0.058902 0.551824 0.076272 0.077043
0 0.396138 0.450148 0.026168 0.026060
0 0.778526 0.016764 0.038337 0.033491
0 0.281918 0.976727 0.114959 0.046546
0 0.562979 0.805859 0.338572 0.335492
0 0.853835 0.283179 0.068810 0.069083
0 0.073419 0.325108 0.031847 0.031404
0 0.666127 0.745712 0.051327 0.051189
