0 0.158026 0.135122 0.054343 0.051103
0 0.833787 0.056717 0.142752 0.110946
0 0.058933 0.641867 0.117867 0.173796
0 0.483197 0.749922 0.050028 0.042440
0 0.946651 0.782441 0.067045 0.053292
0 0.243569 0.233166 0.042276 0.037651
0 0.076720 0.962133 0.095580 0.074284
0 0.193011 0.045591 0.038340 0.035864
0 0.242235 0.614348 0.047204 0.038818
0 0.663141 0.265558 0.072646 0.061155
0 0.753511 0.867068 0.052948 0.041209
0 0.568611 0.474657 0.043938 0.037200
0 0.304014 0.620084 0.042773 0.033502
0 0.064437 0.255054 0.034502 0.031193
0 0.720368 0.252673 0.046621 0.038531
0 0.914298 0.737282 0.046765 0.035955
0 0.704236 0.570150 0.039513 0.035567
0 0.013900 0.265972 0.027799 0.053062
0 0.069564 0.441670 0.031392 0.028356
0 0.164538 0.082684 0.041290 0.038568
0 0.073810 0.072202 0.046255 0.043463
0 0.225376 0.412990 0.039059 0.034241
0 0.152564 0.059202 0.034088 0.032711
0 0.618277 0.098439 0.072275 0.061264
0 0.524643 0.687170 0.036701 0.031157
0 0.770533 0.944548 0.036758 0.031266
0 0.645082 0.080734 0.087950 0.079898
0 0.348397 0.946616 0.035295 0.031040
0 0.352782 0.733195 0.032531 0.029296
0 0.627328 0.024551 0.031379 0.026895
0 0.564507 0.057528 0.032054 0.028659
0 0.632548 0.409862 0.061621 0.051748
0 0.285423 0.967461 0.036603 0.027738
0 0.088854 0.152297 0.028699 0.027263
0 0.455672 0.497024 0.043626 0.040341
0 0.110145 0.071582 0.028672 0.028876
0 0.943504 0.336632 0.109872 0.097692
0 0.612419 0.572590 0.075294 0.066656
0 0.217019 0.685935 0.062498 0.050915
0 0.130268 0.091579 0.026584 0.026267
0 0.206115 0.578289 0.029580 0.027438
0 0.177447 0.834505 0.036197 0.031388
0 0.576348 0.777215 0.034295 0.030362
0 0.522343 0.209863 0.031346 0.029705
