0 0.361628 0.310285 0.135364 0.132155
0 0.766420 0.402069 0.240503 0.238722
0 0.148575 0.391041 0.033155 0.033189
0 0.657997 0.774420 0.180752 0.176654
0 0.452701 0.372386 0.043483 0.043341
0 0.141137 0.777125 0.035848 0.035718
0 0.352618 0.385714 0.034229 0.033513
0 0.472450 0.145160 0.031136 0.030911
0 0.175688 0.428768 0.027884 0.027965
0 0.361811 0.116955 0.044047 0.043363
0 0.073744 0.691132 0.043873 0.043482
0 0.028689 0.974457 0.033697 0.033157
0 0.560955 0.360798 0.038728 0.037986
0 0.050289 0.460403 0.034720 0.035059
0 0.475578 0.329180 0.030824 0.030799
0 0.110463 0.442688 0.031305 0.031235
0 0.811515 0.861427 0.041478 0.040982
0 0.919551 0.978415 0.045250 0.042669
0 0.395269 0.559612 0.025182 0.025091
0 0.761094 0.360047 0.055574 0.054277
0 0.893429 0.949676 0.030070 0.029276
0 0.376537 0.428403 0.025713 0.025559
0 0.447598 0.516122 0.028083 0.027849
0 0.445536 0.651546 0.024706 0.024265
0 0.771181 0.126262 0.027407 0.027452
0 0.257907 0.263893 0.028996 0.028937
0 0.078698 0.986095 0.023004 0.023364
0 0.547020 0.383814 0.026959 0.025942
0 0.515264 0.484408 0.038277 0.037891
0 0.734437 0.539140 0.025798 0.025906
0 0.696040 0.916835 0.062924 0.061384
0 0.089258 0.517974 0.023887 0.023786
0 0.045194 0.252265 0.090388 0.166838
0 0.159161 0.345489 0.039128 0.039075
0 0.888018 0.991465 0.028968 0.017070
0 0.500078 0.686337 0.056185 0.056149
0 0.712061 0.244159 0.027422 0.027232
0 0.373369 0.832226 0.029778 0.029642
0 0.841051 0.878410 0.036126 0.034874
0 0.505662 0.051931 0.127963 0.103862
0 0.288754 0.853314 0.026657 0.026608
0 0.515025 0.917879 0.307027 0.164242
0 0.084045 0.594352 0.160440 0.162207
0 0.241775 0.476519 0.032558 0.033157
0 0.439191 0.246404 0.021366 0.020984
0 0.489518 0.625660 0.026263 0.030800
0 0.881918 0.889337 0.021705 0.021430
0 0.258015 0.303351 0.020405 0.020707
0 0.463950 0.850979 0.084958 0.083234
0 0.479539 0.625495 0.041313 0.038176
0 0.527186 0.357121 0.021677 0.021648
0 0.005450 0.861985 0.010901 0.032665
0 0.189107 0.715142 0.030520 0.030052
0 0.155530 0.852638 0.020962 0.020883
0 0.602815 0.005666 0.026236 0.011332
0 0.421310 0.173055 0.022577 0.022305
0 0.518301 0.432996 0.109401 0.104684
0 0.066672 0.731524 0.042946 0.041016
0 0.623413 0.582293 0.025251 0.024981
0 0.990257 0.102921 0.019486 0.025214
