0 0.532450 0.831505 0.077788 0.077294
0 0.156012 0.547482 0.087953 0.086946
0 0.365906 0.490789 0.073748 0.074772
0 0.712585 0.259036 0.027042 0.027324
0 0.340636 0.747804 0.028449 0.028454
0 0.229750 0.128072 0.328524 0.255815
0 0.872635 0.080937 0.020912 0.020908
0 0.102908 0.798204 0.032492 0.032839
0 0.657579 0.971923 0.038158 0.038268
0 0.840946 0.484467 0.113599 0.114753
0 0.807704 0.844384 0.272875 0.269168
0 0.309456 0.798410 0.033751 0.033931
0 0.859475 0.134746 0.025900 0.026242
0 0.946870 0.462026 0.040965 0.040700
0 0.922248 0.028671 0.026187 0.026256
0 0.248451 0.559251 0.045447 0.045587
0 0.923946 0.437292 0.028322 0.028290
0 0.938656 0.770363 0.041243 0.040622
0 0.382911 0.607769 0.061402 0.062179
0 0.544172 0.755938 0.054967 0.054870
0 0.299008 0.855703 0.022388 0.022441
0 0.081110 0.592412 0.079379 0.078780
0 0.602801 0.835813 0.068225 0.068546
0 0.616853 0.708119 0.022967 0.023284
0 0.499286 0.682795 0.048964 0.049666
0 0.569820 0.671604 0.022193 0.022307
0 0.483084 0.232895 0.019691 0.019910
0 0.081982 0.950299 0.052543 0.052965
0 0.398529 0.981757 0.022640 0.022925
0 0.406920 0.729488 0.020103 0.019556
0 0.561186 0.907184 0.089797 0.088372
0 0.802088 0.658273 0.057921 0.057589
0 0.642426 0.641648 0.125900 0.125677
0 0.025130 0.072405 0.022031 0.021908
0 0.134502 0.774254 0.022304 0.022483
0 0.927417 0.140622 0.024191 0.025237
0 0.511410 0.484039 0.050358 0.051163
0 0.671951 0.018582 0.018403 0.018358
0 0.230431 0.308819 0.019980 0.020069
0 0.660820 0.046117 0.025314 0.025190
0 0.033993 0.928306 0.066593 0.068468
0 0.818248 0.985091 0.038717 0.029817
0 0.914305 0.134030 0.023037 0.024065
0 0.929285 0.732015 0.020470 0.020537
0 0.467091 0.409757 0.096386 0.096656
0 0.963635 0.715569 0.059529 0.061427
0 0.282496 0.346074 0.075949 0.076700
0 0.830711 0.432714 0.024663 0.025173
0 0.179124 0.962922 0.119226 0.074156
0 0.900859 0.943776 0.020561 0.020139
0 0.637446 0.612773 0.017881 0.018846
0 0.731454 0.349874 0.019781 0.019785
0 0.588396 0.376043 0.018442 0.018285
0 0.100208 0.989148 0.052117 0.021704
0 0.374784 0.966756 0.061795 0.060573
0 0.077737 0.864628 0.055888 0.054570
0 0.965384 0.683114 0.021437 0.020972
0 0.746381 0.209385 0.018748 0.019014
0 0.976685 0.860676 0.046352 0.051619
0 0.622371 0.133362 0.154931 0.155476
0 0.983391 0.781579 0.033218 0.051402
