0 0.441985 0.675218 0.301633 0.322766
0 0.638399 0.857482 0.026804 0.026318
0 0.572264 0.246852 0.079902 0.080332
0 0.698653 0.159087 0.031794 0.032556
0 0.908220 0.793590 0.048204 0.048526
0 0.714483 0.107486 0.024079 0.024228
0 0.739810 0.626411 0.030583 0.030397
0 0.109730 0.901695 0.028200 0.027388
0 0.597680 0.438925 0.045318 0.045697
0 0.432141 0.835141 0.038414 0.037783
0 0.578825 0.486108 0.021612 0.021634
0 0.161152 0.081747 0.073375 0.072949
0 0.075768 0.204222 0.135296 0.134747
0 0.420956 0.169715 0.055106 0.055031
0 0.322613 0.011664 0.028965 0.023271
0 0.617302 0.628986 0.088960 0.087490
0 0.249167 0.310354 0.052670 0.053116
0 0.757660 0.150018 0.028957 0.029777
0 0.723425 0.494854 0.023325 0.023292
0 0.617879 0.675597 0.043899 0.044415
0 0.696545 0.639342 0.040666 0.040630
0 0.436131 0.461203 0.033408 0.033397
0 0.071697 0.918779 0.025677 0.026301
0 0.349692 0.797285 0.044850 0.044125
0 0.598944 0.066571 0.054019 0.053648
0 0.151901 0.643064 0.042474 0.042163
0 0.476157 0.988821 0.026406 0.022358
0 0.850054 0.621452 0.022108 0.022606
0 0.853097 0.105576 0.038668 0.038128
0 0.724934 0.220700 0.021309 0.021573
0 0.860373 0.029799 0.076820 0.059598
0 0.289194 0.241691 0.032076 0.032896
0 0.714601 0.872755 0.024227 0.024475
0 0.583207 0.532065 0.043473 0.043699
0 0.634748 0.787226 0.033240 0.033452
0 0.565864 0.592301 0.040450 0.040989
0 0.717319 0.792820 0.038859 0.039156
0 0.642223 0.521559 0.022298 0.022426
0 0.272460 0.887848 0.032532 0.032555
0 0.714813 0.896917 0.026566 0.026786
0 0.209123 0.930350 0.039946 0.039824
0 0.775843 0.340870 0.036361 0.036318
0 0.791933 0.614494 0.034703 0.035208
0 0.663198 0.142884 0.023206 0.023098
0 0.484116 0.095410 0.045504 0.045587
0 0.140482 0.361658 0.043377 0.042241
0 0.939968 0.275600 0.057125 0.056779
0 0.181580 0.536524 0.053299 0.053559
0 0.728263 0.154985 0.024422 0.025041
0 0.957392 0.056291 0.032615 0.032924
0 0.576124 0.990048 0.024855 0.019905
0 0.803057 0.773799 0.068589 0.067846
0 0.794058 0.707645 0.035931 0.035467
0 0.729853 0.017293 0.042516 0.034586
0 0.069496 0.850317 0.021590 0.021663
0 0.913724 0.891589 0.021921 0.022189
0 0.118526 0.509062 0.022490 0.022429
0 0.184109 0.310774 0.113941 0.113188
0 0.196664 0.762271 0.024854 0.024565
0 0.786724 0.688555 0.028923 0.028087
0 0.295103 0.194509 0.024758 0.024770
0 0.953516 0.123897 0.092788 0.118199
0 0.476066 0.317774 0.050473 0.050556
0 0.986402 0.593488 0.026441 0.027308
0 0.869161 0.938428 0.244876 0.117494
0 0.714958 0.724264 0.025906 0.025332
0 0.215649 0.424798 0.035704 0.036024
0 0.439702 0.039240 0.089061 0.077894
0 0.310882 0.456782 0.026360 0.026632
0 0.167948 0.792294 0.020294 0.020542
0 0.691197 0.205011 0.027509 0.028519
0 0.813227 0.957309 0.043939 0.043288
0 0.016091 0.889474 0.030980 0.031969
0 0.583889 0.146713 0.078800 0.077726
0 0.954421 0.130742 0.023253 0.022891
0 0.258321 0.229082 0.043511 0.044149
0 0.240767 0.014137 0.025705 0.025336
0 0.219545 0.888400 0.039549 0.039715
0 0.321333 0.065287 0.038240 0.038012
0 0.763198 0.102820 0.021417 0.021618
0 0.497872 0.558478 0.051342 0.049651
0 0.499840 0.133496 0.022789 0.023356
0 0.846683 0.819463 0.042293 0.042812
0 0.963033 0.387572 0.020567 0.020118
0 0.688056 0.052682 0.023420 0.023701
0 0.116253 0.774765 0.027607 0.026131
0 0.885675 0.181029 0.027402 0.027446
0 0.504754 0.061292 0.023655 0.023993
0 0.644605 0.312632 0.021563 0.021494
0 0.278626 0.366624 0.099418 0.097769
0 0.674471 0.793983 0.032916 0.033594
0 0.775113 0.925068 0.021603 0.021801
0 0.454830 0.233496 0.025316 0.025009
0 0.688735 0.816844 0.019409 0.019177
0 0.811927 0.351454 0.032694 0.032903
0 0.247129 0.448505 0.033646 0.033043
0 0.864253 0.973919 0.020366 0.019773
0 0.141675 0.800145 0.039249 0.040875
0 0.091912 0.936793 0.022191 0.021797
0 0.132074 0.851880 0.019934 0.020099
0 0.190175 0.024322 0.020699 0.021074
0 0.212333 0.141000 0.050830 0.050777
0 0.670461 0.901662 0.019962 0.019835
0 0.185797 0.318625 0.063201 0.065135
0 0.176119 0.593808 0.022148 0.022640
0 0.256446 0.920261 0.018633 0.018709
0 0.605928 0.982399 0.018831 0.018316
0 0.789654 0.461767 0.038012 0.038199
0 0.182449 0.918106 0.020579 0.020928
0 0.811994 0.053627 0.036369 0.036971
0 0.068024 0.098692 0.017783 0.017698
0 0.594637 0.101235 0.022366 0.023146
0 0.583030 0.180951 0.046710 0.047892
0 0.694353 0.515049 0.021894 0.021457
0 0.674630 0.843266 0.019168 0.019373
0 0.380730 0.980072 0.019265 0.019415
0 0.640897 0.154210 0.022903 0.022621
0 0.807845 0.021849 0.021849 0.022630
0 0.106009 0.477083 0.076666 0.075023
0 0.658354 0.418714 0.046907 0.047848
0 0.701121 0.275525 0.018086 0.018175
0 0.152623 0.038416 0.050415 0.050439
0 0.430218 0.012844 0.032837 0.025676
0 0.670097 0.539243 0.024747 0.024958
0 0.792120 0.889582 0.056780 0.056553
0 0.976950 0.330805 0.045009 0.131011
0 0.779731 0.574247 0.021444 0.022423
