0 0.352584 0.872698 0.224544 0.223808
0 0.748217 0.417661 0.050850 0.050265
0 0.196600 0.496218 0.058946 0.057253
0 0.238854 0.754695 0.101306 0.100587
0 0.027404 0.785913 0.054809 0.071237
0 0.931485 0.329761 0.137029 0.143016
0 0.657695 0.842097 0.068594 0.066774
0 0.245801 0.196377 0.032987 0.032576
0 0.703194 0.203059 0.031825 0.031497
0 0.462062 0.770407 0.078077 0.076748
0 0.575404 0.795334 0.035951 0.035370
0 0.278029 0.407802 0.034399 0.034188
0 0.398542 0.643406 0.069701 0.068317
0 0.508280 0.250014 0.053340 0.053189
0 0.724716 0.243834 0.058184 0.058229
0 0.387649 0.973924 0.032023 0.031590
0 0.761365 0.927369 0.034133 0.034549
0 0.088971 0.708379 0.038126 0.038465
0 0.225077 0.707182 0.042081 0.040918
0 0.588084 0.888550 0.028424 0.027553
0 0.011378 0.680062 0.022716 0.027309
0 0.330296 0.632829 0.081504 0.080757
0 0.631377 0.971411 0.081641 0.057146
0 0.034133 0.887897 0.035157 0.034976
0 0.458767 0.974442 0.033161 0.032613
0 0.290095 0.227258 0.030313 0.030214
0 0.752131 0.883442 0.022794 0.022387
0 0.428551 0.551235 0.025811 0.025952
0 0.138716 0.618114 0.044104 0.044020
0 0.510008 0.747659 0.035349 0.035048
0 0.674360 0.160268 0.024921 0.024621
0 0.181817 0.680456 0.063733 0.064353
0 0.888971 0.015819 0.031047 0.030168
0 0.146673 0.651619 0.028079 0.027015
0 0.240300 0.648880 0.069286 0.067043
0 0.547100 0.044943 0.023211 0.022948
0 0.832013 0.197489 0.023391 0.023490
0 0.585719 0.367211 0.022530 0.022874
0 0.659344 0.781190 0.030416 0.030344
0 0.179811 0.356358 0.108402 0.104480
0 0.676260 0.523806 0.036082 0.036341
0 0.304802 0.178976 0.021127 0.021157
0 0.891984 0.890137 0.216032 0.216265
0 0.271249 0.306681 0.024375 0.024118
0 0.023548 0.477283 0.022869 0.022739
0 0.409481 0.767393 0.040808 0.040983
0 0.534064 0.077466 0.023483 0.023128
0 0.511376 0.198956 0.022787 0.023054
0 0.326908 0.555250 0.031077 0.031150
0 0.602598 0.087912 0.035055 0.035307
0 0.955474 0.725878 0.024211 0.024300
0 0.028424 0.310008 0.021763 0.020961
0 0.498467 0.593334 0.126104 0.123015
0 0.080928 0.587210 0.031113 0.030894
0 0.296578 0.670892 0.044785 0.043833
0 0.257883 0.615818 0.058215 0.056142
0 0.406857 0.290274 0.022551 0.022912
0 0.406467 0.494442 0.039613 0.040253
0 0.248810 0.021848 0.023031 0.023139
0 0.115348 0.983872 0.087412 0.032257
0 0.162346 0.034955 0.025534 0.026417
0 0.347620 0.540935 0.026314 0.027229
0 0.010841 0.184141 0.021129 0.022410
0 0.028526 0.106554 0.056406 0.110458
0 0.218594 0.251442 0.028510 0.027952
0 0.619935 0.432279 0.044295 0.042476
0 0.051632 0.384629 0.050688 0.049829
0 0.516012 0.447265 0.041908 0.042274
0 0.326599 0.378997 0.021914 0.021843
0 0.224099 0.891144 0.021315 0.021711
0 0.786619 0.105008 0.018937 0.019278
0 0.926915 0.185209 0.019573 0.019425
0 0.221234 0.152762 0.022564 0.022383
0 0.015089 0.581451 0.029575 0.036018
