0 0.860529 0.153152 0.088113 0.088238
0 0.468681 0.231590 0.163757 0.160940
0 0.227771 0.410587 0.228837 0.204010
0 0.126796 0.552745 0.073897 0.067803
0 0.273098 0.293695 0.039864 0.040075
0 0.861297 0.087620 0.032817 0.032057
0 0.593235 0.045047 0.035389 0.033919
0 0.312988 0.122655 0.037809 0.036202
0 0.173879 0.774127 0.139717 0.110308
0 0.463021 0.075419 0.057530 0.056837
0 0.879631 0.049848 0.038697 0.037967
0 0.365601 0.917666 0.065027 0.063207
0 0.909246 0.059813 0.029209 0.027827
0 0.562662 0.025743 0.038840 0.036783
0 0.178481 0.931930 0.053985 0.043977
0 0.020472 0.009682 0.028079 0.019094
0 0.629575 0.051665 0.027117 0.027113
0 0.784954 0.714927 0.081206 0.078999
0 0.270648 0.916026 0.033225 0.029714
0 0.429409 0.095404 0.037501 0.037204
0 0.515440 0.017013 0.024727 0.024291
0 0.935041 0.072547 0.028150 0.028238
0 0.232815 0.952772 0.085062 0.079680
0 0.686278 0.359004 0.023015 0.023075
0 0.174039 0.877925 0.083951 0.069981
0 0.737354 0.138925 0.022133 0.022387
0 0.321858 0.923696 0.044032 0.040846
0 0.931322 0.038040 0.038758 0.038637
0 0.975323 0.946832 0.048628 0.055698
0 0.595493 0.006223 0.034698 0.012081
0 0.972662 0.162667 0.043262 0.041998
0 0.906417 0.117535 0.027980 0.027729
0 0.988960 0.131522 0.021456 0.041011
0 0.069804 0.777817 0.103142 0.087769
0 0.114868 0.496145 0.055433 0.050841
0 0.830820 0.950744 0.031454 0.027994
0 0.934430 0.731188 0.130713 0.327647
0 0.345476 0.267713 0.115677 0.109052
0 0.222950 0.473587 0.097021 0.091261
0 0.563932 0.067456 0.020275 0.020047
0 0.652468 0.961172 0.036199 0.033765
0 0.685014 0.913987 0.037423 0.035394
0 0.683645 0.010609 0.024262 0.021176
0 0.398216 0.505789 0.073548 0.069078
0 0.795649 0.089488 0.024150 0.023953
0 0.219471 0.529612 0.027467 0.026483
