0 0.068962 0.618946 0.025627 0.025400
0 0.320298 0.917479 0.026806 0.026531
0 0.134400 0.737674 0.135305 0.133601
0 0.824195 0.128616 0.093023 0.092805
0 0.764047 0.215736 0.024570 0.024232
0 0.177334 0.647377 0.057653 0.057122
0 0.948847 0.911374 0.025264 0.024676
0 0.860923 0.699209 0.085357 0.084005
0 0.460296 0.144450 0.075607 0.075578
0 0.611563 0.176434 0.032777 0.032697
0 0.895755 0.811706 0.033021 0.031689
0 0.637098 0.688387 0.021889 0.021873
0 0.212831 0.388942 0.062873 0.062240
0 0.554892 0.604869 0.021781 0.021161
0 0.522860 0.355485 0.022092 0.022224
0 0.259562 0.185383 0.042935 0.042442
0 0.498993 0.593080 0.024819 0.024786
0 0.297229 0.232081 0.023136 0.023120
0 0.602694 0.785779 0.026061 0.025791
0 0.437640 0.415949 0.032387 0.031576
0 0.387348 0.228828 0.033582 0.034058
0 0.754784 0.092531 0.056525 0.056517
0 0.918692 0.939780 0.033635 0.033621
0 0.587815 0.084889 0.043124 0.042790
0 0.855612 0.742719 0.040651 0.040194
0 0.860919 0.390518 0.023565 0.023502
0 0.613792 0.861868 0.035295 0.035083
0 0.386982 0.294208 0.021401 0.021195
0 0.808077 0.807575 0.030683 0.030372
0 0.902475 0.547284 0.033412 0.033588
0 0.224916 0.848345 0.039272 0.039386
0 0.475041 0.016750 0.032256 0.030800
0 0.285421 0.088459 0.036120 0.035385
0 0.162124 0.061638 0.026816 0.026961
0 0.941974 0.405044 0.021092 0.021123
0 0.711004 0.296141 0.028403 0.028018
0 0.809947 0.671302 0.024068 0.024395
0 0.225673 0.054271 0.021782 0.021571
0 0.852949 0.944007 0.022092 0.021388
0 0.889058 0.259373 0.033738 0.034031
0 0.131094 0.248032 0.022367 0.022372
0 0.024189 0.160021 0.025286 0.024990
0 0.390469 0.590984 0.021598 0.021534
0 0.689784 0.131657 0.036047 0.035909
0 0.064618 0.188722 0.039788 0.040549
0 0.575057 0.191332 0.036141 0.036012
0 0.431476 0.855802 0.019586 0.019453
0 0.686257 0.407865 0.021016 0.020731
0 0.179954 0.079738 0.023380 0.023291
0 0.765338 0.688863 0.020338 0.020269
0 0.069426 0.123174 0.070681 0.070673
0 0.402997 0.153227 0.030984 0.031511
0 0.216628 0.651601 0.021848 0.022337
0 0.452336 0.593753 0.023298 0.023609
0 0.093253 0.062157 0.021670 0.021089
0 0.677535 0.316954 0.020738 0.020703
0 0.357560 0.164352 0.027653 0.028180
0 0.504994 0.150211 0.034825 0.035055
0 0.009209 0.356502 0.018417 0.030210
0 0.450872 0.007067 0.032702 0.014134
0 0.562163 0.275368 0.020308 0.020445
0 0.732045 0.306446 0.043030 0.042959
0 0.093085 0.888888 0.019983 0.019763
0 0.340481 0.238999 0.022508 0.022716
0 0.011184 0.013683 0.022368 0.024958
0 0.314349 0.602108 0.021187 0.021055
0 0.491018 0.331047 0.024760 0.024619
0 0.026142 0.081038 0.021660 0.021247
0 0.584766 0.350875 0.030930 0.030978
0 0.338894 0.010169 0.020539 0.020086
0 0.455916 0.500576 0.020021 0.020079
0 0.047190 0.182521 0.019287 0.020287
0 0.397736 0.014471 0.020744 0.020799
0 0.009029 0.670219 0.017744 0.019237
0 0.853517 0.244970 0.019845 0.020134
0 0.469271 0.402243 0.018828 0.017987
0 0.025358 0.295153 0.026938 0.026416
0 0.800957 0.472523 0.018125 0.018216
0 0.488181 0.571787 0.017074 0.017183
0 0.623560 0.117338 0.032408 0.031807
0 0.550480 0.104823 0.024187 0.024083
0 0.090988 0.006689 0.025813 0.013378
0 0.702220 0.431980 0.019303 0.019391
0 0.052639 0.963483 0.067436 0.066639
0 0.718906 0.143673 0.021576 0.021474
0 0.597686 0.362225 0.017947 0.018656
0 0.234249 0.823596 0.018096 0.018054
0 0.685307 0.277294 0.028167 0.028385
0 0.606323 0.395148 0.119093 0.122955
