0 0.223244 0.541174 0.099490 0.099420
0 0.587544 0.730519 0.112030 0.112164
0 0.293901 0.359982 0.070595 0.070800
0 0.650810 0.435072 0.035320 0.034996
0 0.684730 0.496453 0.029389 0.029387
0 0.701102 0.939749 0.163842 0.119199
0 0.216950 0.469018 0.056211 0.056299
0 0.421892 0.695764 0.157497 0.156952
0 0.282931 0.940840 0.050584 0.049972
0 0.179336 0.699628 0.028731 0.028561
0 0.194454 0.651087 0.030802 0.030801
0 0.145957 0.940253 0.061122 0.060306
0 0.331174 0.730392 0.026525 0.025927
0 0.716585 0.452615 0.033739 0.034135
0 0.888240 0.245488 0.026886 0.027716
0 0.647815 0.079132 0.043570 0.043279
0 0.780152 0.393279 0.031037 0.031943
0 0.772019 0.672068 0.026075 0.026109
0 0.198899 0.918199 0.057217 0.057230
0 0.541975 0.013345 0.061348 0.026424
0 0.637904 0.253919 0.026347 0.026404
0 0.681666 0.433518 0.020934 0.020982
0 0.397295 0.344832 0.021464 0.021436
0 0.754669 0.406435 0.022170 0.022432
0 0.847180 0.336998 0.021538 0.021543
0 0.023653 0.682957 0.046450 0.166727
0 0.454770 0.341723 0.035064 0.035190
0 0.157625 0.669709 0.020944 0.020984
0 0.886997 0.993933 0.033009 0.011676
0 0.251223 0.482921 0.046435 0.049515
0 0.511256 0.972279 0.245404 0.055441
0 0.207624 0.044224 0.047942 0.047627
0 0.747956 0.481030 0.024681 0.024697
0 0.754392 0.086226 0.022676 0.022733
0 0.805764 0.403012 0.023697 0.022942
0 0.991397 0.773900 0.017132 0.022229
