0 0.489506 0.684916 0.109773 0.089378
0 0.535251 0.827613 0.046517 0.039297
0 0.642797 0.477547 0.105545 0.091693
0 0.737577 0.606402 0.166995 0.142061
0 0.642202 0.386911 0.157033 0.129375
0 0.141588 0.736440 0.203546 0.169615
0 0.142426 0.618144 0.100172 0.086440
0 0.337083 0.791190 0.087317 0.076480
0 0.447041 0.969287 0.056176 0.046057
0 0.793660 0.984597 0.048705 0.029920
0 0.704496 0.085602 0.033121 0.031053
0 0.665545 0.204410 0.048943 0.044929
0 0.190266 0.133415 0.045083 0.038603
0 0.269609 0.518540 0.069443 0.058500
0 0.743206 0.160306 0.188624 0.159477
0 0.845020 0.871271 0.040582 0.029946
0 0.721274 0.497218 0.054522 0.045862
0 0.333857 0.656009 0.231489 0.208157
0 0.912696 0.052836 0.038765 0.035833
0 0.952388 0.307066 0.036265 0.034114
0 0.820071 0.942679 0.041375 0.035729
0 0.550202 0.341179 0.031261 0.030386
0 0.767675 0.354151 0.228441 0.180071
0 0.899919 0.650602 0.077764 0.063385
0 0.035733 0.853562 0.064331 0.058908
0 0.801949 0.357371 0.028761 0.025635
0 0.010410 0.077307 0.020484 0.041388
0 0.014303 0.489970 0.028070 0.028162
0 0.161451 0.800275 0.059775 0.052015
0 0.333062 0.896935 0.028290 0.025473
0 0.368853 0.186547 0.026040 0.024841
0 0.533918 0.711907 0.025883 0.023302
0 0.423235 0.390743 0.041420 0.036192
0 0.817567 0.008914 0.043802 0.017828
0 0.856013 0.990157 0.030475 0.019579
0 0.740010 0.548439 0.081151 0.066046
0 0.137812 0.992560 0.042807 0.014844
0 0.898194 0.518428 0.053803 0.043326
0 0.278789 0.736983 0.053543 0.046228
0 0.029326 0.107046 0.044026 0.041512
