0 0.402433 0.759797 0.131850 0.106320
0 0.490534 0.372544 0.229555 0.169403
0 0.586671 0.589014 0.186660 0.144619
0 0.740768 0.260816 0.102478 0.077095
0 0.294223 0.359059 0.185648 0.131780
0 0.645748 0.390662 0.093178 0.071777
0 0.512037 0.505951 0.191194 0.140592
0 0.353986 0.211995 0.149986 0.120755
0 0.295079 0.611213 0.092584 0.071681
0 0.642404 0.769734 0.071613 0.056312
0 0.671970 0.658576 0.187114 0.152767
0 0.922518 0.685673 0.120697 0.097643
0 0.167849 0.536880 0.083206 0.072198
0 0.774285 0.913529 0.073290 0.058321
0 0.056677 0.559785 0.113354 0.099069
0 0.977090 0.049012 0.045819 0.040099
0 0.797971 0.697675 0.071701 0.053904
0 0.102075 0.410138 0.071366 0.054695
0 0.854681 0.499301 0.064673 0.053014
0 0.615999 0.923961 0.286444 0.151278
0 0.235831 0.249246 0.095272 0.070240
0 0.200745 0.884907 0.050029 0.039746
0 0.624517 0.349335 0.045273 0.033064
0 0.413497 0.706387 0.042080 0.036793
0 0.796399 0.015887 0.100043 0.031552
0 0.665266 0.835732 0.044517 0.035202
0 0.963342 0.195663 0.049022 0.036749
0 0.083608 0.642941 0.071722 0.053135
0 0.238633 0.948633 0.037070 0.031120
0 0.908585 0.434679 0.057635 0.044598
0 0.455432 0.826956 0.056784 0.045337
0 0.927707 0.483355 0.074490 0.057387
0 0.033359 0.321287 0.066718 0.089623
0 0.263109 0.474349 0.096510 0.071937
0 0.048182 0.254665 0.096363 0.095405
0 0.935782 0.019313 0.056721 0.038478
0 0.499826 0.862181 0.056952 0.041470
0 0.878505 0.573930 0.175651 0.138616
0 0.161534 0.385476 0.071869 0.054724
0 0.675907 0.482826 0.151498 0.121043
0 0.540272 0.702759 0.093995 0.074641
0 0.938687 0.881953 0.121405 0.114073
0 0.848195 0.088096 0.131821 0.100782
0 0.973550 0.476058 0.051056 0.042044
0 0.362181 0.932556 0.042167 0.032658
0 0.779122 0.514914 0.074220 0.058858
0 0.241934 0.566095 0.036204 0.029015
0 0.271170 0.156831 0.066043 0.049801
0 0.942232 0.235119 0.115312 0.096138
0 0.124442 0.358799 0.058832 0.045066
0 0.431437 0.614963 0.363135 0.274054
0 0.980424 0.517667 0.033742 0.026848
0 0.963215 0.589859 0.071952 0.060835
0 0.246321 0.705479 0.089597 0.069755
0 0.738776 0.607861 0.045041 0.036444
0 0.144912 0.617647 0.063408 0.048629
0 0.382048 0.955362 0.032281 0.026184
0 0.755128 0.469890 0.055725 0.044551
