0 0.260653 0.243438 0.194409 0.150263
0 0.969787 0.492449 0.054940 0.043630
0 0.736460 0.100765 0.124182 0.100693
0 0.503495 0.593276 0.042046 0.034761
0 0.588943 0.275612 0.073240 0.057262
0 0.594078 0.051991 0.045055 0.033597
0 0.924841 0.608431 0.037633 0.029729
0 0.008651 0.620178 0.017114 0.043080
0 0.620049 0.111555 0.119209 0.094427
0 0.965775 0.208586 0.038356 0.029201
0 0.028066 0.486848 0.035808 0.029794
0 0.068689 0.141201 0.032750 0.028689
0 0.553381 0.407549 0.033231 0.026273
0 0.122914 0.233135 0.090526 0.074862
