0 0.812897 0.541611 0.068741 0.066119
0 0.231749 0.022114 0.056755 0.044228
0 0.853669 0.047183 0.046557 0.045994
0 0.425379 0.522960 0.038164 0.036666
0 0.062087 0.019233 0.036734 0.036559
0 0.518160 0.156243 0.050233 0.050145
0 0.889836 0.758172 0.053260 0.051634
0 0.239734 0.166938 0.052617 0.052422
0 0.505960 0.263475 0.033678 0.033676
0 0.274395 0.037628 0.059120 0.059407
0 0.898776 0.399195 0.039398 0.039258
0 0.155275 0.577403 0.038346 0.037594
0 0.985393 0.257160 0.029215 0.035921
0 0.092302 0.135158 0.032615 0.032783
0 0.121268 0.277472 0.042554 0.042191
0 0.407501 0.734194 0.052149 0.051247
0 0.748697 0.025959 0.065596 0.051469
0 0.386028 0.270435 0.067747 0.065690
0 0.683095 0.088813 0.079850 0.078679
0 0.272312 0.549436 0.029856 0.029270
0 0.968284 0.341530 0.055650 0.055694
0 0.843079 0.430098 0.040460 0.038111
0 0.721329 0.610825 0.033252 0.033482
0 0.843340 0.113255 0.029022 0.027538
0 0.979828 0.066544 0.029635 0.029634
0 0.221053 0.687721 0.044421 0.043794
0 0.926510 0.073797 0.031625 0.031578
0 0.780948 0.777846 0.029248 0.028772
0 0.472478 0.170540 0.029427 0.029126
0 0.162428 0.214938 0.033203 0.032878
0 0.682818 0.418275 0.038780 0.039039
0 0.810588 0.007129 0.036991 0.014258
0 0.860613 0.578522 0.030620 0.028676
0 0.056375 0.257481 0.031388 0.030365
0 0.381468 0.420526 0.029938 0.028887
0 0.957108 0.098810 0.034206 0.033467
0 0.292128 0.091099 0.046920 0.045154
0 0.643372 0.447740 0.039379 0.039318
0 0.075869 0.380443 0.038680 0.038830
0 0.814490 0.452339 0.036156 0.037165
0 0.741788 0.636982 0.038294 0.037114
0 0.913483 0.127582 0.025625 0.025133
0 0.979728 0.115570 0.024719 0.024587
0 0.025629 0.262746 0.023450 0.023389
0 0.641807 0.196945 0.034367 0.033578
0 0.039699 0.611848 0.036619 0.035661
0 0.932142 0.603027 0.031827 0.030683
0 0.875535 0.240062 0.025640 0.025324
0 0.672356 0.787153 0.025699 0.026100
0 0.778333 0.718850 0.033268 0.033429
0 0.977077 0.378912 0.044529 0.048106
0 0.434214 0.120645 0.022912 0.022492
0 0.035102 0.465024 0.036282 0.035087
0 0.970680 0.438255 0.057740 0.083550
0 0.915744 0.104513 0.024643 0.024562
0 0.806682 0.142349 0.032280 0.029448
0 0.486405 0.302921 0.104059 0.101528
0 0.477055 0.067043 0.023235 0.022125
0 0.881435 0.163150 0.026187 0.025225
0 0.965459 0.036491 0.022242 0.021613
0 0.923171 0.555266 0.026848 0.026479
0 0.474864 0.518258 0.025251 0.025012
0 0.819945 0.244918 0.022020 0.022177
0 0.630737 0.242084 0.025747 0.025497
0 0.881059 0.506289 0.025889 0.026316
0 0.114163 0.305029 0.033094 0.033976
0 0.315295 0.349714 0.027934 0.026809
0 0.136174 0.813477 0.272152 0.363088
