0 0.598792 0.158348 0.022413 0.022734
0 0.270024 0.439995 0.107808 0.107378
0 0.952159 0.083256 0.023629 0.023536
0 0.244779 0.180821 0.048024 0.047699
0 0.279122 0.534270 0.068020 0.067419
0 0.098748 0.694689 0.195742 0.308902
0 0.537242 0.300514 0.024906 0.025154
0 0.011065 0.506444 0.022130 0.029260
0 0.939519 0.231326 0.120962 0.195457
0 0.390278 0.935413 0.034737 0.034808
0 0.552243 0.336041 0.023079 0.022800
0 0.146510 0.534575 0.031577 0.031745
0 0.250588 0.371909 0.029207 0.029036
0 0.451688 0.323547 0.068334 0.067135
0 0.045524 0.325768 0.030031 0.030002
0 0.242045 0.235058 0.035517 0.034064
0 0.673963 0.238457 0.098998 0.099239
0 0.918420 0.133094 0.032226 0.031702
0 0.445273 0.285309 0.031548 0.031700
0 0.217512 0.023647 0.025118 0.024634
0 0.748799 0.458615 0.056290 0.056546
0 0.546199 0.884779 0.023061 0.023386
0 0.307151 0.901442 0.024400 0.024207
0 0.197618 0.538331 0.044925 0.044115
0 0.021760 0.902128 0.043519 0.067046
0 0.155034 0.012307 0.038764 0.024614
0 0.722303 0.955501 0.075098 0.074526
0 0.209983 0.822390 0.059771 0.059846
0 0.584738 0.901316 0.024249 0.024816
0 0.504440 0.637605 0.021213 0.020782
0 0.054768 0.267789 0.022672 0.022426
0 0.319725 0.605680 0.058877 0.059348
0 0.672055 0.737959 0.037577 0.037793
0 0.732719 0.545080 0.021877 0.022032
0 0.220388 0.339119 0.020972 0.021576
0 0.266643 0.030114 0.030993 0.031791
0 0.351478 0.662087 0.022229 0.022234
0 0.667162 0.365098 0.026642 0.027104
0 0.792849 0.337366 0.196912 0.191343
0 0.030664 0.816437 0.060748 0.073442
0 0.065205 0.962751 0.074425 0.071156
0 0.555429 0.685729 0.048446 0.049366
0 0.567205 0.057872 0.021607 0.021231
0 0.867865 0.583260 0.264270 0.469989
0 0.610580 0.423407 0.041584 0.041200
0 0.456935 0.488300 0.082480 0.081910
0 0.483573 0.131285 0.024260 0.024628
0 0.981130 0.250787 0.029949 0.029385
0 0.355056 0.297471 0.032207 0.032805
0 0.226667 0.617436 0.137494 0.143432
0 0.218055 0.861845 0.092411 0.088553
0 0.661584 0.064483 0.018596 0.018746
0 0.870732 0.099063 0.019556 0.019057
0 0.416250 0.958546 0.027134 0.027141
0 0.642975 0.942738 0.019482 0.020022
0 0.729277 0.565173 0.026378 0.027558
0 0.909227 0.009880 0.019192 0.018653
