0 0.274697 0.738056 0.181387 0.178519
0 0.798868 0.120381 0.033599 0.033056
0 0.362775 0.081563 0.032391 0.032547
0 0.901181 0.506587 0.030143 0.030602
0 0.091065 0.797279 0.084164 0.084599
0 0.722195 0.353144 0.024147 0.024250
0 0.920611 0.911586 0.153375 0.158058
0 0.207723 0.666588 0.032546 0.032398
0 0.848894 0.117207 0.035285 0.034975
0 0.378310 0.848160 0.038081 0.037445
0 0.537195 0.600612 0.050658 0.050515
0 0.473809 0.339795 0.029427 0.029179
0 0.681917 0.385110 0.043688 0.043368
0 0.317832 0.318016 0.067172 0.067652
0 0.375047 0.228010 0.029748 0.029923
0 0.837115 0.550191 0.024878 0.024778
0 0.972104 0.546285 0.025622 0.025370
0 0.582807 0.459992 0.022563 0.022733
0 0.177368 0.698606 0.029140 0.029097
0 0.746800 0.858785 0.024324 0.024309
0 0.888783 0.014637 0.027967 0.027936
0 0.888778 0.408564 0.033011 0.033490
0 0.511968 0.197046 0.032009 0.031377
0 0.634089 0.519440 0.027556 0.027610
0 0.616690 0.636931 0.024394 0.024440
0 0.763031 0.795191 0.123021 0.123005
0 0.268980 0.539694 0.327743 0.327348
0 0.885132 0.347774 0.040804 0.040446
0 0.207221 0.936504 0.030100 0.029343
0 0.972703 0.355928 0.035009 0.034559
0 0.733966 0.457177 0.025771 0.026225
0 0.685850 0.201061 0.022386 0.022259
0 0.657563 0.651022 0.020752 0.021407
0 0.240979 0.893074 0.022819 0.022267
0 0.428809 0.974045 0.076417 0.051909
0 0.539329 0.391419 0.028352 0.028296
0 0.187308 0.384514 0.027708 0.027667
0 0.740597 0.241664 0.020025 0.020133
0 0.991058 0.380491 0.017466 0.026215
0 0.863965 0.813505 0.028715 0.029159
0 0.022039 0.381094 0.021718 0.021557
0 0.085829 0.909022 0.150437 0.146623
0 0.818392 0.749566 0.022075 0.022703
0 0.279902 0.902147 0.022215 0.022016
0 0.132987 0.832290 0.049464 0.049867
0 0.594937 0.524926 0.033633 0.033504
0 0.830590 0.572236 0.022933 0.022888
0 0.380324 0.886053 0.028794 0.028373
0 0.501396 0.853842 0.024378 0.023985
0 0.977651 0.215715 0.020863 0.020364
0 0.759367 0.650963 0.029028 0.029484
0 0.050003 0.423889 0.031595 0.032744
0 0.270514 0.154510 0.020827 0.020852
0 0.458124 0.307131 0.041283 0.041242
0 0.779360 0.949367 0.054627 0.054139
0 0.942509 0.116551 0.031506 0.032422
0 0.266290 0.870693 0.124391 0.123417
0 0.641216 0.149443 0.020581 0.020673
0 0.717544 0.802103 0.026476 0.026215
0 0.478795 0.477279 0.117759 0.117149
0 0.610815 0.323487 0.040276 0.041300
0 0.850245 0.531811 0.299510 0.382024
0 0.344142 0.272846 0.035441 0.035605
0 0.745047 0.911708 0.058116 0.059497
0 0.344048 0.856392 0.035673 0.036540
0 0.649313 0.580503 0.022982 0.023425
0 0.025282 0.585092 0.049582 0.050958
0 0.154904 0.349159 0.019380 0.019403
0 0.628916 0.593733 0.025412 0.026523
0 0.914159 0.935887 0.024159 0.024308
0 0.709667 0.598850 0.021006 0.022175
0 0.130052 0.983846 0.023147 0.023084
0 0.546756 0.859095 0.363725 0.281811
0 0.430059 0.183923 0.028685 0.028543
0 0.790072 0.325363 0.035481 0.036624
0 0.328581 0.819340 0.038264 0.038087
0 0.787816 0.644789 0.026352 0.026386
0 0.432592 0.275276 0.018893 0.018835
0 0.729992 0.155282 0.064158 0.063631
0 0.592035 0.284163 0.018815 0.019113
0 0.573142 0.626699 0.021781 0.022254
0 0.700995 0.362934 0.021215 0.020231
0 0.043752 0.540335 0.031300 0.032016
0 0.008243 0.864751 0.015995 0.045006
0 0.696025 0.840276 0.020234 0.020562
0 0.976258 0.825458 0.046799 0.178698
0 0.982182 0.503053 0.035331 0.045250
0 0.588954 0.644741 0.022631 0.022894
0 0.808735 0.861420 0.089921 0.090484
0 0.049814 0.140437 0.018077 0.018174
0 0.487769 0.187603 0.022335 0.022251
0 0.555068 0.557588 0.028964 0.029070
0 0.733277 0.828247 0.021069 0.021204
0 0.949266 0.708855 0.033612 0.033897
0 0.815349 0.341779 0.020181 0.019925
0 0.504556 0.339626 0.023873 0.023089
0 0.798292 0.682856 0.019310 0.019142
0 0.674769 0.794342 0.035449 0.035379
0 0.992700 0.719458 0.014601 0.022512
0 0.715175 0.652930 0.025416 0.023651
0 0.843436 0.647668 0.018470 0.019000
0 0.374100 0.990927 0.037381 0.017891
0 0.324821 0.949864 0.087720 0.087478
0 0.528854 0.554141 0.039957 0.043329
