0 0.412285 0.101828 0.076702 0.072248
0 0.674772 0.146652 0.081527 0.075395
0 0.499340 0.718200 0.051335 0.049278
0 0.470677 0.682778 0.046986 0.045080
0 0.334934 0.341833 0.048385 0.046865
0 0.705691 0.949279 0.034261 0.033926
0 0.320051 0.254296 0.048799 0.043957
0 0.065396 0.902921 0.056408 0.055406
0 0.659247 0.839939 0.028534 0.027916
0 0.597438 0.025273 0.073989 0.050546
0 0.959031 0.606364 0.028108 0.027426
0 0.777173 0.725167 0.035431 0.034026
0 0.429460 0.844185 0.030281 0.030067
0 0.338900 0.417317 0.040367 0.037964
0 0.075812 0.727376 0.044716 0.043201
0 0.300654 0.161505 0.039917 0.036170
0 0.395627 0.585885 0.031700 0.030862
0 0.334865 0.978378 0.078554 0.043244
0 0.216309 0.058050 0.154257 0.115041
0 0.704143 0.985690 0.026008 0.025423
0 0.625778 0.916636 0.056125 0.054293
0 0.377337 0.397931 0.038923 0.037277
0 0.458872 0.875068 0.027097 0.026614
0 0.429857 0.562592 0.030999 0.031022
0 0.421785 0.413825 0.025949 0.024997
0 0.447463 0.588203 0.037947 0.036258
0 0.234454 0.071680 0.030420 0.029262
0 0.848147 0.541795 0.046215 0.046195
0 0.293334 0.614840 0.029576 0.028522
0 0.957250 0.907739 0.024152 0.023017
0 0.555493 0.083978 0.056286 0.050418
0 0.254249 0.872383 0.026663 0.026276
0 0.561456 0.733685 0.022781 0.022905
0 0.587001 0.829409 0.026217 0.025481
0 0.418926 0.585231 0.022177 0.022321
0 0.452259 0.550364 0.022774 0.022597
0 0.685071 0.572067 0.027328 0.025833
0 0.711675 0.661508 0.027827 0.026660
0 0.262249 0.662105 0.024893 0.024687
0 0.538916 0.738112 0.025261 0.024526
0 0.023753 0.754201 0.027757 0.026027
0 0.407452 0.431191 0.020622 0.020600
0 0.399250 0.873961 0.026699 0.026093
0 0.908048 0.425672 0.028059 0.027120
0 0.355952 0.257609 0.023941 0.023802
0 0.036275 0.927454 0.021839 0.021610
