0 0.907643 0.512260 0.135616 0.135271
0 0.579550 0.618072 0.055277 0.055144
0 0.442059 0.133734 0.068461 0.067940
0 0.638893 0.318097 0.037380 0.037312
0 0.199167 0.051713 0.121297 0.103426
0 0.725259 0.147905 0.028796 0.029548
0 0.212023 0.300562 0.043170 0.043038
0 0.158931 0.478423 0.044926 0.044779
0 0.334340 0.313494 0.033353 0.032406
0 0.147922 0.277287 0.037401 0.037248
0 0.411567 0.490219 0.033216 0.031999
0 0.412599 0.863124 0.042832 0.042858
0 0.051700 0.606208 0.030831 0.030624
0 0.781216 0.398872 0.044977 0.045001
0 0.958224 0.416909 0.035360 0.034520
0 0.612895 0.570239 0.054338 0.053379
0 0.117953 0.337343 0.035688 0.035158
0 0.811696 0.346107 0.027334 0.027535
0 0.620590 0.014980 0.038281 0.029960
0 0.636901 0.203174 0.036932 0.037264
0 0.121212 0.404592 0.031459 0.031268
0 0.514136 0.564922 0.052397 0.052736
0 0.637202 0.805658 0.031217 0.031280
0 0.393139 0.075195 0.053696 0.053109
0 0.507147 0.475634 0.049840 0.049370
0 0.084556 0.309026 0.027762 0.027341
0 0.596253 0.890545 0.127576 0.127440
0 0.858192 0.305458 0.028080 0.028045
0 0.680772 0.902142 0.044780 0.045534
0 0.100957 0.277692 0.023487 0.023333
0 0.469817 0.256811 0.023439 0.023543
0 0.019867 0.040308 0.039734 0.043373
0 0.680781 0.464257 0.027938 0.027070
0 0.469849 0.960828 0.023687 0.023396
0 0.408713 0.431020 0.054553 0.054072
0 0.272225 0.508576 0.040919 0.041530
0 0.626882 0.683274 0.132343 0.131062
0 0.709626 0.436501 0.031267 0.030827
0 0.510045 0.149307 0.036656 0.037158
0 0.450287 0.761035 0.030903 0.030379
0 0.105857 0.534396 0.045868 0.046269
0 0.888690 0.298505 0.021763 0.021911
0 0.622680 0.438845 0.059294 0.059717
0 0.474770 0.746284 0.022113 0.022324
0 0.384925 0.388524 0.052010 0.050636
0 0.214174 0.117141 0.032848 0.032789
0 0.706694 0.461684 0.022748 0.023222
0 0.359390 0.826036 0.020374 0.020525
0 0.373829 0.902990 0.032891 0.032752
0 0.581211 0.820982 0.048287 0.048791
0 0.949828 0.250819 0.021068 0.021233
0 0.474703 0.008700 0.041869 0.017401
0 0.205735 0.649648 0.106324 0.108190
0 0.066294 0.531342 0.027278 0.026131
0 0.727358 0.684926 0.070068 0.071608
0 0.449894 0.082488 0.035898 0.036486
0 0.364869 0.430982 0.021815 0.021998
0 0.944490 0.144411 0.028205 0.029034
0 0.176183 0.603948 0.036213 0.036994
0 0.233566 0.727614 0.023653 0.023277
0 0.714096 0.639477 0.040390 0.041214
0 0.788918 0.959166 0.021173 0.021660
0 0.099198 0.162153 0.038590 0.038804
0 0.240203 0.486082 0.032642 0.033387
0 0.939921 0.740296 0.064613 0.063320
0 0.126868 0.049047 0.021983 0.021724
0 0.331199 0.516979 0.042616 0.042928
0 0.969996 0.705628 0.025443 0.025606
0 0.372307 0.985957 0.032437 0.027862
0 0.680225 0.631546 0.025353 0.025622
0 0.896671 0.659527 0.203740 0.232593
0 0.316228 0.688208 0.034443 0.034013
0 0.106209 0.578353 0.076485 0.074802
0 0.167488 0.189249 0.075484 0.073213
0 0.779994 0.544446 0.021441 0.022917
0 0.690882 0.749549 0.020592 0.020275
0 0.530402 0.255793 0.022010 0.022078
0 0.082484 0.384614 0.026897 0.027017
0 0.385197 0.590905 0.046491 0.047041
0 0.475115 0.940475 0.022088 0.022035
0 0.501390 0.942608 0.020300 0.019844
0 0.356850 0.938916 0.032932 0.031994
0 0.583263 0.908363 0.020619 0.020055
0 0.415389 0.536756 0.033823 0.033156
0 0.471484 0.552120 0.040533 0.040814
0 0.249170 0.557597 0.037488 0.037353
0 0.005970 0.490211 0.011767 0.036670
0 0.530650 0.397711 0.035606 0.034957
