0 0.924663 0.776228 0.068625 0.061112
0 0.206278 0.427185 0.050902 0.047988
0 0.045014 0.733764 0.089537 0.112035
0 0.904891 0.107010 0.034858 0.032922
0 0.082852 0.235763 0.037624 0.035567
0 0.813321 0.350754 0.040803 0.037554
0 0.724203 0.020360 0.037908 0.035777
0 0.022024 0.883522 0.037205 0.035225
0 0.700809 0.413257 0.026797 0.026789
0 0.241515 0.299822 0.033499 0.033374
0 0.311289 0.103504 0.032304 0.031417
0 0.801689 0.914469 0.033377 0.031723
0 0.956649 0.823692 0.032754 0.030707
0 0.032493 0.096153 0.028988 0.028593
0 0.754539 0.712274 0.038450 0.038542
0 0.305697 0.595958 0.027727 0.027100
0 0.035908 0.018797 0.044563 0.035239
0 0.173941 0.935211 0.027508 0.026688
0 0.772059 0.724988 0.035130 0.032669
0 0.378212 0.687183 0.023856 0.023143
0 0.671754 0.467376 0.028132 0.027851
0 0.551274 0.958587 0.046565 0.044793
0 0.571806 0.485974 0.023861 0.023441
0 0.403715 0.034892 0.115335 0.069577
0 0.732289 0.682597 0.022436 0.021785
