0 0.238455 0.734018 0.022824 0.022547
0 0.413255 0.267316 0.035937 0.035483
0 0.929457 0.722332 0.028328 0.028472
0 0.696427 0.333184 0.027966 0.027813
0 0.126556 0.122670 0.028571 0.028636
0 0.537958 0.926690 0.027326 0.027301
0 0.097773 0.652975 0.041270 0.041209
0 0.273261 0.215155 0.026812 0.027361
0 0.715689 0.022603 0.024619 0.025082
0 0.495766 0.394459 0.027368 0.026980
0 0.151873 0.295424 0.050623 0.050534
0 0.213518 0.257711 0.038407 0.038536
0 0.350830 0.479220 0.023773 0.023244
0 0.074190 0.594545 0.054221 0.054356
0 0.046603 0.121565 0.066683 0.067144
0 0.455687 0.331781 0.040000 0.040090
0 0.505441 0.318153 0.045693 0.046554
0 0.423922 0.358583 0.036974 0.036640
0 0.949121 0.241949 0.027614 0.027436
0 0.717595 0.295416 0.027334 0.027260
0 0.884822 0.120631 0.032006 0.032072
0 0.926988 0.360697 0.038565 0.038723
0 0.017150 0.015287 0.032547 0.030296
0 0.032043 0.364313 0.035404 0.036015
0 0.145183 0.828608 0.022518 0.022715
0 0.045754 0.337903 0.022555 0.022921
0 0.887539 0.404565 0.034924 0.034772
0 0.082479 0.350766 0.041782 0.041307
0 0.598425 0.062336 0.103983 0.102650
0 0.040530 0.755590 0.020756 0.021054
0 0.434237 0.693486 0.050128 0.049975
0 0.632228 0.110472 0.035786 0.035467
0 0.415050 0.609977 0.024920 0.025345
0 0.956724 0.096165 0.026766 0.026602
0 0.697270 0.830571 0.031652 0.031940
0 0.862187 0.203690 0.028814 0.029144
0 0.436175 0.201025 0.020485 0.020319
0 0.589860 0.919460 0.022415 0.022249
0 0.838401 0.633988 0.028809 0.028160
0 0.314567 0.332433 0.039624 0.039758
0 0.876020 0.368228 0.025460 0.026162
0 0.835571 0.041581 0.021869 0.021907
0 0.747957 0.626917 0.022795 0.023113
0 0.239461 0.274645 0.023149 0.022950
0 0.097351 0.822011 0.125738 0.128811
0 0.181876 0.807419 0.027185 0.027923
0 0.383322 0.347161 0.032670 0.033449
0 0.654751 0.063330 0.055636 0.055215
0 0.266964 0.981664 0.025306 0.025434
0 0.238443 0.936484 0.019982 0.020273
0 0.933880 0.772075 0.041292 0.041129
0 0.958724 0.171703 0.034397 0.034456
0 0.265012 0.278062 0.021819 0.021757
0 0.327319 0.127140 0.020417 0.020786
0 0.218773 0.010213 0.064116 0.020324
0 0.836333 0.393585 0.042926 0.043037
0 0.351939 0.410239 0.059092 0.059249
0 0.320008 0.364488 0.031651 0.031088
0 0.985885 0.823863 0.028109 0.031874
0 0.294021 0.142877 0.020181 0.020423
0 0.466574 0.373597 0.048202 0.047304
0 0.386396 0.432943 0.019699 0.020149
0 0.242323 0.373246 0.034873 0.034918
0 0.600365 0.373018 0.028745 0.028515
0 0.195352 0.300395 0.027288 0.027433
0 0.528899 0.027014 0.085316 0.053740
0 0.214063 0.953591 0.022213 0.022268
0 0.629364 0.492833 0.230623 0.238668
0 0.988470 0.252797 0.020669 0.020680
0 0.628419 0.919865 0.019833 0.019795
0 0.559746 0.913711 0.018880 0.019036
0 0.406446 0.020334 0.094685 0.040481
0 0.348128 0.538439 0.050550 0.050660
0 0.602130 0.611374 0.027265 0.027887
0 0.921744 0.212052 0.050027 0.048547
0 0.108862 0.951263 0.018863 0.019227
0 0.955903 0.200015 0.027971 0.028522
0 0.397610 0.894239 0.026881 0.025146
0 0.289103 0.831013 0.018657 0.018749
0 0.664662 0.177801 0.038410 0.037646
0 0.540281 0.582835 0.024262 0.023867
0 0.645351 0.006314 0.029652 0.012311
0 0.861086 0.595616 0.021319 0.021481
0 0.673310 0.231888 0.027038 0.027107
0 0.654890 0.311253 0.021520 0.021002
0 0.644749 0.645730 0.029203 0.029104
0 0.471125 0.013683 0.035316 0.026982
0 0.272451 0.935204 0.058793 0.059915
0 0.420208 0.079851 0.021220 0.022095
0 0.814476 0.349866 0.020370 0.020354
0 0.394072 0.901779 0.042831 0.042338
0 0.268035 0.501691 0.020920 0.021449
0 0.194036 0.939484 0.020149 0.020238
0 0.216164 0.100389 0.019275 0.019536
0 0.244163 0.669943 0.018937 0.019398
0 0.079038 0.328713 0.029414 0.028515
0 0.286789 0.662193 0.019124 0.019383
0 0.455389 0.434289 0.084885 0.081717
