0 0.516951 0.778104 0.049391 0.048449
0 0.817264 0.834985 0.045451 0.044238
0 0.108202 0.609761 0.049370 0.048002
0 0.756638 0.906869 0.031426 0.030737
0 0.448472 0.202959 0.241123 0.224933
0 0.498696 0.434117 0.089264 0.087562
0 0.529124 0.107033 0.055906 0.055378
0 0.574694 0.493122 0.028548 0.028138
0 0.667560 0.407296 0.032443 0.031585
0 0.753401 0.685528 0.076975 0.076073
0 0.570190 0.708414 0.026038 0.025929
0 0.604662 0.391848 0.102870 0.099671
0 0.573745 0.591482 0.025477 0.025730
0 0.349063 0.817552 0.029861 0.029986
0 0.194892 0.483056 0.032097 0.031458
0 0.928476 0.548451 0.143049 0.157592
0 0.328964 0.054818 0.028215 0.028526
0 0.875978 0.467953 0.026530 0.026213
0 0.172221 0.461794 0.033583 0.033066
0 0.918615 0.318233 0.028157 0.028186
0 0.790782 0.109372 0.031475 0.031284
0 0.657145 0.752244 0.024085 0.024034
0 0.381261 0.588422 0.026889 0.026706
0 0.832739 0.806944 0.023582 0.023868
0 0.361991 0.860569 0.048337 0.045984
0 0.682619 0.710796 0.066063 0.064305
0 0.933937 0.260705 0.074598 0.071929
0 0.396345 0.129074 0.027190 0.027033
0 0.444022 0.886034 0.025646 0.024786
0 0.932111 0.440675 0.133723 0.141918
0 0.566528 0.372349 0.025077 0.024842
0 0.552769 0.035021 0.031190 0.030327
0 0.811979 0.476883 0.094238 0.091241
0 0.703926 0.516611 0.021894 0.021769
0 0.097745 0.902007 0.053428 0.049416
0 0.802940 0.345820 0.021014 0.020532
