0 0.603557 0.254426 0.042362 0.042028
0 0.112337 0.874873 0.040414 0.039623
0 0.496596 0.471793 0.033363 0.033026
0 0.417435 0.026759 0.033663 0.032485
0 0.020564 0.162619 0.040992 0.054699
0 0.873907 0.866817 0.038843 0.037888
0 0.178324 0.399747 0.027244 0.026874
0 0.146644 0.239291 0.180520 0.176018
0 0.223713 0.903408 0.028964 0.028260
0 0.231827 0.380472 0.063898 0.063146
0 0.324318 0.327932 0.025111 0.025089
0 0.783249 0.524261 0.083724 0.081804
0 0.650667 0.753715 0.036910 0.036306
0 0.176029 0.850820 0.072057 0.072251
0 0.465840 0.107199 0.020882 0.020846
0 0.189418 0.761639 0.025114 0.025045
0 0.511985 0.348236 0.021760 0.022083
0 0.290973 0.098981 0.030526 0.030513
0 0.534493 0.680297 0.021137 0.021205
0 0.136469 0.653862 0.093551 0.087757
0 0.306397 0.444704 0.042100 0.042642
