0 0.858958 0.564201 0.033949 0.032755
0 0.936975 0.027335 0.053634 0.052494
0 0.518133 0.642538 0.052586 0.048103
0 0.430364 0.638710 0.119170 0.102362
0 0.849022 0.617835 0.024628 0.023780
0 0.056147 0.608711 0.044321 0.037883
0 0.456067 0.464368 0.033663 0.031040
0 0.411813 0.060996 0.036290 0.033830
0 0.949936 0.873118 0.029631 0.028178
0 0.972965 0.311945 0.043819 0.039512
0 0.886813 0.198955 0.034537 0.032207
0 0.599143 0.380147 0.036486 0.034648
0 0.589421 0.861049 0.030694 0.028939
0 0.358733 0.552811 0.038938 0.033157
0 0.098391 0.932073 0.041754 0.032204
0 0.335545 0.079495 0.032240 0.030467
0 0.223432 0.844073 0.043525 0.034185
0 0.804374 0.620153 0.025752 0.025082
0 0.719445 0.925542 0.032739 0.029316
0 0.959987 0.406597 0.034275 0.031980
0 0.726946 0.547113 0.024121 0.023312
0 0.330663 0.620526 0.032373 0.030376
0 0.413968 0.427761 0.034129 0.030783
0 0.491859 0.970439 0.094260 0.059123
0 0.482698 0.440278 0.024511 0.023110
0 0.583579 0.426226 0.021384 0.021411
0 0.285144 0.940049 0.051029 0.040320
0 0.598864 0.024494 0.023659 0.023082
0 0.500702 0.389438 0.023930 0.022986
0 0.485881 0.369745 0.024347 0.024069
0 0.852436 0.478808 0.028084 0.027154
0 0.583538 0.290158 0.022205 0.022169
0 0.059158 0.686699 0.053670 0.047857
0 0.925085 0.635419 0.023069 0.022477
0 0.226776 0.251024 0.025639 0.024240
0 0.127536 0.523382 0.065846 0.057330
0 0.363044 0.111175 0.024438 0.023246
0 0.580457 0.697628 0.091632 0.090459
0 0.406203 0.097634 0.030903 0.030157
