0 0.181299 0.442143 0.091764 0.090475
0 0.339215 0.796742 0.177698 0.167670
0 0.551338 0.584031 0.038718 0.038116
0 0.645697 0.142193 0.039774 0.038916
0 0.619220 0.925327 0.135506 0.122239
0 0.220133 0.729434 0.066563 0.065852
0 0.577379 0.221796 0.041566 0.039970
0 0.460225 0.729949 0.123162 0.116384
0 0.883140 0.684010 0.058823 0.056550
0 0.063853 0.237698 0.037625 0.037364
0 0.338463 0.940194 0.136255 0.119611
0 0.168787 0.092469 0.033551 0.032713
0 0.697635 0.763415 0.043076 0.042296
0 0.946518 0.607303 0.034891 0.034184
0 0.455201 0.799554 0.043079 0.039852
0 0.278464 0.647329 0.045063 0.043954
0 0.022824 0.228740 0.045601 0.061680
0 0.259170 0.503830 0.033316 0.032163
0 0.193220 0.254806 0.037072 0.036300
0 0.196559 0.118140 0.034917 0.034222
0 0.500194 0.920730 0.091817 0.084263
0 0.811752 0.469156 0.030021 0.029963
0 0.122275 0.313524 0.029641 0.029108
0 0.047862 0.038379 0.025922 0.026045
0 0.097685 0.374171 0.032229 0.031002
0 0.616792 0.055320 0.024271 0.023610
0 0.635720 0.809559 0.035054 0.033779
0 0.196492 0.983987 0.042581 0.031455
0 0.538946 0.833139 0.034511 0.032115
0 0.112142 0.085899 0.030859 0.030689
0 0.188745 0.286824 0.034055 0.033134
0 0.162501 0.785844 0.042535 0.040819
0 0.305850 0.285559 0.079372 0.073325
0 0.851918 0.803610 0.027990 0.027662
0 0.898547 0.579114 0.025008 0.024645
0 0.684052 0.805430 0.076476 0.072993
0 0.598842 0.197374 0.024336 0.024072
0 0.874244 0.769350 0.027090 0.026040
0 0.006352 0.574478 0.012703 0.051089
0 0.191585 0.607286 0.066139 0.066318
0 0.017461 0.277810 0.034637 0.051571
0 0.541678 0.741311 0.029338 0.028506
0 0.778488 0.566864 0.030922 0.030064
0 0.290518 0.527479 0.084263 0.079144
0 0.068519 0.617937 0.037497 0.036436
0 0.537465 0.794900 0.091458 0.086417
0 0.535298 0.969773 0.146482 0.060348
0 0.162074 0.177911 0.024260 0.023597
0 0.635877 0.722117 0.021228 0.021333
0 0.342072 0.362119 0.050006 0.046659
0 0.193395 0.161940 0.030256 0.029439
0 0.283160 0.716160 0.057556 0.056101
0 0.475989 0.595494 0.050008 0.048092
0 0.884194 0.203788 0.231547 0.407576
0 0.891194 0.483849 0.026616 0.025917
0 0.405833 0.888002 0.051720 0.048983
0 0.329213 0.652251 0.043115 0.042091
0 0.397053 0.099775 0.022436 0.021941
0 0.367486 0.131055 0.022795 0.022315
0 0.334276 0.697329 0.054472 0.051804
0 0.542677 0.423047 0.026483 0.026801
0 0.246357 0.880373 0.096109 0.086590
0 0.295696 0.395171 0.021723 0.021570
0 0.536564 0.836303 0.145848 0.137584
0 0.289972 0.693404 0.034018 0.032905
0 0.956267 0.524843 0.022264 0.022185
0 0.928570 0.885617 0.023040 0.022244
0 0.251072 0.667218 0.036925 0.037052
