0 0.172988 0.213883 0.049360 0.043057
0 0.487167 0.849410 0.036049 0.032277
0 0.886528 0.277862 0.034330 0.032267
0 0.063690 0.653156 0.126826 0.157282
0 0.928038 0.963645 0.077101 0.066640
0 0.685654 0.173606 0.201929 0.170420
0 0.368722 0.058375 0.144805 0.113551
0 0.187493 0.943679 0.034442 0.029705
0 0.444920 0.444494 0.060092 0.050152
0 0.593621 0.062160 0.057409 0.048511
0 0.790237 0.523212 0.033723 0.030760
0 0.867331 0.947113 0.265338 0.105775
0 0.114017 0.092775 0.034177 0.029426
0 0.186160 0.748370 0.031526 0.027201
0 0.064194 0.799066 0.128389 0.171227
0 0.208129 0.487887 0.242114 0.210912
0 0.394003 0.653856 0.055437 0.049121
