0 0.659137 0.294281 0.069137 0.068050
0 0.907932 0.676403 0.184136 0.205875
0 0.561493 0.906358 0.070246 0.064298
0 0.175994 0.076109 0.080259 0.075269
0 0.381485 0.361280 0.041541 0.041385
0 0.442868 0.342259 0.052169 0.051261
0 0.026765 0.866891 0.052487 0.051450
0 0.815068 0.418898 0.041172 0.040686
0 0.322947 0.362834 0.036274 0.035849
0 0.646458 0.772198 0.077975 0.071438
0 0.434227 0.753665 0.033461 0.032840
0 0.251392 0.601889 0.040207 0.040494
0 0.587825 0.040335 0.130555 0.080671
0 0.601668 0.957034 0.123163 0.085933
0 0.421071 0.166500 0.156426 0.150924
0 0.289044 0.988390 0.053389 0.022859
0 0.438956 0.406770 0.391653 0.357483
0 0.388141 0.794775 0.033076 0.033083
0 0.550943 0.215921 0.093079 0.088000
0 0.686720 0.491219 0.041465 0.041560
0 0.942950 0.204261 0.028684 0.028360
0 0.467169 0.401381 0.030886 0.031024
0 0.106344 0.470644 0.028232 0.027573
0 0.733527 0.282949 0.032139 0.031258
0 0.238552 0.551578 0.171787 0.162185
0 0.162554 0.423676 0.055428 0.052092
0 0.685064 0.714220 0.044531 0.043076
0 0.748748 0.952279 0.027803 0.027150
0 0.752516 0.253882 0.027485 0.027567
0 0.218063 0.347085 0.030523 0.029302
0 0.376088 0.900452 0.030351 0.029998
0 0.540670 0.744052 0.026640 0.025869
0 0.418820 0.363818 0.030290 0.031435
0 0.286744 0.587147 0.036388 0.035015
0 0.467702 0.937228 0.060073 0.056737
0 0.699379 0.897899 0.025017 0.024688
0 0.210109 0.947526 0.047132 0.046704
0 0.702131 0.673321 0.035942 0.035299
0 0.174148 0.840860 0.101887 0.097748
0 0.042025 0.771345 0.027393 0.027643
0 0.318317 0.608218 0.029138 0.028843
0 0.334536 0.039959 0.037143 0.036114
0 0.461871 0.045163 0.117583 0.089824
0 0.981887 0.317625 0.036225 0.088671
0 0.098343 0.594742 0.029002 0.028383
0 0.095314 0.977918 0.026981 0.026736
