0 0.343417 0.075635 0.033543 0.031713
0 0.120500 0.960004 0.032512 0.029798
0 0.284945 0.571173 0.046759 0.043561
0 0.174575 0.125961 0.031003 0.030296
0 0.935766 0.560364 0.030403 0.029434
0 0.263737 0.210639 0.039958 0.039190
0 0.081073 0.364592 0.027029 0.026769
0 0.012814 0.204333 0.024433 0.025006
0 0.015921 0.703623 0.027210 0.024884
0 0.380444 0.709999 0.034472 0.032653
0 0.260713 0.904422 0.025267 0.024116
0 0.115680 0.207922 0.032186 0.031647
0 0.987512 0.988462 0.024977 0.023076
0 0.470121 0.290223 0.023072 0.022825
0 0.964162 0.960179 0.023250 0.023317
0 0.210389 0.272277 0.023177 0.022260
0 0.248241 0.963441 0.026488 0.025033
0 0.933587 0.395136 0.021269 0.021659
0 0.176539 0.746410 0.020749 0.021118
0 0.948822 0.120124 0.019678 0.019237
0 0.588429 0.176252 0.024335 0.024407
