0 0.887703 0.871042 0.092488 0.091887
0 0.868226 0.755137 0.120023 0.118724
0 0.346530 0.823790 0.043822 0.043713
0 0.938615 0.447009 0.044664 0.043821
0 0.807243 0.454074 0.040207 0.039170
0 0.708337 0.171314 0.033932 0.033768
0 0.528189 0.366008 0.098685 0.096977
0 0.212565 0.717393 0.034099 0.033526
0 0.339655 0.195648 0.167819 0.160950
0 0.447127 0.180659 0.053724 0.053091
0 0.809655 0.393497 0.071768 0.069676
0 0.648317 0.632330 0.224068 0.210741
0 0.739844 0.837500 0.034763 0.034384
0 0.047880 0.230169 0.095384 0.096605
0 0.698209 0.390691 0.072848 0.073217
0 0.785472 0.352023 0.031610 0.031652
0 0.762276 0.945715 0.029873 0.029302
0 0.851972 0.839584 0.025445 0.025327
0 0.889480 0.814203 0.024864 0.024446
0 0.421888 0.288270 0.034116 0.034410
0 0.403078 0.436681 0.078173 0.076914
0 0.888815 0.576418 0.026274 0.026163
0 0.232234 0.107793 0.251521 0.215032
0 0.966690 0.255409 0.066620 0.072578
0 0.518814 0.595488 0.142820 0.143192
0 0.042098 0.434776 0.084195 0.092054
0 0.824878 0.577660 0.028934 0.028474
0 0.068142 0.635534 0.040341 0.039329
0 0.968200 0.473100 0.032577 0.032751
0 0.317746 0.444238 0.067013 0.064726
0 0.085490 0.842945 0.023989 0.023805
0 0.451562 0.483908 0.080747 0.079984
0 0.836688 0.553180 0.099115 0.094710
0 0.602429 0.475135 0.122637 0.117371
0 0.059406 0.974178 0.066753 0.051117
0 0.242418 0.404548 0.103787 0.095990
0 0.369231 0.391793 0.052720 0.053004
0 0.942455 0.330229 0.024600 0.024969
0 0.514327 0.503330 0.020825 0.020863
0 0.899574 0.353849 0.084212 0.081438
0 0.469195 0.412343 0.021809 0.021842
0 0.473322 0.825678 0.022617 0.022368
0 0.084704 0.300221 0.155838 0.149134
0 0.869394 0.228416 0.114159 0.110575
0 0.338926 0.540635 0.184615 0.176378
0 0.394669 0.690175 0.161074 0.162530
0 0.963681 0.884579 0.041241 0.040438
0 0.586140 0.976405 0.031161 0.030691
0 0.385225 0.289979 0.036818 0.036951
0 0.447143 0.804660 0.035937 0.035800
0 0.566510 0.475059 0.065453 0.065952
0 0.701048 0.546884 0.019750 0.019801
0 0.223302 0.606458 0.124233 0.120759
0 0.618765 0.570827 0.145429 0.143362
0 0.447409 0.589279 0.022477 0.022763
0 0.575164 0.774208 0.097088 0.097354
0 0.942003 0.035094 0.063931 0.064323
0 0.827091 0.495576 0.020824 0.020796
0 0.863952 0.125878 0.024256 0.024510
0 0.689953 0.900460 0.021220 0.021266
0 0.237574 0.451018 0.053483 0.053661
0 0.118916 0.804015 0.237833 0.384943
0 0.628037 0.884440 0.309856 0.231121
0 0.480330 0.315161 0.034405 0.034934
0 0.984948 0.195479 0.021331 0.020519
0 0.204155 0.515208 0.105212 0.105175
0 0.953352 0.644903 0.057324 0.056145
0 0.076202 0.029896 0.152403 0.059792
0 0.807478 0.174435 0.020994 0.021210
0 0.471912 0.212163 0.023136 0.023543
0 0.233316 0.742224 0.023054 0.022534
0 0.135441 0.535645 0.086109 0.083146
0 0.710069 0.894571 0.147671 0.149085
0 0.040755 0.072099 0.060934 0.057607
