0 0.809484 0.594671 0.032545 0.032290
0 0.690260 0.271162 0.061437 0.058613
0 0.863925 0.458179 0.027161 0.026068
0 0.309524 0.682330 0.073921 0.069830
0 0.782329 0.481687 0.026937 0.025000
0 0.471463 0.620796 0.088979 0.086110
0 0.782363 0.712575 0.023838 0.022182
0 0.522004 0.395600 0.032454 0.031328
0 0.465230 0.928733 0.221950 0.140608
0 0.043578 0.671363 0.065668 0.064087
0 0.542803 0.564253 0.029253 0.027463
0 0.153571 0.754371 0.034351 0.032643
0 0.356795 0.409522 0.041069 0.037848
0 0.658117 0.663415 0.037621 0.035974
0 0.197497 0.412561 0.032849 0.033008
0 0.645235 0.270580 0.439864 0.405138
0 0.117969 0.391886 0.036197 0.034700
0 0.405200 0.116915 0.029255 0.028862
0 0.282971 0.129302 0.361571 0.257797
0 0.945058 0.610376 0.037020 0.036203
0 0.489590 0.797228 0.034574 0.030432
0 0.134764 0.489925 0.032675 0.031745
0 0.297651 0.753067 0.031155 0.029331
0 0.389738 0.818813 0.029039 0.028441
0 0.508629 0.880060 0.027143 0.024786
0 0.124870 0.710229 0.030942 0.028335
0 0.175678 0.625312 0.031357 0.029099
0 0.145036 0.415221 0.031623 0.029837
0 0.682030 0.815181 0.023201 0.022861
0 0.222881 0.839342 0.030120 0.029177
0 0.451255 0.989767 0.031534 0.020290
0 0.857479 0.921159 0.283363 0.157157
0 0.658497 0.750469 0.024853 0.024608
0 0.086110 0.643906 0.024066 0.023696
0 0.501601 0.418057 0.031575 0.029137
0 0.442655 0.052559 0.024614 0.023825
0 0.981458 0.570543 0.037085 0.044174
0 0.669222 0.706825 0.025106 0.024181
0 0.354669 0.056411 0.045617 0.043245
0 0.327851 0.190606 0.029969 0.030692
0 0.678637 0.641757 0.025809 0.025592
0 0.007337 0.195527 0.014549 0.046218
0 0.964575 0.754163 0.070525 0.083792
0 0.080424 0.122940 0.047245 0.046255
0 0.399496 0.626001 0.110762 0.101251
0 0.077516 0.544365 0.036019 0.032140
0 0.655943 0.731321 0.023798 0.021700
0 0.308390 0.717516 0.032784 0.031737
0 0.021036 0.026756 0.041551 0.046226
0 0.385433 0.088175 0.031835 0.033221
0 0.800192 0.559022 0.021621 0.021597
0 0.868153 0.689023 0.037376 0.035201
0 0.683544 0.198449 0.024417 0.023610
0 0.962532 0.627316 0.020209 0.019663
0 0.057067 0.349424 0.026160 0.025711
0 0.235987 0.798244 0.032007 0.028732
0 0.511285 0.166822 0.021107 0.021298
0 0.551472 0.061639 0.093644 0.088505
0 0.614373 0.767769 0.021540 0.020462
0 0.829935 0.266210 0.021719 0.020817
0 0.392374 0.455116 0.030117 0.029424
0 0.527320 0.791528 0.023135 0.021919
0 0.568966 0.452674 0.020851 0.020314
0 0.734356 0.048785 0.022205 0.022038
0 0.601744 0.365808 0.027835 0.028457
0 0.407616 0.632579 0.026922 0.027317
0 0.023093 0.100530 0.022863 0.022070
0 0.325317 0.443620 0.025607 0.025411
