0 0.624014 0.094990 0.127746 0.110098
0 0.793135 0.696319 0.264185 0.228827
0 0.223929 0.074544 0.092331 0.080684
0 0.614066 0.475075 0.205458 0.164589
0 0.758508 0.292940 0.074180 0.060874
0 0.640001 0.630020 0.040717 0.037054
0 0.347282 0.289162 0.211274 0.178319
0 0.862243 0.954477 0.091881 0.075776
0 0.340207 0.730231 0.190494 0.165440
0 0.731065 0.197475 0.051413 0.041564
0 0.551427 0.681093 0.117957 0.104668
0 0.033253 0.885785 0.066505 0.081598
0 0.236060 0.830843 0.118289 0.101258
0 0.230225 0.458803 0.453002 0.380926
0 0.217105 0.177029 0.234179 0.198291
0 0.841488 0.366706 0.053822 0.044181
0 0.616246 0.303456 0.140746 0.113961
0 0.861145 0.244229 0.190151 0.157470
0 0.572491 0.943943 0.117281 0.108320
0 0.742375 0.371944 0.035114 0.028571
0 0.668703 0.952557 0.076238 0.067155
0 0.952140 0.390263 0.094751 0.085695
0 0.787714 0.342746 0.050619 0.039422
0 0.090745 0.674417 0.181490 0.365931
0 0.646443 0.225376 0.126017 0.112998
0 0.856007 0.990757 0.052231 0.018097
0 0.677043 0.018176 0.049024 0.035621
0 0.406171 0.951196 0.025670 0.024070
0 0.039900 0.986290 0.053860 0.026618
0 0.958456 0.859399 0.032046 0.026422
0 0.961502 0.908074 0.076706 0.083690
0 0.748281 0.978449 0.159701 0.043101
0 0.716232 0.281898 0.074431 0.065409
0 0.622806 0.978957 0.093954 0.042085
0 0.522744 0.871153 0.163405 0.143004
0 0.742562 0.495320 0.048416 0.041574
0 0.941747 0.282377 0.112953 0.095536
0 0.706168 0.529256 0.056036 0.047331
0 0.262931 0.659598 0.149550 0.123059
0 0.943580 0.203950 0.112093 0.120750
0 0.145588 0.137381 0.135967 0.125808
0 0.886506 0.390506 0.040975 0.033845
0 0.634431 0.160525 0.050742 0.040627
0 0.616567 0.363795 0.071208 0.054690
0 0.981583 0.336972 0.036596 0.079433
0 0.936412 0.539128 0.028792 0.025797
0 0.866312 0.416379 0.031180 0.026129
