0 0.590876 0.279256 0.101346 0.100674
0 0.522461 0.228508 0.101811 0.103026
0 0.489204 0.789732 0.057718 0.058345
0 0.391363 0.486078 0.089408 0.089544
0 0.641626 0.434787 0.025526 0.025441
0 0.879801 0.704172 0.026178 0.025694
0 0.735570 0.160901 0.037992 0.037423
0 0.614077 0.817142 0.113494 0.112556
0 0.946342 0.841754 0.041874 0.042238
0 0.610941 0.603100 0.062130 0.062257
0 0.642392 0.209295 0.025080 0.025174
0 0.204066 0.885105 0.123690 0.121458
0 0.272380 0.744791 0.064065 0.063825
0 0.591482 0.205789 0.036099 0.035815
0 0.358208 0.428934 0.029635 0.029175
0 0.414249 0.640624 0.024027 0.024192
0 0.273198 0.396354 0.025536 0.025722
0 0.642289 0.265211 0.020715 0.020713
0 0.970210 0.111885 0.029168 0.029211
0 0.944470 0.582435 0.026881 0.027397
0 0.396512 0.280664 0.028576 0.028500
0 0.563262 0.463329 0.043817 0.043479
0 0.174257 0.329831 0.026186 0.026438
0 0.469126 0.634448 0.078021 0.077958
0 0.718677 0.573515 0.021513 0.021791
0 0.154885 0.432250 0.031094 0.030964
0 0.653944 0.141086 0.026179 0.026021
0 0.450262 0.267086 0.072562 0.070793
0 0.485454 0.421553 0.030062 0.031742
0 0.617671 0.147207 0.036022 0.036190
0 0.868599 0.623984 0.034499 0.034280
0 0.602508 0.472238 0.035431 0.035906
0 0.904395 0.526666 0.035961 0.035840
0 0.400735 0.313304 0.023012 0.022776
0 0.868253 0.211451 0.028852 0.028988
0 0.303368 0.055470 0.064441 0.064162
0 0.297749 0.709814 0.060731 0.060835
0 0.308809 0.851753 0.105892 0.104052
0 0.129407 0.502548 0.050939 0.051422
0 0.158393 0.239689 0.314287 0.348097
0 0.770586 0.485119 0.029793 0.029307
0 0.942006 0.952823 0.109010 0.094355
0 0.750256 0.943704 0.023157 0.022857
0 0.328243 0.951777 0.034962 0.034328
0 0.025876 0.239056 0.028548 0.029690
0 0.029430 0.754400 0.033023 0.032354
0 0.509726 0.437278 0.025411 0.025807
0 0.177267 0.569186 0.021832 0.021754
0 0.796412 0.632747 0.022171 0.022746
0 0.892495 0.266007 0.039168 0.039399
0 0.925414 0.554277 0.030553 0.029959
0 0.563214 0.369396 0.023344 0.023875
0 0.365909 0.303757 0.023648 0.023788
0 0.094150 0.271153 0.050655 0.049851
0 0.255230 0.952823 0.028319 0.028585
0 0.909865 0.747203 0.025032 0.025009
0 0.239812 0.377672 0.022172 0.022316
0 0.190069 0.674611 0.087001 0.085485
0 0.609409 0.367359 0.098271 0.100358
0 0.790957 0.231340 0.022828 0.022767
0 0.722264 0.310940 0.022636 0.022960
0 0.980095 0.207776 0.039810 0.054648
0 0.472897 0.463726 0.026717 0.026798
0 0.764124 0.058756 0.026233 0.026184
0 0.014472 0.732824 0.025870 0.025320
0 0.023588 0.389075 0.022764 0.022273
0 0.207124 0.955590 0.024036 0.024225
0 0.588185 0.702245 0.042370 0.042511
0 0.378769 0.385678 0.022797 0.023085
0 0.888256 0.465627 0.020047 0.019877
0 0.604206 0.102484 0.041379 0.041982
0 0.138622 0.806431 0.021823 0.021649
0 0.949955 0.900169 0.059195 0.060363
0 0.880394 0.565887 0.040936 0.040324
0 0.842824 0.362368 0.024220 0.024062
0 0.951203 0.251132 0.053931 0.055306
0 0.584637 0.037737 0.171186 0.075112
0 0.937442 0.166714 0.019968 0.020287
0 0.426016 0.092560 0.064387 0.063776
0 0.625829 0.742748 0.023494 0.024053
0 0.254243 0.700932 0.024092 0.024396
0 0.110193 0.747463 0.192919 0.194179
0 0.931653 0.337542 0.019085 0.019114
0 0.965691 0.043936 0.028759 0.028672
0 0.973708 0.499305 0.039749 0.039572
0 0.384606 0.363848 0.023069 0.022781
0 0.371012 0.974636 0.085920 0.050388
0 0.671981 0.736897 0.022922 0.022838
0 0.732808 0.281065 0.026517 0.026888
0 0.478510 0.862534 0.022799 0.023470
0 0.040526 0.496714 0.024688 0.024911
0 0.352270 0.545515 0.030581 0.029915
0 0.763221 0.248231 0.023740 0.023874
0 0.456528 0.447277 0.021386 0.021740
0 0.527429 0.772130 0.036068 0.035873
0 0.895493 0.120277 0.020088 0.020222
0 0.248205 0.946073 0.034530 0.035790
0 0.718476 0.075731 0.026086 0.026537
0 0.516869 0.419281 0.019164 0.019286
0 0.822359 0.372441 0.021392 0.021328
0 0.470820 0.928298 0.022981 0.022952
0 0.899048 0.909498 0.021576 0.021866
0 0.950707 0.100136 0.021481 0.021291
0 0.966222 0.342701 0.041574 0.040815
0 0.760987 0.990849 0.020903 0.018301
0 0.107491 0.672911 0.020007 0.020365
0 0.443590 0.620266 0.022251 0.025137
0 0.302667 0.784614 0.055994 0.056080
0 0.147384 0.095851 0.251156 0.190576
0 0.419334 0.335832 0.023526 0.024047
0 0.459350 0.854812 0.058363 0.058443
0 0.132005 0.636741 0.045662 0.045785
0 0.019432 0.637542 0.038348 0.123953
0 0.949248 0.705287 0.018439 0.018472
0 0.240865 0.654427 0.067850 0.068872
0 0.223460 0.993420 0.026466 0.012364
0 0.641867 0.940538 0.021106 0.021989
0 0.983945 0.142048 0.032111 0.082770
0 0.655335 0.362789 0.018220 0.018129
0 0.478164 0.021678 0.044866 0.042281
0 0.546497 0.622944 0.018433 0.018433
0 0.506149 0.460077 0.022395 0.021735
0 0.427018 0.235331 0.019282 0.018391
0 0.471165 0.425469 0.030157 0.033871
0 0.828569 0.013907 0.030102 0.027623
0 0.976998 0.704838 0.045678 0.098053
0 0.712012 0.824416 0.023318 0.024349
0 0.815360 0.045973 0.062745 0.062849
0 0.795112 0.125942 0.022508 0.022668
0 0.141053 0.937014 0.058036 0.055652
0 0.819841 0.744640 0.031561 0.031415
0 0.442407 0.978787 0.046196 0.041217
0 0.866698 0.410500 0.099013 0.095735
0 0.673848 0.933124 0.024653 0.025550
0 0.235890 0.715855 0.029567 0.030140
0 0.389649 0.494457 0.022445 0.020885
0 0.400148 0.009899 0.066195 0.019797
0 0.420881 0.325867 0.023019 0.025084
