0 0.320922 0.648325 0.160335 0.146074
0 0.903744 0.111310 0.043161 0.036680
0 0.444963 0.469488 0.053697 0.048630
0 0.197715 0.873842 0.077294 0.074148
0 0.575308 0.596995 0.051388 0.049418
0 0.582299 0.653844 0.045279 0.044141
0 0.344934 0.489428 0.066806 0.058379
0 0.453813 0.402562 0.099467 0.090854
0 0.224400 0.832497 0.045613 0.043626
0 0.116455 0.478922 0.050783 0.047900
0 0.319019 0.533160 0.031870 0.030952
0 0.549945 0.573255 0.026158 0.026050
0 0.519392 0.538945 0.026971 0.025372
0 0.647307 0.444333 0.032921 0.030455
0 0.958200 0.151829 0.030905 0.028609
0 0.312884 0.928000 0.043652 0.039829
0 0.673689 0.905316 0.070261 0.066086
0 0.414456 0.057945 0.043465 0.039126
0 0.069174 0.071808 0.030027 0.029210
0 0.712281 0.007873 0.032683 0.015663
0 0.456987 0.986637 0.037682 0.026290
0 0.953946 0.589633 0.026617 0.025049
0 0.619291 0.967568 0.080162 0.064864
0 0.814337 0.265460 0.077750 0.068748
0 0.827015 0.401075 0.042387 0.039914
0 0.854096 0.281452 0.031812 0.029244
