0 0.626936 0.312114 0.100136 0.092668
0 0.690370 0.746219 0.076321 0.068743
0 0.815811 0.871417 0.111843 0.100276
0 0.621215 0.716858 0.068723 0.062445
0 0.762328 0.511411 0.078050 0.067904
0 0.626002 0.953720 0.117125 0.091364
0 0.058755 0.146399 0.079280 0.070294
0 0.583775 0.489121 0.028870 0.028003
0 0.828581 0.936804 0.039021 0.035264
0 0.247669 0.190960 0.050051 0.045400
0 0.311707 0.683834 0.049082 0.044323
0 0.600314 0.144497 0.057076 0.050170
0 0.566086 0.651410 0.038890 0.037920
0 0.806326 0.557255 0.075996 0.066772
0 0.480166 0.023499 0.056726 0.046511
0 0.689075 0.460707 0.175470 0.160237
0 0.627301 0.169454 0.039988 0.037696
0 0.630175 0.555822 0.060090 0.057542
0 0.934270 0.822574 0.041135 0.038355
0 0.454987 0.217445 0.034895 0.033529
0 0.540602 0.544896 0.030950 0.029374
0 0.359132 0.208304 0.031432 0.030616
0 0.736661 0.626596 0.050541 0.045516
0 0.026159 0.104049 0.037030 0.033736
0 0.179972 0.507530 0.029088 0.026251
0 0.941175 0.585691 0.024858 0.023345
0 0.923255 0.715548 0.094581 0.086572
0 0.860125 0.352579 0.278760 0.336684
0 0.441681 0.812095 0.031405 0.028725
0 0.619113 0.009831 0.049301 0.019662
0 0.045510 0.568716 0.023292 0.022157
0 0.726987 0.030339 0.040394 0.037144
0 0.889705 0.931267 0.027648 0.026220
0 0.329162 0.129083 0.056748 0.050055
0 0.227852 0.056288 0.028665 0.026059
0 0.427428 0.695459 0.035447 0.032822
0 0.203448 0.755472 0.051715 0.045019
0 0.556558 0.462814 0.026306 0.025028
0 0.325759 0.904097 0.031377 0.028806
0 0.468416 0.870547 0.037268 0.034153
0 0.497054 0.085555 0.029090 0.027462
0 0.708504 0.217705 0.029907 0.028571
0 0.929193 0.450831 0.031454 0.030715
0 0.318358 0.717268 0.028135 0.026267
0 0.791797 0.139947 0.049835 0.043773
0 0.590792 0.282397 0.269645 0.229989
0 0.989326 0.890830 0.021225 0.032839
0 0.011137 0.653414 0.022156 0.067226
0 0.376404 0.857417 0.045270 0.043161
0 0.316482 0.985245 0.104484 0.028987
0 0.684324 0.297324 0.021754 0.021141
0 0.027498 0.260055 0.024392 0.023844
0 0.571515 0.012282 0.040475 0.024439
0 0.740830 0.894822 0.023314 0.022160
0 0.300067 0.644472 0.027581 0.026670
0 0.258553 0.128580 0.047346 0.044176
0 0.536730 0.174673 0.029497 0.028489
0 0.428908 0.383107 0.174723 0.159242
0 0.845265 0.102868 0.040648 0.038820
0 0.333860 0.935228 0.031943 0.028041
0 0.671498 0.114729 0.026256 0.024981
0 0.320111 0.281819 0.030102 0.029237
0 0.463903 0.165489 0.046668 0.043677
0 0.855543 0.697337 0.042314 0.038411
0 0.296781 0.472490 0.021993 0.021721
0 0.814026 0.641138 0.059848 0.050473
0 0.218450 0.147240 0.031018 0.028397
0 0.954909 0.091598 0.035640 0.034310
0 0.981593 0.693604 0.036814 0.055636
0 0.057623 0.790573 0.024283 0.022570
0 0.127694 0.705594 0.027253 0.024196
0 0.841896 0.809425 0.029159 0.027464
0 0.278590 0.360394 0.022915 0.022631
0 0.440248 0.479758 0.024053 0.022918
0 0.757630 0.462891 0.022879 0.021355
0 0.861889 0.159133 0.031577 0.030017
0 0.525345 0.006207 0.041388 0.012395
0 0.785905 0.992429 0.024570 0.014438
0 0.239603 0.828284 0.026568 0.025036
0 0.096382 0.373383 0.022163 0.021753
