0 0.215804 0.289414 0.091834 0.092457
0 0.728713 0.136500 0.054446 0.054365
0 0.858556 0.295002 0.061811 0.062677
0 0.132386 0.353786 0.058384 0.058392
0 0.077939 0.241803 0.084933 0.083393
0 0.863024 0.450875 0.056324 0.055994
0 0.649508 0.132915 0.033142 0.033051
0 0.974670 0.628405 0.049613 0.049867
0 0.332358 0.234903 0.027999 0.027785
0 0.322879 0.556075 0.040920 0.040631
0 0.695188 0.419971 0.024666 0.024343
0 0.888810 0.972413 0.023794 0.024030
0 0.802892 0.703468 0.023057 0.023264
0 0.362192 0.222415 0.036350 0.036634
0 0.102752 0.679451 0.051561 0.051512
0 0.251351 0.733399 0.046819 0.046549
0 0.878951 0.902945 0.023520 0.023195
0 0.160924 0.540587 0.034240 0.034788
0 0.334782 0.070663 0.036153 0.036243
0 0.050062 0.112762 0.035561 0.035935
0 0.136636 0.740127 0.021193 0.020893
0 0.190276 0.374502 0.020295 0.020612
0 0.593548 0.296213 0.037606 0.037625
0 0.320163 0.019537 0.045688 0.038835
0 0.395238 0.106538 0.083637 0.079863
0 0.475650 0.403866 0.063943 0.065214
0 0.036557 0.366354 0.041520 0.041661
0 0.971259 0.234014 0.030264 0.029437
0 0.080271 0.515965 0.020651 0.020539
0 0.863492 0.948648 0.022461 0.022237
0 0.080158 0.180470 0.043975 0.044902
0 0.892548 0.396081 0.036608 0.037031
0 0.069013 0.008085 0.037206 0.015867
0 0.576145 0.214545 0.036110 0.035676
0 0.606692 0.243098 0.040802 0.040361
0 0.646259 0.519735 0.046995 0.045245
0 0.671485 0.021223 0.062197 0.042279
0 0.417587 0.744182 0.028876 0.029952
0 0.521123 0.101659 0.049143 0.049238
0 0.027571 0.031577 0.055142 0.061669
0 0.710945 0.091840 0.035731 0.036192
0 0.962821 0.941685 0.043481 0.041687
0 0.757105 0.327429 0.060180 0.061599
0 0.264876 0.784423 0.021786 0.021794
0 0.324906 0.107937 0.038968 0.039164
0 0.405719 0.655562 0.020705 0.021175
0 0.054604 0.978893 0.062049 0.042213
0 0.315472 0.775481 0.050758 0.050881
0 0.241138 0.707864 0.039672 0.040690
0 0.063362 0.787944 0.021627 0.020970
0 0.949905 0.840714 0.047001 0.047774
0 0.405087 0.290397 0.021041 0.021144
0 0.112292 0.068129 0.109800 0.114492
0 0.641577 0.600058 0.053680 0.053072
0 0.859638 0.564532 0.045791 0.044654
0 0.879570 0.628756 0.068364 0.069223
0 0.715413 0.046788 0.027934 0.028175
0 0.555546 0.190627 0.021356 0.021022
0 0.331680 0.695443 0.058811 0.057418
0 0.322534 0.940821 0.059001 0.058983
0 0.100888 0.186684 0.024536 0.028645
0 0.840611 0.967733 0.021092 0.021264
0 0.456205 0.501408 0.037200 0.038078
0 0.758536 0.008480 0.035746 0.016960
0 0.805904 0.334789 0.019128 0.019705
0 0.045011 0.080870 0.038012 0.038231
0 0.485769 0.979887 0.237269 0.040226
0 0.070042 0.547368 0.027840 0.028082
0 0.373494 0.499169 0.042680 0.042465
0 0.973041 0.921578 0.036720 0.036115
0 0.992118 0.419459 0.015764 0.024138
0 0.972390 0.888769 0.040739 0.040200
