0 0.829145 0.741371 0.050681 0.046036
0 0.524921 0.536665 0.079227 0.071809
0 0.109880 0.880783 0.099482 0.096566
0 0.190126 0.719613 0.161181 0.157378
0 0.535548 0.159454 0.134083 0.127025
0 0.345263 0.362636 0.047292 0.044723
0 0.303171 0.587754 0.033787 0.031189
0 0.318132 0.468751 0.226404 0.212154
0 0.843499 0.079278 0.033970 0.031511
0 0.991752 0.976906 0.016135 0.043493
0 0.064271 0.918308 0.034300 0.032963
0 0.907649 0.923417 0.034534 0.030463
0 0.421775 0.383265 0.109806 0.104250
0 0.715699 0.260107 0.026051 0.025315
0 0.231630 0.917061 0.034221 0.031858
0 0.108756 0.592447 0.079072 0.070626
0 0.775692 0.943655 0.075949 0.066361
0 0.604169 0.966746 0.106218 0.066509
0 0.723957 0.764060 0.032290 0.031189
0 0.340924 0.258112 0.027944 0.026781
0 0.145052 0.782594 0.111106 0.099608
0 0.959743 0.105287 0.080515 0.088945
0 0.668109 0.888630 0.028177 0.027330
0 0.882015 0.687930 0.094185 0.084463
