0 0.938804 0.425267 0.086555 0.069503
0 0.385204 0.368255 0.112715 0.090349
0 0.456626 0.419618 0.103047 0.081745
0 0.586129 0.189079 0.055844 0.045551
0 0.554749 0.458439 0.046430 0.038794
0 0.786965 0.614871 0.169624 0.117791
0 0.191599 0.453269 0.129967 0.105550
0 0.856490 0.187662 0.043446 0.036824
0 0.238703 0.690026 0.082964 0.067026
0 0.893996 0.813083 0.079052 0.058235
0 0.885499 0.907085 0.062322 0.047003
0 0.621673 0.959315 0.060341 0.047934
0 0.207511 0.405029 0.043973 0.034669
0 0.933308 0.300212 0.043230 0.033749
0 0.130371 0.970999 0.081481 0.056854
0 0.280828 0.738566 0.046473 0.031937
0 0.326638 0.630651 0.060308 0.046829
0 0.327811 0.865442 0.046226 0.035661
0 0.914330 0.952193 0.048028 0.032750
0 0.501493 0.761197 0.049649 0.032554
0 0.562557 0.616933 0.130563 0.093775
0 0.813110 0.864200 0.056691 0.039889
0 0.659862 0.628784 0.036045 0.026833
0 0.323393 0.952414 0.066487 0.050894
0 0.717133 0.978541 0.034827 0.028260
0 0.929822 0.104868 0.032239 0.027125
0 0.988204 0.086527 0.023592 0.040361
0 0.844042 0.929140 0.042438 0.032650
0 0.498011 0.731188 0.042704 0.032546
0 0.275939 0.483282 0.070794 0.055907
0 0.955696 0.094953 0.032274 0.027142
0 0.878788 0.778180 0.033102 0.025886
0 0.399396 0.672089 0.251563 0.206392
0 0.563794 0.905837 0.105070 0.086180
0 0.904617 0.354336 0.037574 0.030884
0 0.818290 0.226139 0.033622 0.028088
0 0.203135 0.534776 0.057388 0.042179
0 0.466528 0.564265 0.068383 0.051265
0 0.613894 0.789272 0.118162 0.100830
0 0.868034 0.012992 0.028132 0.023990
0 0.099358 0.459901 0.079620 0.061298
0 0.904631 0.326343 0.032894 0.023082
0 0.986475 0.315087 0.027050 0.049300
0 0.313456 0.805719 0.053503 0.040573
0 0.164169 0.734197 0.055936 0.044509
