0 0.780470 0.862846 0.036739 0.036454
0 0.319670 0.714561 0.032115 0.031611
0 0.155398 0.764260 0.038225 0.037682
0 0.919403 0.337614 0.112933 0.112179
0 0.188084 0.231625 0.073990 0.073556
0 0.104580 0.184400 0.031556 0.030924
0 0.291628 0.166332 0.046665 0.046182
0 0.111284 0.833552 0.026632 0.026479
0 0.350091 0.648512 0.070231 0.069733
0 0.113222 0.482027 0.028448 0.027904
0 0.119905 0.256015 0.046593 0.046148
0 0.160522 0.501647 0.066466 0.066682
0 0.702993 0.838878 0.042310 0.042616
0 0.203769 0.077201 0.053317 0.053442
0 0.563746 0.294912 0.042980 0.042976
0 0.817550 0.124312 0.049213 0.048454
0 0.781739 0.779512 0.039155 0.038883
0 0.948373 0.458242 0.093871 0.090169
0 0.366396 0.202087 0.039665 0.039617
0 0.202127 0.135367 0.045060 0.045058
0 0.085389 0.369555 0.033058 0.032135
0 0.716440 0.459501 0.087934 0.086413
0 0.481958 0.160374 0.039621 0.039367
0 0.309981 0.227207 0.041658 0.042118
0 0.376987 0.427200 0.042402 0.042324
0 0.628794 0.451976 0.029137 0.028912
0 0.555017 0.812446 0.163911 0.160635
0 0.707783 0.165812 0.047806 0.047450
0 0.892654 0.815602 0.072097 0.071228
0 0.112820 0.080876 0.036720 0.036962
0 0.399640 0.569846 0.034548 0.034795
0 0.082454 0.042210 0.060975 0.059615
0 0.176539 0.194581 0.033906 0.034096
0 0.816680 0.646036 0.222494 0.221311
0 0.337653 0.336749 0.050913 0.050823
0 0.934595 0.517569 0.045718 0.044477
0 0.902866 0.886869 0.044922 0.044247
0 0.535145 0.719267 0.058086 0.057019
0 0.273439 0.387807 0.036397 0.035732
0 0.077870 0.231154 0.028633 0.029064
0 0.021383 0.492637 0.039937 0.040782
0 0.500878 0.458132 0.170658 0.168328
0 0.274699 0.272331 0.026789 0.026618
0 0.848900 0.434503 0.055754 0.055175
0 0.164466 0.018148 0.077706 0.036297
0 0.141882 0.125532 0.023869 0.023637
0 0.131571 0.201005 0.030798 0.031724
0 0.636131 0.683815 0.023987 0.023842
0 0.289692 0.249532 0.026479 0.026161
0 0.289568 0.418660 0.039853 0.040487
0 0.921247 0.981385 0.047623 0.036723
0 0.571885 0.945500 0.227964 0.108648
0 0.919941 0.099789 0.028689 0.028096
0 0.255451 0.038715 0.048358 0.046988
0 0.241884 0.296751 0.024221 0.024673
0 0.258500 0.595699 0.050766 0.049997
0 0.814972 0.511246 0.149982 0.142196
0 0.576206 0.220917 0.078814 0.078371
0 0.411259 0.439053 0.025318 0.025065
0 0.080824 0.151199 0.028307 0.028333
0 0.226406 0.315109 0.022845 0.023294
0 0.201461 0.314793 0.026034 0.026533
0 0.060918 0.350574 0.030314 0.029400
0 0.012918 0.398428 0.025533 0.034612
0 0.673773 0.928686 0.045062 0.044218
0 0.933635 0.955187 0.048505 0.047686
0 0.302938 0.361691 0.024033 0.024424
0 0.379940 0.385555 0.091190 0.089544
0 0.535248 0.110521 0.045463 0.045587
0 0.137708 0.172645 0.036116 0.035790
0 0.940379 0.711058 0.117321 0.137190
0 0.438069 0.969162 0.025962 0.026223
0 0.461038 0.029117 0.056163 0.054276
0 0.814097 0.973947 0.095502 0.052105
0 0.114890 0.224178 0.039357 0.038563
0 0.733217 0.973172 0.077323 0.053087
0 0.342132 0.556715 0.079809 0.080630
0 0.083590 0.014306 0.083735 0.028458
0 0.055859 0.400928 0.036324 0.036011
0 0.670245 0.405981 0.107978 0.101772
0 0.270155 0.950651 0.043928 0.044553
0 0.711448 0.752230 0.110504 0.108746
0 0.292233 0.085683 0.022913 0.023091
0 0.918673 0.770205 0.021319 0.020426
0 0.262641 0.525451 0.071947 0.071882
0 0.712389 0.544185 0.039477 0.039399
0 0.552789 0.334976 0.030343 0.030381
0 0.809904 0.186868 0.086567 0.085262
0 0.382011 0.367897 0.030658 0.034902
0 0.312835 0.460206 0.118759 0.117097
0 0.789315 0.025425 0.059052 0.049933
0 0.619559 0.276704 0.028042 0.028228
0 0.328001 0.490185 0.067369 0.064238
0 0.962725 0.360829 0.019743 0.019934
0 0.446707 0.338681 0.024867 0.024713
0 0.969604 0.594786 0.060792 0.138373
0 0.944548 0.424365 0.020920 0.019682
0 0.776548 0.310488 0.064043 0.062324
0 0.189745 0.464508 0.110299 0.105847
0 0.246762 0.416876 0.036878 0.036407
0 0.042600 0.645316 0.085200 0.153097
0 0.884947 0.862884 0.020320 0.020979
0 0.619223 0.754123 0.102009 0.099798
0 0.745380 0.886968 0.040894 0.039540
0 0.386483 0.083344 0.022680 0.022859
0 0.024869 0.022084 0.020302 0.019730
0 0.325114 0.772007 0.029008 0.029079
0 0.298238 0.058339 0.027710 0.027553
0 0.055901 0.368578 0.025055 0.025054
