0 0.201601 0.373892 0.173479 0.171487
0 0.306363 0.484515 0.028662 0.028658
0 0.751149 0.256976 0.217372 0.208560
0 0.090079 0.477442 0.098269 0.099225
0 0.756025 0.773726 0.092805 0.093057
0 0.630979 0.117788 0.027914 0.027580
0 0.563813 0.853539 0.022176 0.022209
0 0.948259 0.313533 0.031235 0.031025
0 0.123256 0.048494 0.024821 0.024670
0 0.142468 0.811780 0.066811 0.067046
0 0.922514 0.517155 0.147219 0.148529
0 0.368023 0.715262 0.058220 0.058566
0 0.183593 0.707492 0.055605 0.055609
0 0.962093 0.275583 0.036096 0.036147
0 0.349831 0.497889 0.048390 0.048285
0 0.687608 0.989264 0.024336 0.021473
0 0.348043 0.263045 0.024624 0.025063
0 0.124764 0.958362 0.034016 0.033704
0 0.042954 0.018058 0.048215 0.036117
0 0.162516 0.601204 0.039377 0.039670
0 0.562273 0.647902 0.064192 0.063863
0 0.362094 0.077192 0.051214 0.051032
0 0.324888 0.565654 0.094234 0.094890
0 0.865197 0.433376 0.069536 0.067754
0 0.202792 0.545172 0.040225 0.040967
0 0.464206 0.667422 0.032590 0.032591
0 0.213202 0.777469 0.051118 0.050599
0 0.025464 0.053902 0.050927 0.055061
0 0.317647 0.825050 0.020405 0.020236
0 0.183686 0.031086 0.022602 0.023094
0 0.519437 0.488620 0.045740 0.045175
0 0.885049 0.647645 0.103042 0.102673
0 0.380053 0.346535 0.036713 0.036740
0 0.914511 0.154339 0.036324 0.036463
0 0.324356 0.929557 0.055584 0.053936
0 0.134506 0.271610 0.027720 0.027504
0 0.210341 0.212741 0.031826 0.031489
0 0.458751 0.450204 0.192908 0.188296
0 0.904295 0.397799 0.066117 0.066202
0 0.577090 0.397507 0.029558 0.030205
0 0.563892 0.456193 0.048249 0.048815
0 0.221793 0.065819 0.175326 0.130063
0 0.636473 0.371517 0.045256 0.045967
0 0.397322 0.306804 0.057478 0.056033
0 0.019449 0.477388 0.038368 0.052776
0 0.039443 0.821516 0.078886 0.094964
0 0.682316 0.946059 0.037443 0.037125
0 0.931921 0.705345 0.059400 0.059932
0 0.039082 0.915380 0.077275 0.081322
0 0.696530 0.011803 0.024546 0.023473
0 0.661167 0.440113 0.031736 0.032298
0 0.402450 0.589058 0.041527 0.041283
0 0.838424 0.785679 0.033833 0.034387
0 0.249952 0.549606 0.054576 0.054001
0 0.651532 0.536004 0.070711 0.070052
0 0.770727 0.525233 0.037470 0.037109
0 0.596013 0.224697 0.085879 0.084370
0 0.358712 0.961962 0.045504 0.044091
0 0.947909 0.771897 0.021761 0.021810
0 0.438463 0.007577 0.046848 0.015016
0 0.979538 0.239292 0.040737 0.063329
0 0.106198 0.873616 0.072653 0.073236
0 0.882439 0.130497 0.035184 0.034793
0 0.776588 0.977556 0.046488 0.043793
0 0.324323 0.676484 0.018273 0.018246
0 0.925522 0.177804 0.031327 0.032437
0 0.608327 0.362750 0.023644 0.023831
0 0.730984 0.108925 0.021297 0.021030
0 0.316850 0.974185 0.044523 0.046453
0 0.726425 0.884753 0.063397 0.062701
0 0.463463 0.814781 0.037535 0.038381
0 0.477179 0.367740 0.034416 0.034350
0 0.036916 0.114282 0.056830 0.056686
0 0.268345 0.065071 0.045941 0.046085
0 0.360349 0.674529 0.030482 0.030842
0 0.772778 0.013367 0.108822 0.026617
0 0.943403 0.362823 0.034046 0.034538
0 0.370586 0.910541 0.032173 0.033795
0 0.821297 0.560001 0.082008 0.083045
0 0.818298 0.535643 0.122722 0.129325
0 0.283433 0.757126 0.021403 0.021648
0 0.339830 0.442553 0.053516 0.053965
0 0.937422 0.958180 0.125157 0.083244
0 0.826360 0.371843 0.087185 0.086230
0 0.239752 0.179284 0.029326 0.029163
0 0.592630 0.590958 0.054507 0.055682
0 0.530797 0.398600 0.034191 0.032606
0 0.620969 0.878926 0.043916 0.044026
0 0.382901 0.535511 0.037672 0.038045
0 0.085209 0.862970 0.028765 0.030744
0 0.202613 0.964439 0.091969 0.070170
0 0.707246 0.516275 0.040820 0.040813
0 0.830480 0.887550 0.058219 0.058781
0 0.155651 0.860738 0.028515 0.028032
0 0.955786 0.609082 0.083057 0.086851
0 0.832133 0.536646 0.034230 0.036147
0 0.260454 0.956182 0.029051 0.030153
0 0.654461 0.482108 0.036273 0.036570
0 0.381539 0.985732 0.065575 0.027289
0 0.298510 0.179926 0.046806 0.045750
0 0.228598 0.440070 0.018443 0.018913
0 0.389869 0.941007 0.035198 0.034800
0 0.985657 0.723079 0.028686 0.059783
0 0.454701 0.245634 0.052467 0.052286
0 0.062288 0.713850 0.017415 0.017385
0 0.083558 0.793181 0.023577 0.023029
0 0.403285 0.153623 0.047269 0.046551
0 0.187748 0.190072 0.026892 0.026131
0 0.411158 0.566906 0.044939 0.045468
0 0.965916 0.635784 0.031639 0.032805
0 0.331972 0.392320 0.031987 0.032253
