0 0.493427 0.796157 0.285940 0.266029
0 0.857510 0.041418 0.033312 0.032384
0 0.637355 0.917951 0.032860 0.031113
0 0.392157 0.011870 0.027392 0.023740
0 0.235847 0.399821 0.327522 0.311684
0 0.334329 0.228220 0.035363 0.034251
0 0.219461 0.894380 0.045717 0.042975
0 0.684906 0.165427 0.047020 0.045793
0 0.255287 0.828569 0.036739 0.035275
0 0.112014 0.591322 0.032117 0.031233
0 0.886416 0.812577 0.030627 0.029044
0 0.455336 0.958702 0.035264 0.032673
0 0.730050 0.161788 0.035793 0.035051
0 0.564654 0.215608 0.028582 0.027128
0 0.701710 0.534159 0.026328 0.025999
0 0.651670 0.192679 0.030297 0.029500
0 0.458561 0.187810 0.023965 0.023460
0 0.587645 0.070262 0.034827 0.034353
0 0.259508 0.038149 0.024056 0.023915
0 0.447643 0.101949 0.044542 0.043519
0 0.985109 0.215044 0.029739 0.035127
0 0.794725 0.020243 0.073729 0.040351
0 0.300371 0.462240 0.025721 0.024989
0 0.275589 0.121280 0.024652 0.024360
0 0.135714 0.100824 0.034176 0.031549
0 0.509362 0.039969 0.032904 0.032436
0 0.929144 0.595381 0.029347 0.028718
0 0.324556 0.024496 0.021725 0.021127
0 0.257855 0.203605 0.024024 0.023223
0 0.855110 0.764578 0.021255 0.020592
0 0.307894 0.531001 0.047715 0.046008
0 0.419125 0.080278 0.023865 0.023545
0 0.182805 0.321357 0.026316 0.025470
0 0.480710 0.316019 0.061578 0.060180
0 0.825973 0.256233 0.024197 0.024049
0 0.204042 0.720547 0.021901 0.021571
0 0.015261 0.369236 0.030523 0.074951
0 0.762820 0.084184 0.027241 0.026972
0 0.064028 0.419610 0.037079 0.034150
0 0.313445 0.778864 0.065264 0.061933
0 0.357910 0.487731 0.052985 0.051797
0 0.364084 0.822433 0.063418 0.060386
0 0.881088 0.201433 0.058205 0.058897
0 0.444952 0.344298 0.021088 0.020437
