0 0.243117 0.685421 0.189296 0.183272
0 0.625791 0.678540 0.036467 0.035885
0 0.903149 0.832016 0.051564 0.051572
0 0.741117 0.375646 0.102375 0.099923
0 0.360101 0.257123 0.047645 0.046935
0 0.123907 0.783518 0.048838 0.048073
0 0.646222 0.284033 0.089903 0.088533
0 0.882862 0.746591 0.054905 0.052434
0 0.198186 0.830816 0.026687 0.026553
0 0.581528 0.714192 0.036072 0.035275
0 0.866015 0.885548 0.023345 0.023041
0 0.163195 0.520229 0.038971 0.038745
0 0.411774 0.764417 0.032887 0.033038
0 0.092636 0.958325 0.033369 0.033224
0 0.121473 0.717743 0.037465 0.036238
0 0.875843 0.048664 0.115452 0.097329
0 0.021064 0.078627 0.042128 0.044636
0 0.149210 0.740138 0.028472 0.028593
0 0.353860 0.387675 0.031193 0.030278
0 0.397908 0.704178 0.075550 0.074508
0 0.579675 0.310671 0.059683 0.058165
0 0.240872 0.781260 0.039833 0.038107
0 0.125613 0.275087 0.032822 0.032318
0 0.494386 0.354441 0.027620 0.027444
0 0.236398 0.912718 0.111834 0.107696
0 0.350950 0.628189 0.028838 0.029282
0 0.546033 0.329518 0.025645 0.025746
0 0.578968 0.235537 0.045273 0.043907
0 0.821050 0.809100 0.032559 0.033022
0 0.527523 0.252211 0.024754 0.024569
0 0.150002 0.929019 0.023338 0.023156
0 0.069471 0.679854 0.027300 0.026828
0 0.381843 0.858576 0.055043 0.054567
0 0.032670 0.122807 0.031343 0.030930
0 0.910884 0.268004 0.052780 0.052630
0 0.084728 0.717281 0.055057 0.056365
0 0.973148 0.012054 0.030273 0.024109
0 0.044473 0.760696 0.022632 0.022546
0 0.665144 0.960994 0.030490 0.029942
0 0.594444 0.209014 0.025519 0.025371
0 0.614683 0.192161 0.026283 0.025969
0 0.721537 0.661532 0.556927 0.610510
0 0.379761 0.104905 0.023791 0.023596
0 0.369859 0.008939 0.024498 0.017878
0 0.664470 0.110833 0.021888 0.021771
0 0.058749 0.865827 0.022451 0.022424
0 0.635830 0.751212 0.097803 0.092316
0 0.908304 0.788260 0.021014 0.021211
0 0.768956 0.970334 0.050025 0.053153
0 0.053911 0.648384 0.034279 0.034816
0 0.950001 0.334034 0.049083 0.049628
