0 0.691290 0.666085 0.235432 0.203705
0 0.483972 0.298515 0.192467 0.160088
0 0.426140 0.443823 0.071486 0.064122
0 0.413771 0.952851 0.069475 0.058846
0 0.085186 0.434222 0.067276 0.059253
0 0.522716 0.954429 0.053679 0.050748
0 0.492910 0.680650 0.045103 0.041465
0 0.679089 0.177921 0.040320 0.036669
0 0.271376 0.974662 0.041721 0.038984
0 0.669637 0.984364 0.047966 0.031272
0 0.085462 0.337612 0.028887 0.027158
0 0.132488 0.597320 0.036278 0.034806
0 0.244902 0.170759 0.033938 0.031280
0 0.103176 0.229806 0.033326 0.029895
0 0.980389 0.712926 0.038611 0.045871
0 0.266359 0.047125 0.042093 0.034903
0 0.187516 0.387161 0.029058 0.025043
0 0.970016 0.891750 0.059968 0.104420
0 0.824279 0.988587 0.050091 0.022826
0 0.433106 0.720045 0.029797 0.028779
0 0.551538 0.991046 0.023988 0.017908
0 0.178003 0.966129 0.027251 0.026021
0 0.055480 0.837514 0.024210 0.022890
0 0.051984 0.912378 0.025074 0.024523
0 0.508315 0.463721 0.030528 0.029040
0 0.830472 0.901533 0.032206 0.029567
0 0.267919 0.789907 0.028123 0.027496
0 0.116468 0.157454 0.029728 0.027688
0 0.525371 0.423702 0.024029 0.023242
0 0.195810 0.026447 0.031957 0.028821
0 0.329328 0.524255 0.025156 0.024022
0 0.330455 0.480043 0.032470 0.030770
0 0.451487 0.625838 0.028231 0.026383
0 0.296111 0.626422 0.048868 0.043701
0 0.836443 0.866212 0.028195 0.027120
0 0.016327 0.454062 0.032655 0.080369
0 0.963357 0.794875 0.046663 0.042471
0 0.662338 0.219898 0.023462 0.022592
0 0.940024 0.672812 0.024136 0.022867
0 0.047997 0.322695 0.025171 0.022475
0 0.047348 0.540803 0.022366 0.022015
0 0.198727 0.434639 0.032851 0.029661
0 0.280114 0.843571 0.041720 0.039001
0 0.213651 0.852891 0.089161 0.080676
0 0.299389 0.514457 0.032509 0.030805
0 0.281528 0.647949 0.022641 0.021418
0 0.989590 0.954993 0.020748 0.031059
0 0.100833 0.780396 0.022745 0.022165
0 0.981534 0.174274 0.036931 0.091576
0 0.264211 0.428894 0.042002 0.039672
0 0.216981 0.008347 0.032998 0.016533
