0 0.156481 0.375976 0.053204 0.052653
0 0.159066 0.533207 0.049277 0.048609
0 0.261470 0.405450 0.091457 0.091377
0 0.705382 0.297415 0.029124 0.029076
0 0.197579 0.348498 0.025422 0.025552
0 0.923689 0.082602 0.040265 0.040475
0 0.532928 0.743680 0.044498 0.044660
0 0.485818 0.102583 0.032144 0.032041
0 0.723474 0.012668 0.027637 0.025336
0 0.875857 0.279771 0.025484 0.025464
0 0.544861 0.069522 0.025803 0.025761
0 0.395235 0.256464 0.024454 0.024652
0 0.461887 0.495339 0.031308 0.031087
0 0.941940 0.821246 0.028674 0.028501
0 0.974819 0.152268 0.020868 0.020900
0 0.353041 0.779061 0.024795 0.024749
0 0.071779 0.122430 0.024600 0.024949
0 0.166586 0.435897 0.022386 0.022402
0 0.648864 0.987568 0.020603 0.021061
0 0.740366 0.171008 0.020832 0.020936
0 0.330963 0.384462 0.022345 0.022517
0 0.176957 0.310520 0.031065 0.031326
0 0.203194 0.648304 0.018893 0.018946
0 0.100502 0.107341 0.036485 0.036023
0 0.810612 0.450835 0.022971 0.022711
0 0.555009 0.037497 0.022245 0.021862
0 0.440543 0.888608 0.044881 0.045213
0 0.440540 0.684219 0.020752 0.021087
0 0.592893 0.640971 0.020129 0.020230
0 0.124899 0.222088 0.069460 0.071262
0 0.426282 0.062281 0.019880 0.019771
0 0.093123 0.678535 0.034073 0.033588
0 0.942004 0.791323 0.028429 0.028454
0 0.894262 0.198909 0.024294 0.024591
0 0.069006 0.892641 0.021547 0.022011
0 0.989103 0.890190 0.018223 0.018358
0 0.510265 0.605970 0.019718 0.019752
0 0.993024 0.394361 0.013953 0.039149
0 0.015884 0.011065 0.022420 0.021121
0 0.570175 0.903051 0.025283 0.024884
0 0.255230 0.050518 0.051442 0.054027
0 0.484895 0.223506 0.021998 0.021920
0 0.992606 0.740639 0.014767 0.021874
