0 0.233755 0.869183 0.026378 0.026706
0 0.516494 0.728714 0.023492 0.023492
0 0.297221 0.828759 0.033251 0.032964
0 0.262463 0.967667 0.032882 0.033025
0 0.082454 0.158246 0.031970 0.031624
0 0.834667 0.341597 0.023300 0.023119
0 0.463960 0.741211 0.023629 0.024247
0 0.725884 0.787287 0.038447 0.038013
0 0.669267 0.874526 0.040439 0.040491
0 0.475779 0.141607 0.021749 0.021941
0 0.724929 0.747005 0.026315 0.025411
0 0.636050 0.795772 0.019490 0.019634
0 0.423526 0.134708 0.033204 0.033293
0 0.838207 0.632226 0.021880 0.021928
0 0.081598 0.744751 0.162103 0.295254
0 0.567090 0.847991 0.021851 0.021923
0 0.451395 0.787204 0.050118 0.049322
0 0.059329 0.270635 0.020237 0.020273
0 0.774135 0.122512 0.022769 0.023744
0 0.201917 0.048339 0.047513 0.047695
0 0.660228 0.779482 0.024776 0.024757
0 0.941189 0.714130 0.019522 0.019458
0 0.986066 0.073758 0.027426 0.048317
0 0.680035 0.919122 0.074549 0.074416
0 0.199638 0.863527 0.037647 0.037570
0 0.471698 0.886100 0.051518 0.052134
0 0.992231 0.121797 0.015108 0.019583
0 0.555763 0.783922 0.019739 0.019863
0 0.718509 0.864521 0.049330 0.049611
0 0.613321 0.913039 0.021119 0.021341
0 0.794257 0.084669 0.064571 0.063230
0 0.076058 0.832760 0.021420 0.021385
0 0.525843 0.754981 0.019406 0.019228
0 0.288141 0.697607 0.020131 0.020478
0 0.783209 0.742841 0.052025 0.050826
0 0.788062 0.821545 0.020372 0.020453
0 0.098793 0.770587 0.029274 0.029714
0 0.008440 0.953550 0.016880 0.036943
0 0.964336 0.005170 0.022560 0.010341
0 0.989859 0.039059 0.019436 0.039449
0 0.973164 0.742990 0.053672 0.148788
0 0.741071 0.383034 0.079499 0.078314
0 0.775037 0.686060 0.050925 0.050626
0 0.126330 0.958128 0.048729 0.048990
0 0.988933 0.560140 0.018757 0.018621
0 0.357027 0.221199 0.052724 0.053743
0 0.658107 0.891331 0.039484 0.039324
