0 0.615947 0.416153 0.053080 0.048303
0 0.861491 0.267137 0.044134 0.041780
0 0.197201 0.185245 0.172452 0.156881
0 0.492365 0.181967 0.035197 0.034348
0 0.072456 0.426132 0.144284 0.215227
0 0.728890 0.767316 0.436830 0.379105
0 0.373076 0.200850 0.043908 0.041459
0 0.720469 0.966389 0.050257 0.040397
0 0.180381 0.907574 0.267125 0.184853
0 0.577609 0.981501 0.051165 0.035464
0 0.705076 0.401988 0.025790 0.024623
0 0.555345 0.327437 0.027051 0.024760
0 0.522859 0.522309 0.028405 0.026221
0 0.589855 0.239296 0.022690 0.021997
0 0.639516 0.282325 0.024762 0.023763
0 0.969269 0.396024 0.061287 0.108621
0 0.379521 0.847785 0.095282 0.080254
0 0.659824 0.516908 0.032051 0.028332
0 0.612118 0.143792 0.044490 0.037347
0 0.247415 0.029968 0.031857 0.031359
0 0.667564 0.448964 0.027598 0.025541
0 0.836758 0.073645 0.322949 0.147290
0 0.636191 0.186077 0.025477 0.023269
0 0.107976 0.286793 0.025218 0.024121
0 0.383638 0.008143 0.035583 0.016287
0 0.168329 0.571186 0.142601 0.129722
0 0.566379 0.947331 0.024505 0.021954
0 0.734206 0.990084 0.028881 0.018011
0 0.178597 0.615684 0.039496 0.037157
0 0.315244 0.009079 0.026557 0.018158
