0 0.619575 0.740262 0.166875 0.153628
0 0.433304 0.134258 0.178308 0.161096
0 0.098182 0.906482 0.065143 0.063251
0 0.530062 0.816096 0.071514 0.069169
0 0.642958 0.302609 0.035629 0.034387
0 0.780644 0.540243 0.053156 0.051390
0 0.529580 0.951415 0.045794 0.044495
0 0.009708 0.609652 0.019417 0.035507
0 0.870997 0.921610 0.032530 0.031142
0 0.905174 0.037090 0.086633 0.073685
0 0.022427 0.064391 0.033018 0.031500
0 0.065087 0.971831 0.065499 0.056146
0 0.970564 0.028566 0.058871 0.057065
0 0.894800 0.235614 0.034779 0.031988
0 0.170364 0.967389 0.037124 0.035787
0 0.558558 0.273906 0.033459 0.031087
0 0.495493 0.622581 0.100024 0.091421
0 0.345550 0.981865 0.029454 0.028354
0 0.648244 0.502904 0.025318 0.024125
0 0.421457 0.513381 0.028346 0.027919
0 0.011869 0.898609 0.022494 0.024137
0 0.955238 0.884625 0.027400 0.026330
0 0.009640 0.265165 0.019023 0.029092
0 0.010221 0.308580 0.019957 0.060102
0 0.369063 0.945696 0.026683 0.026136
0 0.333879 0.892889 0.034127 0.032437
0 0.169841 0.765127 0.025668 0.024228
0 0.185332 0.696576 0.208942 0.185003
0 0.008161 0.825828 0.016252 0.024214
0 0.161782 0.991951 0.027462 0.015949
0 0.014503 0.156845 0.024997 0.024089
0 0.180748 0.628066 0.025329 0.025063
