0 0.526289 0.726562 0.025227 0.025039
0 0.705352 0.326103 0.088388 0.087917
0 0.897343 0.563520 0.029213 0.029551
0 0.590350 0.400540 0.023421 0.023393
0 0.075404 0.091028 0.046200 0.046054
0 0.978079 0.297655 0.022486 0.022454
0 0.792382 0.332697 0.031859 0.032007
0 0.682051 0.224907 0.024687 0.024425
0 0.719371 0.404929 0.040235 0.040063
0 0.588450 0.865055 0.062108 0.061955
0 0.821215 0.209660 0.096258 0.096728
0 0.974874 0.131638 0.027575 0.027005
0 0.659676 0.399668 0.032489 0.032915
0 0.589931 0.730053 0.023472 0.023673
0 0.092756 0.520720 0.024983 0.024709
0 0.560359 0.347549 0.024429 0.024050
0 0.064587 0.458511 0.023969 0.024061
0 0.156086 0.452003 0.055851 0.055959
0 0.885835 0.375818 0.030048 0.030395
0 0.503758 0.966549 0.029509 0.029211
0 0.670575 0.493732 0.090080 0.089246
0 0.861713 0.064609 0.081240 0.081263
0 0.188440 0.408304 0.022466 0.022264
0 0.923144 0.732810 0.034816 0.035395
0 0.646074 0.289610 0.055182 0.054761
0 0.213550 0.093042 0.035964 0.036365
0 0.527014 0.665651 0.021912 0.022061
0 0.627276 0.210154 0.029823 0.030497
0 0.240509 0.269733 0.151761 0.152754
0 0.874968 0.440947 0.024393 0.024642
0 0.682382 0.765046 0.037158 0.037212
0 0.075365 0.642267 0.031809 0.031629
0 0.488705 0.403926 0.028517 0.029398
0 0.330573 0.940539 0.025131 0.024769
0 0.546138 0.462142 0.027965 0.027844
0 0.260703 0.647832 0.030656 0.030629
0 0.367314 0.773994 0.024316 0.023881
0 0.016154 0.976686 0.031832 0.032467
0 0.824441 0.469442 0.021395 0.021788
0 0.529875 0.621695 0.021718 0.021869
0 0.542672 0.166790 0.021917 0.022110
0 0.470297 0.960682 0.032864 0.033076
0 0.202455 0.044667 0.021632 0.021967
0 0.931832 0.413666 0.019674 0.019704
0 0.888608 0.171077 0.025379 0.024552
0 0.627067 0.844043 0.032233 0.032570
0 0.027366 0.260263 0.021526 0.020949
0 0.634082 0.790980 0.021901 0.022018
0 0.532170 0.215572 0.036552 0.036269
0 0.593537 0.656406 0.120245 0.120805
0 0.048465 0.685379 0.019997 0.020320
0 0.764273 0.411170 0.024542 0.024893
0 0.787713 0.084721 0.053752 0.052027
0 0.688327 0.718571 0.021586 0.022383
0 0.542103 0.284165 0.050603 0.049831
0 0.486691 0.688486 0.033250 0.033329
0 0.574468 0.989060 0.031203 0.021881
0 0.067631 0.941996 0.023614 0.023638
0 0.217977 0.691118 0.020734 0.020783
0 0.613201 0.673518 0.029599 0.027880
0 0.880159 0.588340 0.239682 0.301457
0 0.349751 0.737024 0.063359 0.063994
0 0.770721 0.988422 0.036681 0.023087
0 0.523375 0.552174 0.019679 0.019875
0 0.786709 0.039727 0.044734 0.043847
0 0.119003 0.892528 0.029971 0.030575
0 0.179569 0.053971 0.024876 0.025276
0 0.470748 0.788755 0.051473 0.052539
0 0.779610 0.492125 0.040048 0.042325
0 0.524306 0.922742 0.021313 0.021175
0 0.476445 0.827979 0.032117 0.032165
0 0.372795 0.866652 0.022485 0.022539
0 0.606991 0.220633 0.018552 0.018586
0 0.500616 0.847673 0.025583 0.025715
0 0.207321 0.485348 0.064178 0.063747
0 0.979180 0.823511 0.024882 0.025324
0 0.744913 0.121045 0.039596 0.040031
0 0.983486 0.201789 0.033029 0.071928
0 0.512177 0.321851 0.020000 0.019830
0 0.624839 0.418933 0.022044 0.022073
0 0.569119 0.953234 0.023384 0.023436
0 0.143000 0.057398 0.026497 0.026519
0 0.920042 0.878129 0.021097 0.020731
0 0.550465 0.256886 0.036773 0.035664
0 0.525522 0.240256 0.019754 0.019888
0 0.978945 0.940780 0.025180 0.024881
0 0.610328 0.113348 0.020550 0.020980
0 0.418020 0.688250 0.027533 0.027953
0 0.497008 0.342265 0.023449 0.023066
0 0.112271 0.211151 0.037944 0.038248
0 0.460806 0.669645 0.021582 0.021666
0 0.780026 0.423814 0.023585 0.023585
0 0.831931 0.267870 0.057625 0.057136
0 0.678306 0.252189 0.086056 0.083006
0 0.265227 0.467401 0.076645 0.076773
0 0.006261 0.051539 0.012281 0.045247
0 0.565303 0.216834 0.021331 0.021301
0 0.885520 0.017920 0.022763 0.022642
0 0.359557 0.308252 0.019651 0.020098
0 0.669000 0.009759 0.035728 0.019518
0 0.567900 0.443118 0.091791 0.092809
0 0.039181 0.215856 0.019537 0.019561
0 0.917850 0.108282 0.019447 0.019760
0 0.028805 0.992640 0.022330 0.014721
0 0.647687 0.991866 0.019698 0.016267
0 0.715771 0.117505 0.018620 0.018413
0 0.231098 0.769896 0.019415 0.019780
0 0.950198 0.012398 0.088217 0.024633
0 0.250082 0.671807 0.021023 0.021027
0 0.940833 0.945076 0.022522 0.022388
0 0.593087 0.507072 0.021772 0.021337
0 0.665674 0.068913 0.159425 0.135815
0 0.597276 0.440315 0.017016 0.017159
0 0.195385 0.338640 0.018600 0.018475
0 0.590246 0.339726 0.023758 0.023830
0 0.063253 0.339697 0.021588 0.021714
0 0.938491 0.978050 0.081464 0.043825
0 0.986891 0.152639 0.024179 0.032319
0 0.636549 0.230762 0.019004 0.020138
0 0.690192 0.889245 0.034223 0.034603
0 0.865398 0.008713 0.058792 0.017247
