0 0.389697 0.040795 0.070692 0.070626
0 0.034704 0.558847 0.034085 0.033835
0 0.379245 0.464851 0.027858 0.027287
0 0.039790 0.175759 0.035405 0.034892
0 0.012994 0.191873 0.025988 0.030170
0 0.668074 0.501499 0.025876 0.025684
0 0.051408 0.939101 0.023630 0.023917
0 0.747642 0.073682 0.022911 0.022770
0 0.819189 0.445195 0.022143 0.022089
0 0.481495 0.371151 0.020712 0.020866
0 0.630404 0.602773 0.022052 0.021528
0 0.305957 0.726063 0.022551 0.022595
0 0.084907 0.504773 0.024700 0.022875
0 0.096292 0.507440 0.020477 0.021771
