0 0.863712 0.514444 0.042943 0.040049
0 0.268008 0.160858 0.052747 0.047113
0 0.134533 0.179533 0.049700 0.041468
0 0.290891 0.920381 0.037680 0.034770
0 0.687209 0.313286 0.310584 0.298706
0 0.990358 0.130113 0.018923 0.029298
0 0.064572 0.312683 0.085933 0.072461
0 0.014831 0.505424 0.026711 0.025587
0 0.866050 0.608993 0.025464 0.024860
0 0.372736 0.185578 0.035911 0.032824
0 0.652624 0.689326 0.205086 0.177803
0 0.654427 0.030246 0.026979 0.025573
0 0.770871 0.595610 0.028579 0.027293
0 0.990344 0.963374 0.019282 0.022175
