0 0.273362 0.602736 0.262758 0.264046
0 0.581268 0.887937 0.026923 0.026669
0 0.850691 0.161479 0.153145 0.154359
0 0.492825 0.458679 0.045388 0.045564
0 0.341467 0.095844 0.030733 0.031020
0 0.257737 0.167648 0.025070 0.025272
0 0.713605 0.506717 0.031571 0.031532
0 0.526477 0.734858 0.054908 0.055174
0 0.593412 0.723099 0.030537 0.030621
0 0.887473 0.784640 0.030348 0.030606
0 0.500642 0.219643 0.027330 0.027177
0 0.419811 0.396493 0.041257 0.040917
0 0.142700 0.057052 0.026604 0.026655
0 0.700668 0.576213 0.026587 0.026799
0 0.098675 0.483447 0.026228 0.025984
0 0.385866 0.977686 0.057292 0.044281
0 0.919246 0.686861 0.034592 0.034648
0 0.455500 0.700148 0.028472 0.028264
0 0.340598 0.891910 0.029321 0.029017
0 0.980552 0.278562 0.026580 0.027108
0 0.422826 0.168021 0.027325 0.027165
0 0.584511 0.823270 0.024092 0.023813
0 0.964631 0.039978 0.064520 0.064583
0 0.384609 0.854932 0.039998 0.040758
0 0.136652 0.030597 0.020892 0.021700
0 0.875149 0.844633 0.046358 0.045593
0 0.405694 0.196131 0.036152 0.035327
0 0.676624 0.708775 0.025936 0.026152
0 0.261067 0.877975 0.025470 0.025530
0 0.966861 0.580012 0.021564 0.021185
0 0.424749 0.122784 0.025376 0.025158
0 0.087503 0.522806 0.024169 0.025462
0 0.044238 0.084210 0.022386 0.022265
0 0.709567 0.884378 0.021689 0.021115
0 0.805771 0.277079 0.022129 0.022372
0 0.782651 0.955148 0.021256 0.021619
0 0.326050 0.222792 0.021606 0.022171
0 0.021475 0.913486 0.020482 0.020529
0 0.919664 0.019508 0.036064 0.035214
0 0.938627 0.154932 0.026826 0.027791
0 0.281467 0.913755 0.021758 0.021860
0 0.695004 0.930271 0.120882 0.117335
0 0.441454 0.010135 0.021197 0.019586
0 0.830018 0.288628 0.021773 0.021870
0 0.012768 0.454006 0.025536 0.031968
0 0.307900 0.128064 0.020416 0.020392
0 0.820462 0.922162 0.019904 0.020054
0 0.756809 0.554064 0.022064 0.022657
0 0.785016 0.260029 0.021605 0.021200
0 0.983091 0.239661 0.033487 0.044178
0 0.794653 0.457993 0.027051 0.028188
0 0.727875 0.920841 0.064999 0.065061
0 0.629538 0.524547 0.035846 0.036340
0 0.447167 0.779296 0.019654 0.019911
0 0.421440 0.756245 0.022675 0.022150
