0 0.081843 0.331247 0.057944 0.056536
0 0.049789 0.488981 0.036597 0.036917
0 0.376060 0.213774 0.044537 0.044342
0 0.031887 0.356962 0.036947 0.035768
0 0.536161 0.427137 0.031549 0.031176
0 0.405521 0.606158 0.031912 0.031308
0 0.365470 0.508116 0.032123 0.030996
0 0.472922 0.790337 0.031155 0.027922
0 0.402321 0.333655 0.029731 0.029534
0 0.034106 0.238213 0.029712 0.029594
0 0.371718 0.787357 0.031861 0.029416
0 0.507464 0.423158 0.028332 0.028107
0 0.907774 0.439106 0.024708 0.025527
0 0.378199 0.616253 0.026701 0.026514
0 0.168492 0.017386 0.052737 0.034595
0 0.977738 0.541459 0.025844 0.024606
