0 0.956910 0.668223 0.046212 0.046049
0 0.837071 0.547113 0.037671 0.037123
0 0.705684 0.701059 0.049431 0.049220
0 0.977072 0.519145 0.045856 0.050288
0 0.846338 0.650138 0.038128 0.037957
0 0.798886 0.471351 0.036793 0.035559
0 0.797459 0.148194 0.039669 0.039528
0 0.758031 0.688172 0.027461 0.027581
0 0.990157 0.388927 0.019686 0.042041
0 0.667987 0.396322 0.028219 0.028892
0 0.709302 0.127996 0.029000 0.028643
0 0.852352 0.145500 0.032186 0.031683
0 0.719288 0.276801 0.029008 0.029134
0 0.651340 0.687937 0.026722 0.026888
0 0.087397 0.905265 0.029746 0.029290
0 0.300773 0.575776 0.025521 0.025435
0 0.785752 0.678396 0.025664 0.025840
0 0.929285 0.732053 0.029110 0.029153
0 0.316673 0.884975 0.026029 0.025681
0 0.367953 0.828462 0.023932 0.024019
0 0.299582 0.900039 0.027874 0.027542
0 0.352334 0.923662 0.036935 0.036060
0 0.682719 0.297105 0.025727 0.025306
0 0.342468 0.745838 0.026225 0.026265
0 0.864339 0.920926 0.022520 0.022751
0 0.608145 0.052980 0.358468 0.105412
0 0.135960 0.306282 0.023412 0.023433
