0 0.618355 0.667204 0.071900 0.063510
0 0.069794 0.051416 0.137893 0.102415
0 0.902759 0.143696 0.057844 0.048111
0 0.232310 0.378021 0.033828 0.031680
0 0.745354 0.112347 0.045742 0.037592
0 0.811286 0.937315 0.043677 0.040029
0 0.559749 0.156538 0.038152 0.034890
0 0.976028 0.329600 0.046200 0.042445
0 0.633875 0.206376 0.061115 0.050123
0 0.470260 0.949408 0.048200 0.045875
0 0.410288 0.428438 0.036535 0.033206
0 0.845097 0.206630 0.041048 0.035679
0 0.879855 0.383446 0.028844 0.027566
0 0.963550 0.935383 0.072900 0.076282
0 0.703437 0.073326 0.043607 0.035043
0 0.892974 0.898055 0.066382 0.059778
0 0.940364 0.221197 0.035508 0.031376
0 0.447778 0.672059 0.030907 0.029064
0 0.881639 0.833891 0.045319 0.041675
0 0.834735 0.784775 0.025488 0.025458
0 0.386333 0.463269 0.030208 0.026528
0 0.490288 0.668346 0.038599 0.036809
0 0.611746 0.185412 0.050018 0.040612
0 0.474401 0.174323 0.033035 0.029683
0 0.927554 0.259149 0.032411 0.031523
0 0.614864 0.495757 0.029378 0.027440
0 0.784978 0.120976 0.043100 0.035988
0 0.505492 0.807997 0.156913 0.146959
0 0.178667 0.456207 0.070755 0.065316
0 0.016512 0.636312 0.033024 0.035605
0 0.833921 0.494680 0.026294 0.024854
