0 0.248154 0.808174 0.399559 0.379976
0 0.479800 0.340479 0.215008 0.209693
0 0.825205 0.433317 0.182604 0.177581
0 0.661746 0.660381 0.034698 0.034078
0 0.418048 0.625995 0.070951 0.068318
0 0.681188 0.965479 0.098192 0.069043
0 0.031949 0.652448 0.062067 0.062049
0 0.093987 0.586659 0.049790 0.048983
0 0.152182 0.539238 0.048239 0.047679
0 0.946490 0.047007 0.099672 0.092963
0 0.149311 0.103795 0.092722 0.091358
0 0.796897 0.052641 0.064389 0.063101
0 0.582587 0.961190 0.092800 0.077595
0 0.094297 0.964924 0.073524 0.066334
0 0.802819 0.797763 0.035951 0.035112
0 0.114354 0.510331 0.030993 0.030714
0 0.497711 0.777570 0.036657 0.034762
0 0.143472 0.583769 0.043439 0.041260
0 0.950934 0.649580 0.044790 0.043226
0 0.330951 0.431777 0.029833 0.029842
0 0.211034 0.031972 0.106717 0.063931
0 0.049530 0.329293 0.099061 0.225638
0 0.987987 0.880201 0.023950 0.093950
0 0.042236 0.963290 0.026629 0.025713
0 0.494098 0.806044 0.030208 0.029925
0 0.887465 0.013541 0.052085 0.026961
0 0.841875 0.615994 0.186931 0.178394
0 0.655217 0.100234 0.030181 0.030460
0 0.484452 0.860414 0.030094 0.029943
0 0.040644 0.050048 0.080491 0.100097
0 0.874168 0.780912 0.025057 0.024579
0 0.931982 0.356010 0.135179 0.228762
0 0.605938 0.572046 0.321128 0.288190
0 0.219168 0.120483 0.030059 0.030474
0 0.135828 0.273753 0.031284 0.032196
0 0.704283 0.242084 0.065131 0.060389
0 0.324178 0.333161 0.257372 0.242730
