0 0.213795 0.156674 0.023497 0.023727
0 0.752569 0.464443 0.149506 0.146727
0 0.901323 0.817158 0.145968 0.143185
0 0.320937 0.733102 0.022911 0.022655
0 0.756815 0.949662 0.025504 0.025246
0 0.290203 0.875655 0.033787 0.033861
0 0.456933 0.605460 0.034916 0.035579
0 0.432955 0.753342 0.026509 0.026135
0 0.641796 0.546255 0.027439 0.027208
0 0.614938 0.713358 0.065905 0.065370
0 0.852052 0.192329 0.029076 0.028407
0 0.724064 0.095769 0.024258 0.024465
0 0.167102 0.595214 0.036141 0.035927
0 0.617552 0.985024 0.035716 0.029952
0 0.521006 0.551917 0.025345 0.025230
0 0.960558 0.436475 0.044513 0.044854
0 0.502840 0.517629 0.036076 0.035171
0 0.262732 0.794229 0.025414 0.025360
0 0.341352 0.129823 0.027699 0.027302
0 0.141926 0.931231 0.027759 0.028062
0 0.403524 0.763508 0.023294 0.022956
0 0.116098 0.799102 0.061826 0.062533
0 0.111268 0.938865 0.028336 0.028229
0 0.130351 0.381793 0.025843 0.025649
0 0.048921 0.474211 0.027120 0.027341
0 0.530090 0.174202 0.030600 0.030891
0 0.695008 0.634198 0.035282 0.034804
0 0.170369 0.547946 0.042424 0.040338
0 0.084941 0.540361 0.026517 0.026752
0 0.866924 0.044326 0.054275 0.052473
0 0.586664 0.671000 0.041992 0.042044
0 0.608962 0.443164 0.026268 0.026393
0 0.492417 0.969151 0.024054 0.023925
0 0.404375 0.925832 0.022192 0.022749
0 0.289605 0.652278 0.021365 0.021574
0 0.228682 0.862520 0.022293 0.022109
0 0.009740 0.945884 0.019480 0.023537
0 0.032895 0.988730 0.035933 0.022519
0 0.936946 0.459396 0.029923 0.030030
0 0.390727 0.345070 0.028158 0.027818
0 0.402305 0.036533 0.022021 0.022229
0 0.610011 0.605539 0.021604 0.021304
0 0.720322 0.406276 0.022908 0.023228
0 0.279168 0.470726 0.034797 0.033762
0 0.190807 0.839292 0.033101 0.031182
0 0.056756 0.771498 0.025673 0.025809
0 0.472733 0.143756 0.029405 0.029780
0 0.209160 0.807420 0.036911 0.037040
0 0.916528 0.187733 0.031584 0.031291
0 0.239087 0.268248 0.034085 0.034638
0 0.277129 0.339672 0.021095 0.021046
0 0.014650 0.186102 0.027308 0.026881
0 0.030709 0.887482 0.022121 0.022399
0 0.222253 0.931357 0.022906 0.022893
0 0.387553 0.495426 0.021197 0.021059
0 0.081754 0.653120 0.020011 0.020032
0 0.057953 0.904269 0.032913 0.033421
0 0.054370 0.691042 0.028815 0.030049
0 0.119489 0.610739 0.021548 0.021255
0 0.202431 0.545397 0.023051 0.022983
0 0.443042 0.230791 0.023110 0.022569
0 0.027963 0.958627 0.021065 0.020853
0 0.302150 0.088071 0.021135 0.021197
0 0.531548 0.607825 0.019528 0.019470
0 0.848781 0.098882 0.049751 0.049630
0 0.425313 0.401536 0.020131 0.020366
0 0.732914 0.195806 0.021551 0.021352
0 0.248769 0.777209 0.019331 0.019634
0 0.221701 0.122729 0.024122 0.024316
0 0.301586 0.981883 0.027347 0.027639
0 0.297552 0.726348 0.030506 0.030298
0 0.216051 0.838553 0.018613 0.018779
0 0.337388 0.992950 0.024825 0.014091
0 0.061102 0.625890 0.025761 0.025433
0 0.435676 0.515952 0.020447 0.020560
0 0.366689 0.620570 0.022627 0.022079
0 0.444241 0.291168 0.021647 0.021422
0 0.444764 0.422076 0.021783 0.021380
0 0.231745 0.560115 0.021572 0.021700
0 0.804040 0.263537 0.032654 0.032300
0 0.371477 0.472064 0.024550 0.024649
0 0.849456 0.297312 0.079645 0.079517
0 0.160741 0.495072 0.026091 0.026683
0 0.307898 0.268593 0.021991 0.021784
0 0.616652 0.457906 0.021457 0.020792
0 0.498448 0.338704 0.019180 0.019309
0 0.834991 0.680204 0.023033 0.023202
0 0.057029 0.990128 0.021874 0.019277
0 0.704963 0.948853 0.022556 0.022947
0 0.185897 0.861081 0.019688 0.019448
0 0.342970 0.978492 0.019020 0.018912
0 0.633317 0.606489 0.018847 0.019103
0 0.386899 0.851621 0.018763 0.018623
0 0.121620 0.675263 0.042128 0.039256
0 0.963612 0.978568 0.020214 0.019886
0 0.851354 0.160239 0.018949 0.019108
0 0.148769 0.648194 0.019238 0.019214
0 0.016723 0.348663 0.020452 0.019767
0 0.113691 0.678656 0.026088 0.029070
0 0.337898 0.447626 0.019937 0.020152
0 0.036422 0.681455 0.040198 0.038525
0 0.705753 0.809473 0.032298 0.032018
0 0.258921 0.643140 0.022179 0.022377
0 0.300447 0.785125 0.019159 0.019707
0 0.991961 0.134331 0.015978 0.041934
0 0.006869 0.771784 0.013604 0.021180
0 0.186812 0.499728 0.028184 0.027314
0 0.457045 0.072337 0.017311 0.017581
