0 0.693019 0.501449 0.136986 0.132513
0 0.713384 0.649912 0.052505 0.051268
0 0.646753 0.217067 0.041186 0.040942
0 0.178259 0.274456 0.178570 0.173488
0 0.483417 0.365439 0.026024 0.026264
0 0.759824 0.240539 0.044096 0.043691
0 0.476819 0.420982 0.032166 0.032128
0 0.832572 0.316562 0.088038 0.086173
0 0.361865 0.425118 0.033002 0.032679
0 0.929918 0.337369 0.054111 0.053817
0 0.893041 0.457954 0.026377 0.026295
0 0.731780 0.888019 0.031685 0.031342
0 0.610771 0.397556 0.023872 0.024000
0 0.357949 0.250957 0.022826 0.023077
0 0.165528 0.733683 0.027671 0.028015
0 0.938786 0.615891 0.026628 0.026312
0 0.573546 0.257835 0.024972 0.025136
0 0.985159 0.433959 0.029682 0.032219
0 0.333622 0.786459 0.022555 0.022637
0 0.426646 0.430283 0.058291 0.057969
0 0.790421 0.857362 0.024722 0.024740
0 0.860484 0.029826 0.052270 0.051507
0 0.557817 0.335091 0.129018 0.130234
0 0.794588 0.013507 0.029508 0.026584
0 0.086491 0.231144 0.022767 0.022660
0 0.035097 0.219272 0.062691 0.065281
0 0.207388 0.945796 0.025082 0.024863
0 0.436685 0.530753 0.050951 0.051468
0 0.412242 0.463155 0.027673 0.029038
0 0.268762 0.118098 0.029103 0.029267
0 0.676904 0.025146 0.095173 0.050292
0 0.047417 0.753000 0.094835 0.261107
0 0.558825 0.360127 0.021754 0.021445
0 0.752109 0.726179 0.027807 0.027622
0 0.018642 0.487977 0.036843 0.104379
0 0.651388 0.846187 0.035780 0.035591
0 0.701931 0.014754 0.044949 0.029314
0 0.958766 0.408658 0.030875 0.029748
0 0.757514 0.268899 0.111324 0.104929
0 0.211304 0.222431 0.068153 0.067617
0 0.916371 0.670660 0.026496 0.026552
0 0.404725 0.639347 0.018823 0.018964
0 0.675573 0.046664 0.053231 0.052479
0 0.704737 0.161412 0.047188 0.047002
0 0.859614 0.273981 0.021530 0.021447
0 0.955055 0.731541 0.023114 0.022990
0 0.257161 0.113587 0.514322 0.227174
0 0.637971 0.959758 0.101026 0.080483
0 0.805348 0.035567 0.021653 0.024867
0 0.287883 0.921091 0.021568 0.021938
