0 0.154924 0.275795 0.040636 0.039923
0 0.700805 0.399704 0.043493 0.042118
0 0.163260 0.111526 0.034375 0.032702
0 0.055444 0.734739 0.039582 0.038543
0 0.313905 0.796133 0.025851 0.025005
0 0.426902 0.075696 0.024865 0.023768
0 0.070341 0.782241 0.066132 0.060771
0 0.583890 0.275286 0.023309 0.022585
0 0.143878 0.823379 0.022844 0.022123
0 0.469918 0.264518 0.021075 0.021022
0 0.011544 0.160241 0.023088 0.025587
0 0.591401 0.734365 0.025939 0.025002
0 0.078268 0.945525 0.071334 0.068016
0 0.162229 0.953720 0.021980 0.021483
0 0.622469 0.009958 0.021770 0.019677
0 0.495644 0.233675 0.021141 0.020819
0 0.042230 0.613278 0.020575 0.020709
