0 0.747585 0.294176 0.103806 0.102610
0 0.962995 0.070839 0.043727 0.043897
0 0.101428 0.213580 0.053332 0.053233
0 0.961539 0.891399 0.046172 0.046815
0 0.807579 0.669719 0.059688 0.059532
0 0.891468 0.540603 0.029781 0.029342
0 0.873164 0.960015 0.049170 0.048512
0 0.925178 0.394615 0.027015 0.027422
0 0.481841 0.586093 0.064197 0.063859
0 0.814449 0.955494 0.027369 0.027370
0 0.093925 0.523185 0.028252 0.027667
0 0.493445 0.246632 0.227995 0.230709
0 0.951823 0.801700 0.051015 0.052343
0 0.371403 0.440472 0.039601 0.039848
0 0.555253 0.582482 0.044917 0.044613
0 0.434083 0.143018 0.038670 0.038518
0 0.396274 0.568050 0.034835 0.034807
0 0.573036 0.508223 0.023614 0.023543
0 0.776813 0.969859 0.054930 0.054536
0 0.784657 0.566109 0.033508 0.033281
0 0.154312 0.306053 0.023260 0.023299
0 0.713085 0.559797 0.026463 0.026656
0 0.250709 0.615355 0.023980 0.023875
0 0.678838 0.681958 0.026729 0.026466
0 0.826312 0.924363 0.026942 0.028033
0 0.861189 0.664449 0.048463 0.047706
0 0.082001 0.494055 0.042720 0.042591
0 0.505936 0.840444 0.033652 0.034341
0 0.181399 0.254316 0.024054 0.023929
0 0.358602 0.057940 0.030253 0.031088
0 0.653443 0.583875 0.043602 0.043592
0 0.719496 0.585404 0.031361 0.031934
0 0.729493 0.744907 0.053329 0.053332
0 0.913576 0.523922 0.027856 0.027974
0 0.738232 0.788452 0.051829 0.052908
0 0.781310 0.826687 0.024298 0.023910
0 0.278569 0.350885 0.024926 0.024916
0 0.548901 0.742672 0.024093 0.024383
0 0.011828 0.226494 0.023656 0.036890
0 0.878374 0.410804 0.022966 0.023154
0 0.473634 0.508258 0.037175 0.037227
0 0.797702 0.353075 0.056510 0.057378
0 0.867390 0.375791 0.041631 0.041661
0 0.036231 0.005504 0.024024 0.010860
0 0.985719 0.682613 0.028563 0.039569
0 0.639796 0.708448 0.060015 0.060844
0 0.834245 0.860271 0.022021 0.022621
0 0.777184 0.522435 0.024401 0.024565
0 0.703263 0.655531 0.029053 0.029205
0 0.830787 0.984369 0.069102 0.031091
0 0.787638 0.922712 0.041227 0.041980
