0 0.556694 0.759847 0.066106 0.056404
0 0.284902 0.101574 0.076870 0.062397
0 0.169317 0.376395 0.027115 0.024929
0 0.182232 0.844750 0.026082 0.025210
0 0.238816 0.172420 0.026244 0.024217
0 0.045661 0.494617 0.038526 0.034860
0 0.593450 0.958743 0.025414 0.025211
0 0.550032 0.646172 0.038898 0.033961
0 0.060251 0.554754 0.023095 0.022505
0 0.112618 0.818411 0.025488 0.023813
0 0.579321 0.661771 0.025567 0.023094
0 0.087982 0.073592 0.025875 0.024199
0 0.140933 0.536556 0.020862 0.020433
0 0.227351 0.866618 0.022889 0.022065
0 0.079827 0.487059 0.023592 0.021719
0 0.188535 0.942284 0.025486 0.024277
0 0.209699 0.970138 0.022159 0.021188
0 0.075822 0.904362 0.025795 0.024949
0 0.045103 0.799916 0.020458 0.019622
