0 0.603577 0.453468 0.027509 0.027049
0 0.610169 0.799107 0.030988 0.030204
0 0.305893 0.389054 0.025278 0.024580
0 0.321597 0.964531 0.024325 0.023512
0 0.582471 0.927272 0.024290 0.023742
0 0.849691 0.703939 0.024934 0.024065
0 0.739834 0.978046 0.026190 0.025681
0 0.514624 0.324793 0.023279 0.023535
0 0.525867 0.682782 0.030387 0.030016
0 0.827637 0.623011 0.023904 0.023212
0 0.574426 0.625548 0.021949 0.021559
0 0.187068 0.809080 0.022746 0.022340
0 0.600449 0.987526 0.026942 0.024010
0 0.273772 0.992593 0.023289 0.014772
0 0.722644 0.858632 0.022412 0.022778
0 0.538457 0.945482 0.035386 0.034941
0 0.023766 0.945245 0.021323 0.020522
0 0.765104 0.388915 0.023831 0.022872
0 0.258093 0.134518 0.024984 0.023999
0 0.803888 0.885528 0.022286 0.021631
0 0.401441 0.921776 0.022328 0.021799
0 0.191165 0.960205 0.021150 0.021829
0 0.560098 0.976514 0.026947 0.027008
0 0.344587 0.925765 0.020217 0.020246
0 0.277448 0.948111 0.019929 0.019979
0 0.149251 0.350292 0.021076 0.020628
0 0.385999 0.089150 0.028139 0.028060
