0 0.894202 0.019522 0.034958 0.034809
0 0.281314 0.487092 0.049418 0.048650
0 0.837102 0.024341 0.035522 0.035005
0 0.299322 0.753545 0.036266 0.035289
0 0.058533 0.518380 0.117066 0.202695
0 0.443861 0.566640 0.072239 0.070309
0 0.581734 0.765509 0.030671 0.030255
0 0.816239 0.380243 0.025023 0.025029
0 0.614376 0.655654 0.032277 0.031551
0 0.676956 0.028442 0.026416 0.027019
0 0.142353 0.512165 0.040023 0.040683
0 0.233663 0.776732 0.062145 0.052955
0 0.022127 0.167567 0.025939 0.025911
0 0.372822 0.409395 0.029528 0.029624
0 0.692429 0.660625 0.071725 0.069960
0 0.110583 0.635717 0.026385 0.026101
0 0.359043 0.468469 0.024142 0.023964
0 0.491534 0.443705 0.053814 0.051245
0 0.597841 0.340607 0.027164 0.027058
0 0.312981 0.603868 0.023613 0.023714
0 0.674639 0.204180 0.255298 0.255782
0 0.594940 0.365745 0.030422 0.030609
0 0.608212 0.458331 0.024155 0.024247
0 0.175571 0.347309 0.027864 0.027617
0 0.250499 0.337794 0.024550 0.024660
0 0.754407 0.715181 0.026707 0.026126
0 0.063866 0.306119 0.124001 0.151572
0 0.367169 0.504729 0.028898 0.028892
0 0.861670 0.428633 0.024142 0.023608
0 0.746390 0.655997 0.038583 0.036792
0 0.278700 0.574535 0.178443 0.177644
0 0.550488 0.371374 0.087459 0.086124
0 0.279537 0.774291 0.032286 0.031631
0 0.896916 0.650657 0.022862 0.023622
0 0.234726 0.744460 0.033950 0.033378
0 0.385906 0.529073 0.042204 0.038303
0 0.732198 0.615863 0.024976 0.025407
0 0.866030 0.656315 0.069294 0.066950
0 0.765213 0.738365 0.025063 0.024775
0 0.136066 0.775178 0.029721 0.027342
0 0.345323 0.494120 0.023072 0.022762
0 0.764887 0.277301 0.019476 0.019412
0 0.937504 0.733184 0.124992 0.140786
0 0.859511 0.566339 0.027663 0.027694
0 0.147235 0.788909 0.026568 0.025035
