0 0.467873 0.936992 0.024995 0.024407
0 0.472600 0.911783 0.028904 0.028091
0 0.947212 0.113420 0.025850 0.024792
0 0.612302 0.272492 0.023372 0.022981
0 0.886861 0.121367 0.027839 0.027670
0 0.443346 0.869353 0.034370 0.033232
0 0.580641 0.325051 0.020032 0.019450
0 0.460891 0.111629 0.047847 0.047061
0 0.505199 0.971761 0.027528 0.026713
0 0.949509 0.138825 0.031553 0.030451
0 0.155544 0.561048 0.023070 0.023384
0 0.890223 0.770839 0.019421 0.019007
0 0.988903 0.125826 0.022194 0.024939
0 0.187652 0.234983 0.024041 0.023885
0 0.307254 0.315419 0.021023 0.021052
0 0.289471 0.378970 0.020607 0.019993
0 0.592759 0.472462 0.079352 0.075340
0 0.897176 0.051044 0.095722 0.089748
0 0.028017 0.295833 0.020264 0.020106
0 0.108470 0.567220 0.019612 0.019107
0 0.485909 0.654508 0.026922 0.026261
0 0.336786 0.307287 0.020141 0.020205
0 0.563746 0.903399 0.019395 0.019263
0 0.460696 0.470481 0.036732 0.036761
0 0.730135 0.613956 0.026398 0.025370
0 0.532758 0.638202 0.050558 0.048955
0 0.604339 0.889498 0.018875 0.018948
0 0.051687 0.547299 0.026382 0.025798
0 0.100730 0.983958 0.050829 0.031608
0 0.626746 0.022776 0.020000 0.020033
0 0.991713 0.063896 0.015603 0.017875
0 0.370123 0.635599 0.019426 0.019621
