0 0.214292 0.020920 0.035857 0.029315
0 0.827180 0.890620 0.040922 0.032866
0 0.814711 0.839078 0.052608 0.041533
0 0.784805 0.794806 0.038203 0.029721
0 0.924237 0.423671 0.038043 0.030457
0 0.120185 0.522267 0.036338 0.030298
0 0.984841 0.785115 0.030318 0.028230
0 0.498098 0.776161 0.078064 0.062360
0 0.117953 0.042570 0.035505 0.029431
0 0.344918 0.095070 0.033260 0.025440
0 0.618792 0.858928 0.036554 0.029587
0 0.664079 0.214403 0.033613 0.027832
0 0.494924 0.065140 0.028607 0.024610
0 0.414080 0.868017 0.191216 0.150810
0 0.509679 0.493163 0.027752 0.024420
0 0.700348 0.655727 0.226001 0.172424
0 0.802833 0.233577 0.046725 0.034862
0 0.574212 0.010371 0.031722 0.020570
