0 0.120069 0.978702 0.056834 0.042295
0 0.118994 0.882885 0.055950 0.047247
0 0.364036 0.879098 0.049123 0.043545
0 0.351150 0.229923 0.048800 0.041648
0 0.829052 0.693527 0.054238 0.039405
0 0.901916 0.348052 0.071185 0.056426
0 0.213712 0.433623 0.291248 0.271333
0 0.211617 0.943647 0.077629 0.065330
0 0.829052 0.869025 0.048044 0.037234
0 0.091493 0.264738 0.035834 0.031853
0 0.293745 0.977292 0.057779 0.044243
0 0.433602 0.651140 0.040797 0.033637
0 0.066395 0.831093 0.039950 0.033667
0 0.981581 0.905622 0.036837 0.041767
0 0.725402 0.980358 0.041083 0.035817
0 0.692340 0.013002 0.064127 0.026003
0 0.613178 0.279822 0.039079 0.031405
0 0.526573 0.107549 0.052422 0.053169
0 0.424763 0.271225 0.197047 0.170227
0 0.814670 0.325104 0.037673 0.030678
0 0.625672 0.976109 0.042905 0.032870
0 0.937942 0.765100 0.042189 0.032531
0 0.411562 0.911076 0.041274 0.034928
0 0.784575 0.413986 0.038378 0.031310
0 0.669210 0.988634 0.055101 0.022107
0 0.595395 0.778689 0.035275 0.028846
0 0.266664 0.700041 0.035640 0.025641
0 0.661645 0.838066 0.034922 0.028773
0 0.411400 0.944110 0.038658 0.032014
0 0.066532 0.705486 0.030954 0.028197
0 0.396473 0.979745 0.039507 0.036580
0 0.268445 0.454403 0.032184 0.028053
0 0.201567 0.238960 0.120276 0.107635
0 0.264234 0.952974 0.040363 0.035124
0 0.538877 0.163941 0.106509 0.094263
0 0.399518 0.559631 0.032460 0.026367
0 0.652442 0.951634 0.035668 0.029424
0 0.703493 0.036820 0.036087 0.030298
0 0.083029 0.269373 0.124161 0.111372
0 0.080918 0.897477 0.035079 0.029283
0 0.103549 0.841314 0.032303 0.028165
0 0.172814 0.908050 0.037888 0.031224
0 0.397263 0.326950 0.048724 0.043577
0 0.768703 0.593306 0.030327 0.025968
0 0.507893 0.896791 0.031685 0.026890
0 0.539012 0.314193 0.033348 0.029892
0 0.588648 0.823505 0.032329 0.026225
