0 0.765975 0.753589 0.044608 0.044468
0 0.283157 0.813397 0.034323 0.034529
0 0.679236 0.535093 0.034180 0.034141
0 0.604525 0.841958 0.048206 0.048702
0 0.743725 0.826942 0.041450 0.040602
0 0.142460 0.703244 0.031791 0.032413
0 0.835260 0.157126 0.039720 0.039965
0 0.980604 0.917118 0.027706 0.027651
0 0.605634 0.538377 0.026765 0.027182
0 0.950938 0.196660 0.046512 0.046217
0 0.339479 0.834782 0.027028 0.027362
0 0.986417 0.411608 0.027166 0.034384
0 0.664652 0.578767 0.027150 0.027294
0 0.908591 0.923440 0.025493 0.025086
0 0.665188 0.270902 0.050149 0.049121
0 0.489307 0.495781 0.030659 0.030865
0 0.391023 0.657417 0.030458 0.031521
0 0.944492 0.546777 0.022802 0.022836
0 0.750350 0.652520 0.028057 0.028179
0 0.966922 0.935260 0.021503 0.021842
0 0.440657 0.658547 0.043915 0.043476
0 0.976352 0.247845 0.029084 0.028986
0 0.462206 0.287995 0.035983 0.035545
0 0.780545 0.796150 0.039706 0.038087
0 0.638034 0.495648 0.022559 0.022911
0 0.984455 0.272854 0.031089 0.039799
0 0.930161 0.157841 0.037880 0.037764
0 0.367662 0.902802 0.028112 0.028245
0 0.346648 0.102919 0.039716 0.040042
0 0.589755 0.093666 0.032818 0.033250
0 0.405275 0.280060 0.034177 0.034784
0 0.380644 0.060490 0.034438 0.033944
0 0.964644 0.365899 0.028868 0.029613
0 0.282214 0.769786 0.026442 0.026291
0 0.437450 0.114290 0.026210 0.025827
0 0.270417 0.582268 0.023544 0.023417
0 0.694156 0.475966 0.023134 0.022966
0 0.224475 0.598847 0.035156 0.034448
0 0.790088 0.107785 0.026358 0.026339
0 0.316628 0.117000 0.027887 0.027601
0 0.800892 0.008467 0.027901 0.016908
0 0.702276 0.307055 0.023876 0.024179
0 0.437857 0.165120 0.032710 0.032267
0 0.512679 0.421431 0.023386 0.024332
0 0.444460 0.058174 0.044328 0.045582
0 0.644297 0.913224 0.022331 0.022452
0 0.955663 0.876931 0.020336 0.020499
0 0.877285 0.717717 0.025019 0.025224
0 0.501040 0.150347 0.030957 0.031704
0 0.715091 0.489118 0.021944 0.021875
0 0.701225 0.047840 0.036600 0.035293
0 0.495500 0.702525 0.026378 0.025605
0 0.851942 0.862134 0.022769 0.022804
0 0.846541 0.407625 0.045378 0.040995
0 0.429627 0.256186 0.035857 0.035864
0 0.446140 0.832418 0.021684 0.021993
0 0.401234 0.245052 0.024585 0.025017
0 0.640356 0.160137 0.025597 0.025162
0 0.188251 0.591664 0.027544 0.027257
0 0.460554 0.641520 0.021816 0.022139
0 0.829833 0.408888 0.029491 0.029960
0 0.922194 0.495109 0.021701 0.022119
0 0.200618 0.273447 0.024032 0.024333
0 0.855532 0.408664 0.029540 0.032450
0 0.462964 0.173001 0.037532 0.037041
0 0.448227 0.306876 0.034127 0.033105
0 0.980526 0.114424 0.021775 0.021633
0 0.877196 0.121986 0.021739 0.021780
0 0.640877 0.006259 0.036470 0.012517
0 0.849622 0.293566 0.032236 0.033386
0 0.803736 0.407612 0.024664 0.025391
0 0.473299 0.059043 0.083567 0.076622
0 0.877508 0.351245 0.024749 0.023804
0 0.558715 0.807878 0.023773 0.023997
0 0.011542 0.766762 0.020299 0.020264
0 0.409522 0.196734 0.049826 0.049632
0 0.282236 0.047766 0.048707 0.049099
0 0.589051 0.810819 0.024653 0.025169
0 0.691836 0.185485 0.025766 0.026264
0 0.553251 0.135255 0.028462 0.029215
0 0.356548 0.075921 0.023823 0.021784
0 0.817402 0.390395 0.023483 0.022859
0 0.249449 0.613769 0.022621 0.022808
0 0.684170 0.854061 0.021679 0.021638
0 0.824412 0.052091 0.026411 0.026711
0 0.776142 0.562125 0.021377 0.021290
0 0.912124 0.633700 0.020492 0.020080
0 0.491863 0.561686 0.021416 0.021109
0 0.323775 0.813878 0.020473 0.020293
0 0.669374 0.169161 0.021855 0.022593
0 0.485800 0.796371 0.019887 0.019982
0 0.733504 0.584666 0.024496 0.024661
0 0.402250 0.015132 0.026872 0.026752
0 0.416454 0.886571 0.020885 0.020793
0 0.577100 0.158363 0.044014 0.043101
0 0.407141 0.043869 0.025656 0.025664
0 0.586422 0.452208 0.021003 0.020918
0 0.428684 0.286949 0.024139 0.024506
0 0.719772 0.108657 0.020883 0.020188
0 0.991184 0.556135 0.016576 0.019013
0 0.294426 0.244340 0.037514 0.037833
0 0.629890 0.030611 0.033092 0.032978
