0 0.202250 0.523944 0.230326 0.233893
0 0.510946 0.691542 0.090449 0.091929
0 0.864725 0.466305 0.031433 0.031042
0 0.174891 0.102214 0.035119 0.035063
0 0.624753 0.929618 0.075689 0.074527
0 0.915069 0.310084 0.032586 0.032502
0 0.387905 0.240065 0.037819 0.037823
0 0.490194 0.512749 0.027389 0.026976
0 0.732339 0.487828 0.033490 0.033295
0 0.876739 0.216940 0.071795 0.071697
0 0.880620 0.103724 0.024345 0.024037
0 0.973289 0.020610 0.026141 0.025735
0 0.282627 0.982248 0.042574 0.035503
0 0.797591 0.084738 0.025186 0.025484
0 0.225811 0.358902 0.024991 0.025184
0 0.636296 0.375723 0.023637 0.024238
0 0.685531 0.355775 0.025525 0.024769
0 0.453079 0.122280 0.035069 0.035126
0 0.338774 0.228568 0.030150 0.029888
0 0.064216 0.914796 0.032708 0.032454
0 0.749588 0.878078 0.031082 0.031776
0 0.118999 0.982742 0.046533 0.034140
0 0.750674 0.905069 0.028123 0.028294
0 0.787422 0.399709 0.021418 0.021868
0 0.475962 0.106295 0.026383 0.026481
0 0.124334 0.398073 0.027674 0.027014
0 0.370263 0.976127 0.039189 0.038461
0 0.625714 0.305019 0.022332 0.022324
0 0.446559 0.284990 0.026599 0.026137
0 0.922833 0.986570 0.060307 0.026859
0 0.637001 0.085788 0.380136 0.170774
0 0.599179 0.319220 0.040677 0.041117
0 0.101251 0.767677 0.024004 0.023570
0 0.460224 0.164669 0.021001 0.020565
0 0.830761 0.034230 0.022143 0.021803
0 0.818441 0.986651 0.086500 0.026463
0 0.388767 0.193834 0.021665 0.021723
0 0.736553 0.008752 0.023204 0.017403
0 0.876250 0.008471 0.029202 0.016942
0 0.235561 0.987419 0.032608 0.025162
0 0.444677 0.230888 0.025490 0.025170
0 0.399031 0.312068 0.031657 0.031701
0 0.893963 0.025948 0.020336 0.020759
0 0.738638 0.928981 0.025207 0.025251
0 0.590195 0.389941 0.021734 0.021814
0 0.975220 0.306454 0.026137 0.026511
0 0.060972 0.954290 0.023449 0.023781
0 0.642965 0.396666 0.026061 0.025732
0 0.450940 0.955926 0.024827 0.025038
0 0.165743 0.141159 0.022014 0.022307
0 0.877948 0.831973 0.025016 0.025666
0 0.174931 0.186194 0.348322 0.372389
0 0.906904 0.066792 0.021763 0.021468
0 0.702507 0.985887 0.023113 0.023497
0 0.086534 0.379098 0.021222 0.021452
0 0.755074 0.803909 0.025595 0.026128
0 0.446462 0.989898 0.028633 0.020204
0 0.140341 0.709368 0.023957 0.023792
0 0.409609 0.084648 0.019043 0.019158
0 0.895505 0.636095 0.193786 0.194793
0 0.714267 0.273644 0.023191 0.023052
0 0.506520 0.962542 0.025234 0.025360
0 0.383893 0.134139 0.022174 0.022459
0 0.064491 0.369198 0.022523 0.022684
0 0.768313 0.449760 0.020302 0.020627
0 0.903117 0.746124 0.098927 0.098870
