0 0.399796 0.055371 0.070088 0.068428
0 0.170972 0.064425 0.072111 0.071308
0 0.841673 0.288394 0.058190 0.057266
0 0.274825 0.415875 0.026980 0.026509
0 0.530365 0.827038 0.040229 0.039071
0 0.832538 0.910500 0.053276 0.052939
0 0.223065 0.098429 0.053213 0.051861
0 0.440903 0.981949 0.048974 0.035925
0 0.287953 0.460335 0.057758 0.056454
0 0.189131 0.947348 0.024302 0.023754
0 0.506647 0.086738 0.048177 0.047323
0 0.698662 0.308632 0.034751 0.034446
0 0.769310 0.776412 0.035791 0.035397
0 0.767544 0.918046 0.041996 0.041597
0 0.731853 0.685114 0.039487 0.038901
0 0.209273 0.030148 0.062064 0.060296
0 0.632995 0.273859 0.036831 0.036206
0 0.019725 0.523938 0.035289 0.035770
0 0.143784 0.470201 0.031592 0.031226
0 0.340855 0.919737 0.025074 0.024770
0 0.737148 0.584891 0.036736 0.036375
0 0.589419 0.962434 0.032681 0.032215
0 0.039045 0.227570 0.028423 0.028023
0 0.317282 0.305219 0.033759 0.034389
0 0.703542 0.163350 0.035051 0.034422
0 0.479132 0.393245 0.029445 0.029473
0 0.402889 0.819090 0.025708 0.025846
0 0.599386 0.755024 0.033097 0.032259
0 0.359498 0.296655 0.029154 0.028701
0 0.518507 0.397014 0.027551 0.027271
0 0.685993 0.545785 0.027853 0.027493
0 0.826851 0.948787 0.025353 0.024995
0 0.007312 0.455920 0.014624 0.043448
0 0.738356 0.935202 0.023093 0.022925
0 0.652559 0.721814 0.043523 0.044395
0 0.423131 0.094419 0.047287 0.046428
0 0.670989 0.130582 0.027900 0.027968
0 0.482103 0.187589 0.036225 0.036158
0 0.746626 0.808644 0.028591 0.027746
0 0.946860 0.352543 0.032664 0.032579
0 0.708762 0.959299 0.024164 0.023690
0 0.367467 0.895648 0.022600 0.022956
0 0.461689 0.376222 0.026430 0.025719
0 0.959113 0.378615 0.031813 0.031819
0 0.462129 0.210660 0.029814 0.029478
0 0.840855 0.749771 0.035336 0.035970
0 0.816672 0.481142 0.031065 0.030085
0 0.627485 0.521060 0.024814 0.024897
0 0.726045 0.993181 0.024632 0.013638
0 0.706822 0.744568 0.023693 0.023706
0 0.530031 0.688108 0.024417 0.024209
0 0.817819 0.418398 0.024166 0.023974
0 0.554829 0.386419 0.023010 0.022910
0 0.734088 0.772651 0.029790 0.029844
0 0.805296 0.446626 0.028454 0.027649
0 0.610517 0.626496 0.027505 0.027016
0 0.391778 0.793786 0.021576 0.021545
0 0.979773 0.752365 0.030002 0.029195
0 0.170375 0.723014 0.022252 0.022199
0 0.499044 0.993733 0.029596 0.012534
0 0.120363 0.622160 0.026564 0.025702
0 0.581547 0.255127 0.022720 0.022296
0 0.745052 0.900608 0.025308 0.024468
0 0.737397 0.123969 0.025074 0.024527
0 0.550854 0.024910 0.025128 0.025145
0 0.776141 0.377765 0.022391 0.022449
0 0.816429 0.113412 0.025328 0.025171
0 0.841901 0.603329 0.025741 0.025685
0 0.699122 0.894791 0.020072 0.020095
0 0.030238 0.046983 0.023810 0.023502
0 0.385483 0.705311 0.020552 0.020870
0 0.869426 0.364450 0.025302 0.024309
0 0.313850 0.034006 0.025039 0.025006
0 0.667330 0.934692 0.021568 0.021657
0 0.425405 0.312390 0.020870 0.020543
0 0.908841 0.460736 0.021559 0.021282
0 0.702539 0.914739 0.020778 0.020708
0 0.130531 0.228174 0.028949 0.029663
0 0.722077 0.061522 0.048459 0.048581
0 0.422795 0.580413 0.020847 0.021341
0 0.941506 0.265842 0.027358 0.026588
0 0.155740 0.513310 0.019802 0.020230
0 0.143862 0.456939 0.021153 0.019859
0 0.865834 0.419922 0.031985 0.032172
0 0.733744 0.728187 0.021246 0.021500
