0 0.101903 0.555304 0.040816 0.034790
0 0.683302 0.243204 0.035659 0.032413
0 0.377276 0.122984 0.039612 0.032125
0 0.827887 0.080047 0.120070 0.099400
0 0.293562 0.986579 0.038609 0.026465
0 0.856887 0.967774 0.045341 0.038326
0 0.524301 0.036422 0.103921 0.071689
0 0.552784 0.326210 0.037584 0.030503
0 0.307982 0.214140 0.034065 0.028543
0 0.260141 0.828623 0.038608 0.030573
0 0.964538 0.033221 0.029097 0.026273
0 0.074670 0.018095 0.076307 0.035631
0 0.950648 0.956650 0.097608 0.086700
0 0.745872 0.855712 0.188202 0.165400
0 0.455144 0.252471 0.034011 0.029417
