0 0.059644 0.532436 0.030407 0.030871
0 0.441980 0.237465 0.044880 0.043069
0 0.442531 0.049525 0.050076 0.049429
0 0.897039 0.100767 0.046040 0.046071
0 0.800358 0.778433 0.042554 0.043396
0 0.850828 0.714060 0.032919 0.033045
0 0.502296 0.847238 0.032767 0.033349
0 0.799632 0.717216 0.027961 0.027436
0 0.749493 0.701762 0.041652 0.042158
0 0.943999 0.932862 0.037548 0.036959
0 0.506873 0.877361 0.034029 0.034841
0 0.851047 0.877394 0.068384 0.068520
0 0.322288 0.802619 0.059962 0.061448
0 0.780208 0.932495 0.025356 0.025244
0 0.394531 0.599244 0.021965 0.022349
0 0.530322 0.906433 0.049582 0.049811
0 0.753554 0.937382 0.025118 0.025419
0 0.230898 0.151894 0.043364 0.044126
0 0.991957 0.978570 0.015998 0.033922
0 0.356260 0.759767 0.024940 0.025314
0 0.948449 0.355762 0.029123 0.028817
0 0.820335 0.307722 0.025465 0.025676
0 0.180792 0.168263 0.028177 0.027356
0 0.371433 0.692368 0.021618 0.021672
0 0.575238 0.150503 0.025774 0.026014
0 0.517761 0.202787 0.055063 0.057299
0 0.764537 0.075257 0.048664 0.049258
0 0.114041 0.504263 0.022046 0.021915
0 0.795728 0.096807 0.030622 0.030709
0 0.818189 0.984565 0.022331 0.022555
0 0.290798 0.031730 0.027270 0.027520
0 0.974525 0.764780 0.022795 0.022665
0 0.702472 0.212629 0.026610 0.025880
0 0.012841 0.338887 0.024313 0.026588
0 0.296241 0.823343 0.034539 0.037451
0 0.822522 0.662991 0.023763 0.023692
0 0.294525 0.855954 0.050716 0.050864
0 0.369756 0.792490 0.041693 0.042431
0 0.888747 0.920672 0.043524 0.042849
0 0.992602 0.655065 0.014797 0.022671
0 0.884897 0.774541 0.022495 0.022204
0 0.878886 0.706130 0.023708 0.023337
0 0.678383 0.991145 0.022550 0.017711
0 0.774550 0.763596 0.029763 0.030489
0 0.609540 0.239180 0.024263 0.024138
0 0.637902 0.200357 0.023737 0.023593
0 0.974045 0.710138 0.023889 0.023556
0 0.968671 0.542714 0.031139 0.030273
0 0.386497 0.769696 0.023057 0.023334
0 0.935612 0.764122 0.023561 0.023776
0 0.956196 0.518288 0.026994 0.027163
0 0.836230 0.782179 0.023475 0.024085
0 0.805730 0.459847 0.023137 0.023289
0 0.118898 0.779658 0.024091 0.023267
0 0.757149 0.055631 0.040834 0.039001
0 0.925968 0.912225 0.031627 0.030995
0 0.496463 0.158060 0.024732 0.024198
0 0.696394 0.656625 0.019611 0.019804
0 0.864685 0.912522 0.021344 0.021274
0 0.830031 0.823145 0.026956 0.026730
0 0.125344 0.153417 0.026791 0.026080
0 0.899552 0.450570 0.023804 0.025570
