0 0.273067 0.743964 0.047738 0.032861
0 0.655591 0.092249 0.049662 0.036978
0 0.912409 0.420923 0.038270 0.035064
0 0.416041 0.102293 0.053077 0.038133
0 0.769554 0.083705 0.030787 0.025989
0 0.047070 0.386868 0.031534 0.027740
0 0.645082 0.010623 0.025146 0.020270
0 0.134171 0.517577 0.057212 0.041248
0 0.113703 0.151565 0.053710 0.046270
0 0.532580 0.709281 0.028901 0.023958
0 0.665112 0.125803 0.028790 0.022136
0 0.914564 0.507679 0.026506 0.023265
0 0.176291 0.701679 0.033675 0.026770
0 0.718337 0.217350 0.034940 0.031134
