0 0.275152 0.244471 0.030847 0.030280
0 0.493051 0.629960 0.042606 0.042537
0 0.773842 0.894797 0.027715 0.027899
0 0.943788 0.396050 0.032734 0.032175
0 0.356624 0.870024 0.062778 0.064281
0 0.811599 0.602783 0.023818 0.023813
0 0.050135 0.498605 0.021907 0.022097
0 0.635477 0.203173 0.045627 0.045165
0 0.070016 0.452376 0.021409 0.021393
0 0.682029 0.248232 0.058718 0.058300
0 0.301020 0.963119 0.084835 0.073421
0 0.089894 0.506910 0.022386 0.022493
0 0.950250 0.285190 0.090316 0.088879
0 0.546255 0.750785 0.045161 0.044447
0 0.380927 0.747216 0.237351 0.228525
0 0.825988 0.233802 0.024296 0.024630
0 0.727327 0.281884 0.057307 0.057271
0 0.415877 0.474513 0.038323 0.037237
0 0.756983 0.494558 0.087189 0.088717
0 0.480943 0.776040 0.021530 0.021537
0 0.723711 0.912979 0.092115 0.089652
0 0.457658 0.728376 0.090794 0.092008
0 0.824529 0.762936 0.068219 0.068847
0 0.632657 0.545195 0.074766 0.074706
0 0.370692 0.977071 0.072019 0.045857
0 0.752476 0.809316 0.134082 0.131149
0 0.926895 0.818278 0.075433 0.074931
0 0.466331 0.554334 0.026145 0.026368
0 0.676365 0.838335 0.044211 0.043676
0 0.724660 0.413646 0.069072 0.069637
0 0.155873 0.036368 0.092184 0.072736
0 0.109102 0.305078 0.218205 0.226229
0 0.527778 0.520276 0.020133 0.020406
0 0.376088 0.450881 0.053692 0.053869
0 0.521466 0.558837 0.019309 0.019238
0 0.795845 0.719907 0.076272 0.074974
