0 0.675865 0.202586 0.326526 0.285949
0 0.704879 0.786665 0.078356 0.064622
0 0.502006 0.867797 0.049599 0.045260
0 0.162153 0.487114 0.032451 0.031723
0 0.893853 0.558198 0.173184 0.156590
0 0.107664 0.942698 0.035924 0.034733
0 0.431884 0.534106 0.039898 0.037177
0 0.092904 0.159280 0.031077 0.030466
0 0.318593 0.272987 0.027140 0.025898
0 0.700949 0.989811 0.053336 0.020378
0 0.037048 0.886504 0.026120 0.024549
0 0.029119 0.193181 0.058237 0.090001
0 0.551225 0.654284 0.031289 0.028872
0 0.787822 0.992861 0.041588 0.013931
0 0.710528 0.018894 0.040489 0.034893
0 0.361293 0.513893 0.147026 0.130620
0 0.060225 0.256537 0.023950 0.024605
0 0.087345 0.267807 0.087592 0.084832
0 0.943408 0.208758 0.110711 0.103515
0 0.721188 0.355520 0.109685 0.097999
0 0.517181 0.827628 0.031585 0.028436
0 0.155702 0.454700 0.025995 0.025505
0 0.524629 0.901188 0.042073 0.039155
0 0.519560 0.513158 0.022898 0.021076
0 0.338466 0.922309 0.027496 0.026445
