0 0.719963 0.301052 0.040316 0.040542
0 0.103195 0.110303 0.032860 0.032390
0 0.137630 0.315693 0.029683 0.030121
0 0.417610 0.876603 0.036554 0.036590
0 0.551048 0.103092 0.037513 0.037328
0 0.550899 0.640875 0.024582 0.024604
0 0.070772 0.335237 0.025062 0.025031
0 0.712366 0.387252 0.024484 0.024664
0 0.184660 0.567262 0.023024 0.023345
0 0.386913 0.488593 0.033261 0.033355
0 0.414718 0.332918 0.029138 0.029118
0 0.670255 0.580995 0.022748 0.022758
0 0.432236 0.783812 0.021749 0.021831
0 0.103210 0.343173 0.028883 0.029068
0 0.515099 0.731115 0.022343 0.021874
0 0.288245 0.976688 0.130030 0.046624
0 0.057806 0.587590 0.022685 0.022838
0 0.080469 0.356508 0.024800 0.023887
0 0.186209 0.378853 0.021930 0.021756
0 0.537901 0.700412 0.025821 0.025887
0 0.047716 0.259901 0.024527 0.024825
0 0.530306 0.907351 0.022473 0.022293
0 0.441032 0.262799 0.022934 0.023409
0 0.141534 0.048746 0.022253 0.022457
0 0.383335 0.817877 0.024276 0.024110
0 0.260013 0.225646 0.022048 0.022095
0 0.306825 0.746279 0.033079 0.032551
0 0.149990 0.090368 0.021508 0.021335
0 0.031003 0.990418 0.021476 0.018973
0 0.366318 0.031394 0.124225 0.062268
0 0.317923 0.147343 0.022051 0.022327
0 0.615944 0.848002 0.069798 0.069902
0 0.292299 0.489518 0.019753 0.019877
0 0.587310 0.666674 0.023338 0.023547
0 0.076586 0.244640 0.020674 0.021223
0 0.196421 0.019665 0.021120 0.020430
0 0.416389 0.440936 0.019718 0.019927
0 0.182051 0.406642 0.040078 0.039590
0 0.043382 0.299948 0.019010 0.018962
0 0.079575 0.287859 0.020210 0.019717
0 0.024301 0.175891 0.021347 0.021053
0 0.035437 0.611363 0.022887 0.022095
