0 0.751808 0.930272 0.121193 0.120249
0 0.528006 0.677614 0.096457 0.097767
0 0.685540 0.858000 0.040408 0.040625
0 0.690934 0.720265 0.043332 0.043024
0 0.563292 0.467130 0.035648 0.034983
0 0.769498 0.706466 0.042990 0.042279
0 0.868042 0.118347 0.043431 0.042732
0 0.867718 0.810472 0.035495 0.035115
0 0.746503 0.868739 0.041411 0.040912
0 0.352753 0.503964 0.025530 0.025430
0 0.791541 0.843633 0.057079 0.056817
0 0.834581 0.193246 0.033768 0.033681
0 0.610309 0.461676 0.027499 0.027304
0 0.653348 0.502622 0.038414 0.038756
0 0.939232 0.765019 0.030876 0.031453
0 0.747651 0.464965 0.033793 0.032961
0 0.615403 0.898596 0.042296 0.041764
0 0.815117 0.658930 0.044102 0.043510
0 0.710127 0.528427 0.034462 0.034028
0 0.073194 0.509937 0.029354 0.029329
0 0.807257 0.874689 0.033190 0.032880
0 0.658473 0.700296 0.031490 0.031978
0 0.166865 0.405570 0.028295 0.027826
0 0.703076 0.469381 0.026503 0.026344
0 0.902998 0.038497 0.026924 0.027419
0 0.694230 0.511801 0.029880 0.029960
0 0.900011 0.874680 0.022499 0.022396
0 0.916069 0.600480 0.037932 0.039140
0 0.705195 0.762907 0.025908 0.026017
0 0.853133 0.919956 0.021975 0.022501
0 0.681487 0.494682 0.026477 0.026358
0 0.904487 0.589769 0.039092 0.036254
0 0.625134 0.406194 0.022090 0.022007
0 0.602865 0.500708 0.022094 0.022484
