0 0.081610 0.397000 0.064008 0.053138
0 0.828100 0.901491 0.078278 0.065534
0 0.585606 0.609046 0.053775 0.046618
0 0.111091 0.586929 0.166936 0.140820
0 0.896979 0.650513 0.108468 0.087972
0 0.452658 0.576719 0.040727 0.033859
0 0.476338 0.274326 0.094198 0.082691
0 0.166124 0.353465 0.083978 0.071464
0 0.353098 0.761153 0.037155 0.031261
0 0.333267 0.899349 0.065643 0.054586
0 0.893203 0.097172 0.039359 0.035492
0 0.148761 0.889033 0.296885 0.221934
0 0.494628 0.696285 0.058939 0.050673
0 0.336114 0.582310 0.093457 0.078302
0 0.725717 0.106068 0.042765 0.038216
0 0.212713 0.022805 0.092188 0.045266
0 0.562316 0.641455 0.040947 0.034074
0 0.400445 0.799612 0.035932 0.031776
0 0.430185 0.477594 0.037469 0.034815
0 0.429820 0.941942 0.050265 0.042164
0 0.559947 0.024169 0.052158 0.046185
0 0.606360 0.638029 0.037174 0.031713
0 0.889710 0.366327 0.219686 0.357702
0 0.501580 0.953351 0.027841 0.025749
0 0.273301 0.366200 0.043775 0.038238
0 0.461228 0.100777 0.035054 0.031687
0 0.625938 0.108963 0.048343 0.040287
0 0.484237 0.401865 0.027373 0.024541
0 0.161816 0.115010 0.320535 0.228851
