0 0.217899 0.811154 0.025559 0.024993
0 0.489033 0.121528 0.037655 0.037938
0 0.040832 0.842464 0.028285 0.028018
0 0.295498 0.660601 0.024607 0.024443
0 0.661439 0.781487 0.028343 0.028238
0 0.732137 0.243245 0.067843 0.068192
0 0.715852 0.819699 0.035788 0.035481
0 0.556724 0.267884 0.033823 0.033759
0 0.923673 0.552710 0.024702 0.024468
0 0.302275 0.982104 0.045447 0.035792
0 0.855029 0.462420 0.029621 0.029258
0 0.209757 0.013501 0.033028 0.027002
0 0.057679 0.921523 0.026938 0.026463
0 0.099481 0.829323 0.021861 0.022234
0 0.259572 0.247116 0.036551 0.037264
0 0.415456 0.006109 0.024513 0.012218
0 0.772596 0.778379 0.026046 0.026183
0 0.980592 0.486703 0.020845 0.021208
0 0.321216 0.428756 0.028290 0.028852
0 0.672232 0.385875 0.022186 0.022059
0 0.044937 0.723991 0.089873 0.175474
0 0.672951 0.827675 0.047954 0.047556
0 0.109626 0.444290 0.219253 0.386226
0 0.223022 0.240312 0.021898 0.022108
0 0.944464 0.610942 0.024027 0.024478
0 0.252029 0.016523 0.033041 0.032747
0 0.897188 0.218052 0.100408 0.103612
0 0.162888 0.268239 0.098321 0.094205
0 0.869170 0.076611 0.261411 0.152833
0 0.573585 0.312417 0.020905 0.021174
0 0.747736 0.281712 0.046644 0.044711
0 0.649359 0.057948 0.022376 0.021825
0 0.163817 0.197509 0.033347 0.033785
0 0.180074 0.796412 0.024091 0.024127
0 0.143446 0.176925 0.040398 0.040605
0 0.405361 0.361569 0.108555 0.106684
0 0.566065 0.956824 0.019548 0.019430
0 0.745617 0.812506 0.019416 0.019756
0 0.326704 0.523443 0.097251 0.097784
0 0.945968 0.666757 0.048850 0.047763
0 0.617143 0.400014 0.073548 0.073226
0 0.321787 0.741410 0.018870 0.019035
0 0.115469 0.149433 0.057463 0.057418
0 0.784191 0.127202 0.048048 0.048685
