0 0.663642 0.768093 0.166081 0.163993
0 0.587586 0.111274 0.046444 0.046860
0 0.504482 0.812633 0.024131 0.024226
0 0.243312 0.378988 0.085730 0.085974
0 0.101368 0.687238 0.028597 0.028586
0 0.257173 0.607604 0.026448 0.026250
0 0.890092 0.528797 0.025099 0.025385
0 0.432783 0.848646 0.134180 0.135037
0 0.458249 0.946252 0.124406 0.107495
0 0.682528 0.041113 0.063247 0.062351
0 0.535626 0.671057 0.034434 0.034248
0 0.614144 0.557050 0.040505 0.041357
0 0.715445 0.314430 0.035218 0.035260
0 0.053073 0.869685 0.024990 0.024727
0 0.316906 0.467076 0.031128 0.031188
0 0.034856 0.978012 0.024640 0.024443
0 0.892286 0.331692 0.057634 0.057385
0 0.700437 0.623293 0.027558 0.027403
0 0.754804 0.283786 0.039019 0.039408
0 0.496346 0.740661 0.028853 0.029027
0 0.675242 0.563458 0.033414 0.032738
0 0.857605 0.386194 0.027217 0.027260
0 0.159463 0.772213 0.025613 0.025428
0 0.086042 0.629846 0.036791 0.036896
0 0.095723 0.811684 0.072671 0.071048
0 0.078523 0.053572 0.023874 0.024198
0 0.050001 0.181980 0.025466 0.025496
0 0.021405 0.931660 0.026003 0.025916
0 0.201467 0.304840 0.059763 0.059441
0 0.906639 0.800681 0.087656 0.087907
0 0.867995 0.430663 0.264010 0.330240
0 0.982004 0.266067 0.035992 0.040455
0 0.576372 0.883792 0.024322 0.024743
0 0.014099 0.281969 0.028083 0.049684
0 0.056476 0.653006 0.027891 0.027519
0 0.045740 0.297605 0.026246 0.025868
0 0.242910 0.867795 0.023919 0.024434
0 0.647110 0.983853 0.062703 0.031608
0 0.849637 0.792865 0.066654 0.066638
0 0.988300 0.830965 0.023401 0.031146
0 0.231865 0.102202 0.236253 0.204404
0 0.192422 0.835994 0.026863 0.027518
0 0.656240 0.650074 0.067673 0.067476
0 0.676547 0.692930 0.031889 0.032170
0 0.301073 0.658624 0.424504 0.455574
0 0.180856 0.793337 0.025965 0.025815
0 0.990417 0.465209 0.018794 0.021431
0 0.037439 0.759220 0.029799 0.029089
0 0.608088 0.943501 0.052517 0.051130
0 0.772415 0.959203 0.054861 0.055296
0 0.992178 0.214445 0.015645 0.029053
0 0.810158 0.988698 0.042984 0.022056
0 0.629033 0.956823 0.039295 0.039074
0 0.479974 0.361220 0.462938 0.439791
0 0.942842 0.892516 0.059618 0.056709
0 0.759043 0.722675 0.049307 0.050047
0 0.055268 0.202387 0.024918 0.025308
0 0.851942 0.986121 0.044862 0.027648
0 0.297039 0.609445 0.019873 0.020141
0 0.318886 0.947011 0.048953 0.049046
0 0.956844 0.270398 0.030001 0.030969
0 0.033113 0.329888 0.022868 0.022684
0 0.025320 0.959110 0.022655 0.023008
0 0.952703 0.938227 0.092250 0.097124
0 0.806371 0.904818 0.035546 0.035330
0 0.700237 0.982930 0.046567 0.033674
0 0.769235 0.255740 0.021722 0.021703
0 0.746011 0.867068 0.020655 0.020801
0 0.458322 0.078812 0.284482 0.157625
0 0.053856 0.958665 0.021731 0.020846
0 0.155175 0.569354 0.149762 0.148753
0 0.557950 0.649494 0.033592 0.033678
0 0.672620 0.504446 0.019472 0.019621
0 0.271387 0.695944 0.030258 0.030268
0 0.372377 0.146508 0.050478 0.050216
