0 0.062812 0.664354 0.024707 0.024613
0 0.787178 0.277620 0.270582 0.279771
0 0.677357 0.598141 0.025784 0.025471
0 0.792000 0.023505 0.026397 0.026797
0 0.645171 0.931750 0.030721 0.030820
0 0.763058 0.299220 0.043394 0.042903
0 0.289624 0.903192 0.271467 0.192378
0 0.511936 0.257442 0.071922 0.072187
0 0.155917 0.340407 0.106919 0.107011
0 0.787843 0.446476 0.028653 0.028560
0 0.132129 0.722043 0.022076 0.022283
0 0.887332 0.751454 0.022850 0.023061
0 0.738607 0.074303 0.034068 0.033934
0 0.522056 0.791669 0.020804 0.020830
0 0.271428 0.234076 0.036728 0.036945
0 0.826297 0.589312 0.037314 0.036842
0 0.743414 0.340804 0.031803 0.032052
0 0.587054 0.064195 0.023669 0.023569
0 0.376588 0.334137 0.020849 0.020872
0 0.499271 0.512522 0.022884 0.023401
0 0.669293 0.451087 0.022506 0.022335
0 0.879072 0.019594 0.056229 0.039016
0 0.200715 0.438123 0.020741 0.021397
0 0.044370 0.465349 0.022428 0.022014
0 0.346006 0.497786 0.061537 0.061184
0 0.080337 0.597848 0.059905 0.060247
0 0.562694 0.970182 0.070675 0.059635
0 0.330884 0.604441 0.127243 0.130482
0 0.047863 0.986852 0.026440 0.025088
0 0.778950 0.688195 0.019919 0.020201
0 0.747944 0.895753 0.026739 0.027363
0 0.607939 0.058729 0.023868 0.023893
0 0.739343 0.710955 0.022261 0.022969
0 0.207488 0.420283 0.023719 0.023201
0 0.037092 0.516431 0.020174 0.020624
0 0.125667 0.049857 0.032968 0.032574
0 0.834961 0.649593 0.029451 0.029892
0 0.556642 0.601371 0.023840 0.023965
0 0.059196 0.347845 0.021910 0.021769
0 0.272978 0.682000 0.026287 0.026653
0 0.294651 0.523300 0.048994 0.049374
0 0.721523 0.494363 0.020488 0.020530
0 0.709894 0.514829 0.031748 0.030937
0 0.291230 0.675428 0.020237 0.020897
0 0.466299 0.284494 0.032478 0.032380
0 0.556800 0.377159 0.020456 0.020903
0 0.159105 0.675416 0.024033 0.024103
0 0.513030 0.068069 0.088299 0.090520
0 0.512042 0.028626 0.019580 0.019777
0 0.230784 0.403938 0.206009 0.227184
0 0.362475 0.121909 0.018284 0.018117
0 0.388426 0.544631 0.026562 0.027174
0 0.461641 0.498260 0.052429 0.052296
0 0.625884 0.734355 0.019663 0.020178
0 0.596167 0.782424 0.021724 0.021976
0 0.814649 0.336149 0.018639 0.018629
0 0.861732 0.069189 0.018378 0.018336
0 0.787131 0.514638 0.018114 0.018027
0 0.590416 0.534982 0.027372 0.026417
0 0.193236 0.547729 0.019868 0.020333
0 0.439321 0.767439 0.347960 0.365119
0 0.382028 0.778368 0.018408 0.018336
0 0.342329 0.399339 0.020413 0.020433
0 0.410970 0.402972 0.018457 0.018465
0 0.661891 0.367041 0.025247 0.025106
0 0.030808 0.850077 0.059687 0.064847
0 0.911072 0.981626 0.018217 0.018001
0 0.582234 0.543507 0.026826 0.029543
0 0.180106 0.650621 0.019804 0.019702
0 0.063631 0.821504 0.049623 0.049200
0 0.069936 0.144990 0.139872 0.190665
0 0.963545 0.273614 0.023181 0.024423
0 0.480496 0.477508 0.018940 0.018762
0 0.541025 0.728494 0.020539 0.020623
0 0.646382 0.520509 0.018315 0.018391
0 0.674297 0.471174 0.023116 0.023159
0 0.777895 0.904016 0.027074 0.025954
0 0.740754 0.570955 0.017754 0.018118
0 0.768557 0.053145 0.035200 0.035785
0 0.356840 0.421511 0.032185 0.033163
0 0.517939 0.387553 0.019557 0.020378
0 0.611951 0.460975 0.018996 0.019554
0 0.121762 0.464325 0.017552 0.017543
0 0.566439 0.787430 0.024710 0.025391
0 0.913936 0.533696 0.018293 0.018391
0 0.544005 0.760905 0.022393 0.022736
0 0.378796 0.715974 0.017394 0.017523
0 0.138081 0.796713 0.016947 0.016606
0 0.485221 0.559955 0.017107 0.017021
0 0.806988 0.521872 0.019812 0.020578
0 0.362434 0.174647 0.038568 0.038441
0 0.338244 0.436619 0.029899 0.029541
0 0.640688 0.767778 0.018696 0.018227
