0 0.527688 0.570063 0.228494 0.222133
0 0.899459 0.520275 0.115581 0.113877
0 0.746139 0.896972 0.205389 0.197937
0 0.245250 0.119030 0.026779 0.026149
0 0.879967 0.056823 0.022302 0.021865
0 0.701005 0.225696 0.153435 0.151987
0 0.101375 0.440998 0.164385 0.163688
0 0.251798 0.497096 0.274703 0.267679
0 0.184015 0.028189 0.025000 0.024760
0 0.265631 0.652709 0.163950 0.160385
0 0.352848 0.112466 0.023364 0.023704
0 0.358590 0.147105 0.051376 0.051188
0 0.461771 0.220098 0.043541 0.043360
0 0.957919 0.584212 0.063319 0.061858
0 0.735643 0.380598 0.029315 0.028803
0 0.128559 0.126642 0.080088 0.079722
0 0.830967 0.172363 0.066272 0.065684
0 0.354027 0.792200 0.086369 0.085749
0 0.564389 0.313445 0.052197 0.050721
0 0.591413 0.472792 0.026556 0.026806
0 0.563515 0.862356 0.035081 0.035248
0 0.793247 0.768897 0.028291 0.027735
0 0.467288 0.181420 0.034403 0.034722
0 0.405313 0.559648 0.025455 0.025384
0 0.443385 0.148324 0.032596 0.032271
0 0.240288 0.229710 0.096760 0.096264
0 0.977165 0.459594 0.031345 0.030789
0 0.283842 0.949933 0.199676 0.099912
0 0.693237 0.115731 0.075706 0.072296
0 0.920719 0.123082 0.157959 0.192677
0 0.715103 0.013450 0.024707 0.023107
0 0.406615 0.886743 0.095347 0.091514
0 0.646632 0.146426 0.038554 0.039153
0 0.092091 0.567933 0.082712 0.081931
0 0.013360 0.777812 0.026720 0.054309
0 0.239205 0.082219 0.020484 0.020654
0 0.308011 0.152783 0.021603 0.022073
0 0.970136 0.391271 0.027327 0.026876
0 0.148420 0.841806 0.242078 0.225581
0 0.411924 0.055020 0.049241 0.049528
0 0.027075 0.808607 0.034498 0.033730
0 0.612539 0.824092 0.082669 0.082055
0 0.712200 0.781209 0.024728 0.024456
0 0.654323 0.425151 0.020226 0.020199
0 0.554633 0.486835 0.022744 0.022865
0 0.533827 0.948850 0.025559 0.024556
0 0.428427 0.960186 0.023512 0.022605
0 0.429630 0.378664 0.032352 0.032733
0 0.553299 0.464270 0.025392 0.025581
0 0.491758 0.974093 0.217646 0.050944
0 0.250236 0.770201 0.032135 0.031407
0 0.918952 0.377378 0.028433 0.028648
0 0.457178 0.095797 0.022496 0.022607
0 0.795213 0.431897 0.197097 0.196912
0 0.560231 0.460816 0.027569 0.026994
0 0.148138 0.051942 0.027154 0.027196
0 0.029716 0.374975 0.059433 0.095156
0 0.653728 0.972458 0.125122 0.055061
0 0.026459 0.531516 0.052918 0.110423
0 0.203003 0.073897 0.363640 0.147793
0 0.842058 0.731315 0.020340 0.020183
0 0.925335 0.765540 0.021795 0.022500
0 0.042789 0.680214 0.084848 0.173212
0 0.770700 0.168554 0.118564 0.126078
0 0.028210 0.988711 0.055218 0.022578
0 0.292100 0.140897 0.019244 0.019364
0 0.991039 0.607960 0.016803 0.020813
0 0.133070 0.259350 0.055466 0.055146
0 0.479150 0.117364 0.045446 0.045522
0 0.707816 0.008357 0.029290 0.016474
0 0.630834 0.175365 0.018750 0.018102
0 0.448566 0.119282 0.019955 0.020371
0 0.933651 0.606392 0.018147 0.018196
0 0.304709 0.799751 0.092136 0.092216
0 0.160646 0.561604 0.021740 0.021322
0 0.060201 0.072455 0.019235 0.019234
0 0.483804 0.732555 0.020142 0.020081
0 0.716313 0.678982 0.019509 0.019209
0 0.481172 0.494383 0.022183 0.023207
