0 0.160365 0.819038 0.085211 0.080640
0 0.653697 0.191834 0.047568 0.046289
0 0.303974 0.684954 0.048151 0.047496
0 0.302429 0.764734 0.039152 0.036541
0 0.514351 0.205383 0.038070 0.037242
0 0.438109 0.929781 0.030072 0.029068
0 0.314229 0.597236 0.046363 0.045279
0 0.187860 0.142590 0.052045 0.050415
0 0.264017 0.644533 0.039083 0.038597
0 0.263400 0.534223 0.036216 0.033927
0 0.264031 0.361549 0.037305 0.036093
0 0.875793 0.740944 0.024199 0.023847
0 0.395640 0.595069 0.028905 0.028422
0 0.377505 0.092481 0.039801 0.038604
0 0.158326 0.455870 0.027847 0.027622
0 0.266860 0.280880 0.043798 0.043825
0 0.517555 0.837989 0.028639 0.027633
0 0.136057 0.361640 0.026942 0.026562
0 0.345842 0.856912 0.027416 0.026360
0 0.691170 0.937731 0.030117 0.029242
0 0.613535 0.112308 0.030368 0.029120
0 0.596086 0.740070 0.032829 0.031146
0 0.731742 0.678531 0.022663 0.021925
0 0.393557 0.962290 0.024651 0.024119
0 0.178141 0.722735 0.028724 0.028657
0 0.748090 0.325131 0.025770 0.024131
0 0.570880 0.232906 0.027572 0.027218
0 0.702605 0.347501 0.026602 0.024431
0 0.256096 0.010881 0.062599 0.021655
0 0.018852 0.441803 0.024632 0.024226
0 0.088344 0.088751 0.176689 0.175276
0 0.144764 0.522476 0.026087 0.025920
