0 0.588153 0.589101 0.105987 0.098994
0 0.354766 0.744976 0.046619 0.045700
0 0.106645 0.875735 0.102853 0.100323
0 0.611228 0.032216 0.044483 0.043405
0 0.084212 0.508873 0.047570 0.046433
0 0.740318 0.505080 0.240496 0.227904
0 0.244387 0.163891 0.138936 0.134940
0 0.385257 0.786645 0.317852 0.292422
0 0.725513 0.140658 0.069475 0.067638
0 0.182073 0.916626 0.092922 0.089870
0 0.072429 0.945281 0.054373 0.053650
0 0.323361 0.501102 0.058470 0.056500
0 0.442011 0.291209 0.027379 0.027377
0 0.072983 0.810808 0.030550 0.030236
0 0.525200 0.050421 0.023879 0.023499
0 0.259035 0.589438 0.035658 0.034580
0 0.925196 0.645955 0.049140 0.046052
0 0.804443 0.884787 0.188977 0.177276
0 0.933138 0.074630 0.105384 0.101050
0 0.474333 0.639169 0.035051 0.033152
0 0.819897 0.953049 0.033031 0.031542
0 0.670651 0.802234 0.124680 0.117182
0 0.287720 0.645020 0.040707 0.040009
0 0.429189 0.197546 0.023415 0.022744
0 0.401936 0.406323 0.161480 0.157137
0 0.821456 0.255059 0.026311 0.025244
0 0.545818 0.128434 0.021722 0.021385
0 0.554019 0.042568 0.027905 0.028128
0 0.216884 0.056710 0.024798 0.024449
0 0.401382 0.321142 0.022603 0.022070
0 0.764121 0.055637 0.037785 0.036622
0 0.126764 0.123010 0.104886 0.104374
0 0.641010 0.892677 0.056574 0.054547
0 0.597593 0.335985 0.028400 0.028493
0 0.154172 0.989475 0.050157 0.020269
0 0.532301 0.679157 0.050577 0.048392
0 0.821132 0.990965 0.054774 0.018070
0 0.971594 0.133118 0.056568 0.123626
0 0.268926 0.410154 0.033066 0.031617
0 0.049997 0.796930 0.021065 0.020927
0 0.031107 0.411703 0.061463 0.066037
0 0.924414 0.856436 0.027909 0.027213
0 0.290777 0.268220 0.081332 0.076394
0 0.292113 0.372565 0.058086 0.056113
0 0.292992 0.715080 0.031148 0.030756
0 0.750435 0.793134 0.024165 0.023454
0 0.010843 0.202384 0.021475 0.076014
0 0.117343 0.625680 0.230680 0.358762
0 0.169644 0.214920 0.337715 0.404725
0 0.254186 0.019152 0.041135 0.037068
0 0.129948 0.973750 0.040611 0.038700
0 0.008859 0.645183 0.017649 0.085961
0 0.595537 0.471768 0.129900 0.125132
0 0.933959 0.466827 0.056925 0.054684
0 0.185920 0.823801 0.067335 0.066132
0 0.959008 0.376113 0.081983 0.169526
0 0.568635 0.987472 0.020426 0.020594
0 0.863284 0.784552 0.053746 0.050519
0 0.022110 0.028148 0.043185 0.055540
0 0.915640 0.969660 0.128386 0.060681
0 0.511562 0.439336 0.099778 0.102574
0 0.971001 0.709706 0.057998 0.111819
0 0.865303 0.072230 0.021465 0.021187
0 0.975557 0.899691 0.048275 0.088016
0 0.889812 0.153874 0.105941 0.102452
0 0.613587 0.861869 0.019705 0.019598
0 0.402686 0.087958 0.019793 0.019444
0 0.234689 0.554194 0.045281 0.043770
