0 0.613828 0.208816 0.218482 0.213194
0 0.447970 0.357241 0.025759 0.025774
0 0.120321 0.164793 0.135016 0.133047
0 0.371391 0.702042 0.027124 0.027661
0 0.679178 0.086466 0.029757 0.029537
0 0.462033 0.725127 0.037760 0.037213
0 0.804875 0.527398 0.073278 0.073545
0 0.555273 0.479003 0.026028 0.026095
0 0.340147 0.276962 0.060842 0.060371
0 0.159465 0.801634 0.028331 0.028206
0 0.617585 0.691297 0.027005 0.027265
0 0.117029 0.311402 0.058448 0.058267
0 0.898740 0.217286 0.059877 0.060402
0 0.320574 0.752550 0.084826 0.082981
0 0.602939 0.319495 0.058534 0.058118
0 0.054583 0.759386 0.031851 0.031737
0 0.640605 0.227336 0.025368 0.025524
0 0.690062 0.029338 0.089763 0.058676
0 0.684016 0.116525 0.029441 0.028941
0 0.549016 0.326495 0.043158 0.042836
0 0.657345 0.818238 0.047656 0.048036
0 0.162079 0.628504 0.023564 0.024048
0 0.413974 0.766727 0.024368 0.024876
0 0.266341 0.152982 0.063556 0.063559
0 0.264808 0.715145 0.056848 0.056192
0 0.268492 0.634805 0.024220 0.024158
0 0.140014 0.404917 0.025907 0.024842
0 0.374134 0.939833 0.032753 0.032705
0 0.200273 0.571647 0.021937 0.021956
0 0.902323 0.953738 0.046533 0.044878
0 0.383899 0.140758 0.023441 0.023738
0 0.395513 0.277797 0.028155 0.028225
0 0.815081 0.433811 0.022366 0.022564
0 0.743030 0.058281 0.035024 0.034825
0 0.464267 0.487373 0.042294 0.042642
0 0.322852 0.989913 0.028038 0.020175
0 0.160776 0.843299 0.056364 0.057007
0 0.017509 0.398258 0.022732 0.022529
0 0.849683 0.520945 0.295833 0.294530
0 0.335924 0.938277 0.034940 0.034858
0 0.079281 0.244001 0.053836 0.052660
0 0.779468 0.230563 0.036229 0.035928
0 0.620259 0.477948 0.090741 0.091492
0 0.258159 0.924676 0.054411 0.053645
0 0.400948 0.198122 0.021499 0.021125
0 0.491381 0.226749 0.024354 0.024639
0 0.715747 0.796311 0.068414 0.069189
0 0.314706 0.045792 0.039491 0.040778
0 0.177507 0.736696 0.035236 0.035794
0 0.597058 0.072942 0.041365 0.041514
0 0.539272 0.879596 0.023152 0.023546
0 0.809583 0.027979 0.172485 0.055943
0 0.285790 0.033860 0.022366 0.022230
0 0.547274 0.556048 0.021871 0.022533
0 0.021868 0.948781 0.021039 0.021155
0 0.911810 0.627087 0.113817 0.114174
0 0.317086 0.819126 0.022067 0.022331
0 0.855592 0.045584 0.022639 0.022498
0 0.870259 0.332677 0.150303 0.151492
0 0.056550 0.272645 0.019552 0.020138
0 0.399197 0.737733 0.026889 0.026891
0 0.497270 0.950400 0.026951 0.026435
0 0.010820 0.416781 0.018852 0.018780
0 0.315529 0.332805 0.085684 0.088999
0 0.043378 0.976413 0.048067 0.046199
0 0.944862 0.488163 0.019848 0.019905
0 0.114982 0.372778 0.020215 0.020874
0 0.492524 0.937035 0.022931 0.022227
0 0.285274 0.214221 0.021945 0.022376
0 0.326759 0.967404 0.022725 0.022142
0 0.342025 0.705078 0.030130 0.031448
0 0.093065 0.819100 0.026397 0.026416
0 0.136246 0.525420 0.085095 0.084986
0 0.064160 0.022731 0.052274 0.045461
0 0.229967 0.863956 0.031990 0.033683
