0 0.142860 0.233805 0.028337 0.028154
0 0.839076 0.067601 0.031639 0.031490
0 0.242303 0.626820 0.032248 0.032388
0 0.074018 0.342901 0.030210 0.030220
0 0.398367 0.025340 0.026306 0.026435
0 0.675321 0.085732 0.025981 0.025974
0 0.071355 0.554461 0.031822 0.031928
0 0.581421 0.525692 0.028421 0.028276
0 0.606766 0.227447 0.023602 0.023539
0 0.337932 0.246316 0.033943 0.034087
0 0.860417 0.919166 0.064612 0.064684
0 0.263237 0.437077 0.024919 0.025325
0 0.731035 0.206892 0.060648 0.061042
0 0.206923 0.259643 0.022274 0.022134
0 0.310873 0.070415 0.045342 0.045231
0 0.604694 0.641525 0.039037 0.038805
0 0.704308 0.387542 0.026572 0.026135
0 0.323264 0.118030 0.027755 0.027522
0 0.892645 0.159781 0.024259 0.024253
0 0.019330 0.411479 0.034490 0.034621
0 0.546099 0.472639 0.024745 0.024863
0 0.609091 0.851154 0.022812 0.022321
0 0.046218 0.171219 0.022955 0.022975
0 0.869115 0.839382 0.049100 0.049491
0 0.253624 0.412327 0.029142 0.029055
0 0.022577 0.973833 0.038288 0.037469
0 0.400715 0.092156 0.051245 0.050569
0 0.570070 0.349910 0.048264 0.047712
0 0.159775 0.414027 0.021159 0.021097
0 0.850534 0.455175 0.266796 0.265215
0 0.949385 0.376199 0.040396 0.041015
0 0.681228 0.889625 0.029992 0.029497
0 0.809208 0.238052 0.024565 0.024869
0 0.966184 0.271672 0.038896 0.039241
0 0.729094 0.109457 0.040463 0.040090
0 0.295077 0.905405 0.051444 0.051397
0 0.200763 0.611461 0.020441 0.020633
0 0.228796 0.532807 0.070763 0.070534
0 0.682754 0.647920 0.076248 0.075761
0 0.964370 0.202732 0.038011 0.038126
0 0.099638 0.839444 0.032827 0.032058
0 0.333343 0.306332 0.019963 0.019879
0 0.970714 0.683321 0.058249 0.086304
0 0.410993 0.180180 0.019786 0.019983
0 0.985743 0.360565 0.023726 0.023052
0 0.678888 0.726365 0.023429 0.023515
0 0.896097 0.590885 0.022362 0.022924
0 0.271524 0.858585 0.024030 0.023955
0 0.234354 0.466579 0.020070 0.019932
0 0.718877 0.526517 0.022954 0.022902
0 0.825827 0.728960 0.020778 0.021047
0 0.092201 0.062287 0.146564 0.123316
0 0.497391 0.288863 0.040243 0.040332
0 0.619530 0.326660 0.157825 0.160175
0 0.974825 0.522396 0.040666 0.040427
0 0.917711 0.012474 0.027660 0.024949
0 0.988512 0.139158 0.020532 0.021150
0 0.978786 0.544807 0.021416 0.020671
0 0.960708 0.400271 0.021911 0.021924
0 0.499169 0.141780 0.021238 0.021444
0 0.365152 0.183079 0.021487 0.021770
0 0.726800 0.665349 0.021390 0.020870
0 0.888742 0.792834 0.058948 0.059470
0 0.575468 0.450103 0.046149 0.045320
0 0.474463 0.670316 0.021037 0.021458
0 0.464951 0.093162 0.037464 0.038101
0 0.746239 0.059698 0.027118 0.026555
0 0.381854 0.490610 0.299681 0.296229
0 0.046892 0.992242 0.024823 0.015516
0 0.111595 0.321111 0.019226 0.018756
0 0.600085 0.912949 0.227970 0.173849
0 0.986700 0.164613 0.026601 0.037949
0 0.060019 0.026607 0.017018 0.017574
0 0.555326 0.423374 0.022116 0.021673
0 0.122127 0.028363 0.018451 0.018722
0 0.902308 0.031432 0.027529 0.028028
0 0.773677 0.328501 0.038014 0.037715
0 0.800844 0.719525 0.020252 0.020246
0 0.650899 0.047330 0.019321 0.019274
0 0.069643 0.275008 0.023302 0.023674
0 0.646934 0.453675 0.019729 0.020129
0 0.485487 0.403243 0.093588 0.092394
0 0.164570 0.515056 0.045856 0.046434
0 0.515102 0.017001 0.051183 0.033910
0 0.077796 0.633347 0.020934 0.020880
0 0.990195 0.033220 0.019549 0.029526
0 0.893661 0.754757 0.026901 0.026842
0 0.992569 0.331481 0.014863 0.032046
0 0.848805 0.013098 0.019090 0.019165
0 0.547342 0.151790 0.020935 0.021899
0 0.961193 0.130949 0.028080 0.028809
0 0.874085 0.070919 0.018810 0.018900
0 0.213889 0.684536 0.078887 0.080301
0 0.032870 0.379616 0.033632 0.032725
0 0.139662 0.771663 0.273314 0.270088
0 0.031714 0.504200 0.038358 0.037947
0 0.127503 0.363128 0.018724 0.018778
0 0.704693 0.177331 0.020246 0.019131
0 0.538322 0.919401 0.022080 0.022808
0 0.681178 0.011764 0.021570 0.022272
0 0.652003 0.707070 0.047310 0.047477
0 0.105278 0.658019 0.032287 0.031784
0 0.371213 0.237324 0.019291 0.019174
0 0.212778 0.033767 0.017942 0.019016
0 0.544426 0.326340 0.019756 0.019153
0 0.993902 0.319448 0.011706 0.048076
0 0.419116 0.646304 0.020508 0.020269
0 0.493271 0.228889 0.029642 0.028958
0 0.889108 0.470994 0.020813 0.020614
0 0.288091 0.692350 0.025253 0.026356
0 0.647914 0.090947 0.020523 0.020627
0 0.563902 0.743698 0.024012 0.024074
0 0.811061 0.526376 0.045937 0.045460
0 0.809575 0.657252 0.020962 0.021002
