0 0.779237 0.063054 0.040823 0.040303
0 0.782097 0.829716 0.040464 0.038380
0 0.984498 0.142731 0.030629 0.030543
0 0.533550 0.771287 0.026031 0.025268
0 0.261270 0.134739 0.038555 0.037159
0 0.070438 0.790456 0.024026 0.022888
0 0.439842 0.213140 0.028073 0.027730
0 0.986768 0.026092 0.025758 0.026899
0 0.554934 0.919449 0.031256 0.030909
0 0.700856 0.551666 0.038401 0.036681
0 0.808898 0.513308 0.029448 0.028491
0 0.801699 0.036741 0.038094 0.037680
0 0.893877 0.354508 0.021320 0.021051
0 0.132333 0.343565 0.031105 0.029439
