0 0.869743 0.511830 0.236144 0.234571
0 0.883702 0.914747 0.033445 0.033036
0 0.522125 0.494832 0.028432 0.029018
0 0.851530 0.012926 0.026143 0.025309
0 0.724870 0.943205 0.040707 0.040305
0 0.622565 0.242622 0.024801 0.024585
0 0.924184 0.093557 0.028809 0.028537
0 0.080665 0.185798 0.116982 0.118673
0 0.794349 0.068071 0.023815 0.023799
0 0.649629 0.595348 0.028301 0.028221
0 0.660410 0.045110 0.025200 0.025045
0 0.143557 0.278161 0.140363 0.141529
0 0.661372 0.560055 0.056176 0.055241
0 0.078149 0.649691 0.022272 0.022303
0 0.675882 0.869149 0.048870 0.048158
0 0.778565 0.367397 0.026151 0.025924
0 0.651628 0.752960 0.037702 0.037278
0 0.815610 0.625257 0.023832 0.023772
0 0.814019 0.413651 0.044505 0.043714
0 0.204613 0.498150 0.396614 0.390494
0 0.597029 0.315863 0.032426 0.032363
0 0.835796 0.691792 0.025843 0.026118
0 0.405497 0.449306 0.061166 0.061226
0 0.638328 0.959805 0.024033 0.024018
0 0.726307 0.401148 0.021729 0.022002
0 0.166513 0.057408 0.026313 0.026449
0 0.462790 0.610397 0.083898 0.084674
0 0.577928 0.017675 0.035604 0.034150
0 0.019046 0.346164 0.034646 0.034699
0 0.833712 0.380602 0.042037 0.041603
0 0.679216 0.067534 0.026522 0.026416
0 0.013568 0.895574 0.027137 0.048842
0 0.740070 0.666076 0.050609 0.051503
0 0.755994 0.151895 0.021972 0.021774
0 0.618413 0.567756 0.031959 0.031863
0 0.964520 0.298275 0.070961 0.133103
0 0.010923 0.830832 0.021011 0.021457
0 0.814615 0.490549 0.028131 0.028525
0 0.801019 0.712098 0.062408 0.060201
0 0.181863 0.703258 0.339429 0.295194
0 0.693881 0.478409 0.026545 0.026112
0 0.800061 0.649102 0.023589 0.023831
0 0.574449 0.586785 0.025788 0.026046
0 0.655873 0.290732 0.036340 0.036493
0 0.897442 0.773735 0.087117 0.088114
0 0.614520 0.370577 0.021572 0.021631
0 0.924427 0.823753 0.022216 0.022200
0 0.036028 0.775147 0.024637 0.025197
0 0.941236 0.166671 0.116575 0.144349
0 0.675000 0.787187 0.028477 0.028197
0 0.022470 0.204222 0.026542 0.026406
0 0.022113 0.252182 0.042353 0.045215
0 0.854167 0.674017 0.020634 0.019789
0 0.708339 0.458471 0.021201 0.020565
0 0.784600 0.341904 0.023922 0.024436
0 0.772340 0.243449 0.021602 0.021378
0 0.734739 0.031054 0.020428 0.020397
0 0.047833 0.300994 0.055939 0.056849
0 0.921896 0.156314 0.020080 0.020544
0 0.375482 0.981944 0.021689 0.021422
0 0.713787 0.605877 0.085684 0.081386
0 0.203601 0.213621 0.039276 0.040040
0 0.805410 0.229649 0.023711 0.023892
0 0.356188 0.099294 0.029865 0.030195
0 0.980869 0.862362 0.022940 0.023055
0 0.120071 0.902007 0.021661 0.022079
0 0.718931 0.829379 0.021625 0.021603
0 0.647435 0.265117 0.038505 0.038557
0 0.628362 0.894286 0.037849 0.037877
0 0.711118 0.063224 0.034450 0.034510
0 0.012856 0.606861 0.023503 0.026146
0 0.756361 0.919016 0.019069 0.019290
0 0.747185 0.364768 0.019458 0.019442
0 0.559232 0.304518 0.018993 0.018797
0 0.793803 0.271339 0.019900 0.019145
0 0.397981 0.829169 0.019602 0.018602
0 0.587235 0.990388 0.028521 0.019224
0 0.613290 0.104674 0.212113 0.203593
0 0.927983 0.746301 0.024767 0.024843
0 0.582052 0.693911 0.035235 0.034958
0 0.736342 0.613780 0.065581 0.065535
0 0.285973 0.860328 0.020492 0.020457
0 0.795596 0.289046 0.019060 0.019309
0 0.663959 0.131687 0.072912 0.074010
0 0.371108 0.157162 0.039644 0.039646
0 0.554525 0.664760 0.028258 0.028701
0 0.973065 0.384008 0.044856 0.044238
0 0.189545 0.774206 0.020584 0.020819
0 0.674589 0.317904 0.035712 0.035219
0 0.822815 0.928066 0.020000 0.019945
0 0.893957 0.368106 0.044377 0.044877
0 0.369318 0.825724 0.027188 0.026903
