0 0.802865 0.832321 0.164777 0.168042
0 0.775764 0.530659 0.028682 0.028677
0 0.582467 0.849488 0.179143 0.177818
0 0.348489 0.417525 0.078653 0.079001
0 0.720597 0.648102 0.028856 0.028476
0 0.330891 0.783003 0.058674 0.058689
0 0.061168 0.783383 0.038754 0.039016
0 0.245798 0.753313 0.072535 0.071512
0 0.848704 0.694556 0.029919 0.030158
0 0.824865 0.165510 0.274988 0.280793
0 0.881437 0.736959 0.043604 0.043397
0 0.303102 0.880972 0.040960 0.040569
0 0.874598 0.309492 0.024932 0.024802
0 0.154686 0.486362 0.030381 0.030380
0 0.421960 0.966674 0.028927 0.028613
0 0.191329 0.781908 0.047373 0.047766
0 0.924833 0.436199 0.026893 0.026965
0 0.898690 0.529690 0.024194 0.024002
0 0.348497 0.964894 0.039003 0.038558
0 0.244968 0.479952 0.028747 0.028277
0 0.757935 0.644561 0.021456 0.021551
0 0.892611 0.436531 0.024832 0.024722
0 0.499852 0.945782 0.026681 0.026773
0 0.282131 0.975840 0.025174 0.025433
0 0.816313 0.564219 0.029079 0.029716
0 0.505620 0.881091 0.033787 0.033727
0 0.312260 0.948374 0.030405 0.030223
0 0.478766 0.733125 0.030571 0.030692
0 0.443049 0.852977 0.032799 0.033175
0 0.634562 0.602944 0.066401 0.067140
0 0.193323 0.869297 0.033970 0.034072
0 0.129461 0.581174 0.066253 0.066577
0 0.278161 0.526313 0.021903 0.021792
0 0.642748 0.715614 0.021703 0.021750
0 0.362119 0.889754 0.037063 0.035904
0 0.085699 0.821996 0.028481 0.028113
0 0.601787 0.803589 0.059201 0.058809
0 0.294929 0.479539 0.022945 0.023355
0 0.392918 0.894781 0.025440 0.025450
0 0.530610 0.402740 0.030265 0.030500
0 0.331374 0.850715 0.033785 0.034502
0 0.694783 0.282568 0.025672 0.025737
0 0.762606 0.383488 0.234411 0.227898
0 0.125578 0.498156 0.022133 0.021904
0 0.130680 0.882052 0.032179 0.031846
0 0.287693 0.557791 0.027677 0.027271
0 0.599865 0.597378 0.024574 0.025008
0 0.060832 0.443855 0.024872 0.024680
0 0.586245 0.559969 0.033648 0.034081
0 0.194046 0.748266 0.030973 0.031433
0 0.295409 0.437381 0.024991 0.025330
0 0.216546 0.463522 0.037368 0.038262
0 0.769052 0.928499 0.347004 0.143001
0 0.244704 0.841564 0.025993 0.024951
0 0.482467 0.202405 0.021027 0.020822
0 0.260052 0.815775 0.025009 0.025471
0 0.227789 0.418842 0.051300 0.051576
0 0.298778 0.071891 0.042222 0.044179
0 0.959748 0.396057 0.065064 0.066304
0 0.353040 0.868059 0.026461 0.025439
0 0.290194 0.229154 0.127963 0.126038
0 0.515635 0.518235 0.067561 0.067414
0 0.330397 0.672085 0.020620 0.020664
0 0.702903 0.712651 0.019336 0.019563
0 0.262546 0.893079 0.020494 0.020864
0 0.387948 0.989315 0.023688 0.021129
0 0.147979 0.739184 0.021868 0.022400
0 0.391098 0.914238 0.022233 0.021657
0 0.243072 0.938983 0.019832 0.019847
0 0.163664 0.674763 0.021434 0.021679
0 0.603414 0.240864 0.022306 0.022644
0 0.325622 0.476206 0.019619 0.019704
0 0.185177 0.927654 0.020586 0.020745
0 0.239478 0.586089 0.030421 0.030249
0 0.871990 0.449513 0.020937 0.020578
0 0.990910 0.912710 0.018149 0.024387
0 0.356425 0.338050 0.019007 0.019131
0 0.156666 0.859415 0.022321 0.022121
0 0.792402 0.773559 0.028824 0.030667
0 0.929767 0.328185 0.094393 0.095591
