0 0.469085 0.049823 0.103880 0.098513
0 0.410176 0.462673 0.022106 0.022087
0 0.145115 0.264017 0.034378 0.034336
0 0.834787 0.437412 0.025992 0.025623
0 0.254142 0.469963 0.028905 0.029155
0 0.030288 0.747985 0.026563 0.026409
0 0.062487 0.261129 0.058948 0.059145
0 0.577278 0.673260 0.029305 0.029521
0 0.821867 0.404915 0.030334 0.029631
0 0.481561 0.778138 0.026929 0.027651
0 0.773776 0.389549 0.021087 0.020651
0 0.666192 0.561764 0.059871 0.059677
0 0.265042 0.314833 0.024285 0.024224
0 0.937709 0.199130 0.018871 0.018605
0 0.212280 0.795170 0.022015 0.022077
0 0.099492 0.881500 0.022100 0.022078
0 0.563418 0.580625 0.020593 0.020411
0 0.701146 0.887625 0.025471 0.025302
0 0.364022 0.222016 0.048969 0.048631
0 0.202797 0.249246 0.022589 0.022734
0 0.482981 0.865686 0.018066 0.018097
0 0.424767 0.566682 0.021236 0.021777
0 0.889038 0.389480 0.019075 0.019173
0 0.175906 0.237949 0.036268 0.037075
0 0.019946 0.109579 0.039484 0.140223
0 0.495903 0.757245 0.025854 0.026448
0 0.028971 0.291904 0.024725 0.024999
0 0.447280 0.953189 0.021309 0.021697
0 0.118666 0.087189 0.037857 0.038788
0 0.621003 0.470085 0.020509 0.020494
0 0.421071 0.781293 0.059402 0.060764
0 0.909701 0.457736 0.026434 0.027315
0 0.617080 0.822886 0.035019 0.034631
0 0.692829 0.077236 0.038730 0.038719
0 0.158965 0.123818 0.040402 0.038971
0 0.013296 0.268024 0.026593 0.037685
0 0.610545 0.231930 0.031950 0.031963
0 0.410611 0.654872 0.069662 0.070158
0 0.304583 0.411521 0.022790 0.022330
0 0.008555 0.298103 0.016729 0.017804
0 0.367986 0.277534 0.027165 0.027411
0 0.479562 0.240384 0.018846 0.019001
0 0.470915 0.938587 0.019439 0.019546
0 0.039973 0.919566 0.079572 0.152000
0 0.234644 0.218425 0.045739 0.045942
0 0.643675 0.689361 0.071791 0.072244
0 0.856053 0.265750 0.017189 0.017381
0 0.715262 0.947371 0.030231 0.030218
