0 0.116432 0.860944 0.130737 0.121414
0 0.700631 0.476330 0.045449 0.044053
0 0.558095 0.277104 0.038830 0.037695
0 0.353951 0.880461 0.028044 0.026934
0 0.240295 0.112132 0.037046 0.035136
0 0.726248 0.796672 0.064401 0.061116
0 0.590027 0.035782 0.138364 0.071188
0 0.320648 0.658006 0.037355 0.036425
0 0.628892 0.703052 0.038346 0.037094
0 0.485085 0.391709 0.025386 0.024834
0 0.805265 0.317430 0.027301 0.027237
0 0.071358 0.234379 0.024402 0.023651
0 0.195937 0.657385 0.076491 0.075895
0 0.981455 0.137932 0.028112 0.028415
0 0.524404 0.837974 0.023004 0.022940
0 0.640765 0.386104 0.022741 0.022011
0 0.640073 0.444714 0.021851 0.021682
0 0.272751 0.642505 0.071300 0.066139
0 0.975952 0.186937 0.024832 0.023769
