0 0.362166 0.245377 0.088830 0.086383
0 0.873246 0.839399 0.031705 0.030598
0 0.643693 0.399365 0.038134 0.038028
0 0.503918 0.542559 0.030549 0.030084
0 0.842903 0.342745 0.092901 0.091500
0 0.223721 0.487987 0.042641 0.041942
0 0.755870 0.530752 0.026467 0.026088
0 0.532796 0.050109 0.128584 0.100217
0 0.169524 0.416447 0.026056 0.026233
0 0.071394 0.394578 0.027375 0.027191
0 0.758625 0.241357 0.091942 0.090930
0 0.455049 0.309477 0.027039 0.026438
0 0.688331 0.705422 0.023906 0.023690
0 0.343592 0.070633 0.032184 0.031431
0 0.471816 0.379823 0.049236 0.048993
0 0.427808 0.377455 0.029666 0.029703
0 0.986449 0.563190 0.025207 0.025511
0 0.547810 0.672500 0.096975 0.092700
0 0.707705 0.331596 0.039816 0.039568
0 0.900449 0.207682 0.040269 0.040198
0 0.669646 0.850818 0.057242 0.057171
0 0.650340 0.348203 0.043182 0.042702
0 0.587445 0.719591 0.050822 0.050295
0 0.396327 0.719375 0.025754 0.025787
0 0.738327 0.457039 0.036918 0.036669
0 0.175796 0.214666 0.043147 0.043563
0 0.051275 0.958279 0.026140 0.025446
0 0.843371 0.632294 0.041034 0.040613
0 0.494773 0.725655 0.051073 0.049852
0 0.763342 0.649072 0.021890 0.022242
0 0.536234 0.587457 0.022905 0.022608
0 0.767233 0.825388 0.053651 0.053082
0 0.743205 0.332527 0.026431 0.025960
0 0.243538 0.211414 0.029115 0.028501
0 0.137272 0.266429 0.039742 0.039597
0 0.958075 0.193865 0.080344 0.081280
0 0.690086 0.745447 0.031574 0.029781
0 0.444832 0.256615 0.052601 0.051417
0 0.567739 0.180644 0.046351 0.047098
0 0.517382 0.398958 0.049500 0.049068
0 0.431658 0.184868 0.111703 0.107707
0 0.741902 0.307038 0.040933 0.041742
0 0.358466 0.501177 0.039703 0.038043
0 0.603267 0.071847 0.022535 0.022166
0 0.548906 0.298784 0.084845 0.084014
0 0.751434 0.434187 0.022723 0.022537
0 0.254902 0.807155 0.101027 0.100598
0 0.490104 0.914475 0.112885 0.112769
0 0.189931 0.705921 0.024991 0.025088
0 0.330330 0.534515 0.033612 0.033730
0 0.719393 0.392120 0.022355 0.022120
0 0.560711 0.364328 0.021545 0.021807
0 0.741726 0.987084 0.052372 0.025833
0 0.148311 0.552339 0.034854 0.034964
0 0.140488 0.703861 0.087887 0.088196
0 0.434725 0.988726 0.036377 0.022547
0 0.330080 0.363868 0.041564 0.041727
0 0.737101 0.419347 0.020880 0.021289
0 0.949289 0.366943 0.064263 0.064607
0 0.237119 0.765514 0.023474 0.023294
0 0.196849 0.045926 0.063959 0.063440
0 0.586778 0.974370 0.089576 0.049714
0 0.503742 0.329683 0.038857 0.039733
0 0.680199 0.226578 0.071231 0.072811
0 0.339418 0.788392 0.027455 0.027710
0 0.269142 0.261755 0.044939 0.044712
0 0.513101 0.971090 0.058864 0.055415
0 0.903760 0.781302 0.021597 0.020856
0 0.712777 0.191964 0.044288 0.044425
0 0.368674 0.681107 0.020859 0.020154
0 0.823964 0.515303 0.060801 0.059723
0 0.774157 0.681156 0.019579 0.019809
0 0.807582 0.059485 0.072539 0.072156
0 0.061132 0.633018 0.121812 0.183355
0 0.354198 0.657053 0.291148 0.274517
0 0.443821 0.732325 0.027409 0.026449
0 0.826775 0.283275 0.052119 0.054230
0 0.292043 0.019975 0.124937 0.039573
0 0.273324 0.866484 0.038766 0.038705
0 0.870316 0.541124 0.020399 0.019832
0 0.324239 0.092000 0.022111 0.021994
0 0.162652 0.589901 0.020465 0.020511
0 0.352802 0.345713 0.021641 0.021257
0 0.645872 0.061380 0.042724 0.042776
0 0.762823 0.784888 0.050815 0.048457
0 0.769007 0.419886 0.022185 0.022645
0 0.418047 0.397915 0.020876 0.020836
0 0.721154 0.842497 0.044952 0.043987
0 0.370305 0.033614 0.019021 0.019441
0 0.892961 0.793128 0.213906 0.388559
0 0.189873 0.451772 0.031639 0.032378
0 0.158670 0.059860 0.063792 0.061332
0 0.550878 0.825979 0.022928 0.022948
0 0.232002 0.411701 0.020715 0.020414
0 0.349472 0.396276 0.025945 0.025480
0 0.040793 0.544209 0.021275 0.021624
0 0.137093 0.896017 0.274185 0.205832
0 0.920103 0.885923 0.019828 0.019461
0 0.015760 0.459415 0.019607 0.018566
0 0.396135 0.339284 0.058510 0.059215
0 0.262924 0.030733 0.035220 0.034123
0 0.978993 0.717957 0.023303 0.023146
0 0.444368 0.556494 0.024416 0.024623
0 0.045930 0.024809 0.091770 0.048754
0 0.470969 0.749103 0.022617 0.021120
0 0.889992 0.570425 0.021499 0.020820
0 0.544354 0.721620 0.026071 0.024470
0 0.935944 0.037230 0.103971 0.073943
0 0.769858 0.964053 0.032205 0.032181
0 0.517903 0.444885 0.038829 0.037796
0 0.269135 0.183904 0.042273 0.041541
