0 0.444389 0.539799 0.066817 0.065764
0 0.339369 0.525293 0.038227 0.037856
0 0.608111 0.618914 0.050480 0.050726
0 0.403123 0.065296 0.046508 0.046424
0 0.793129 0.033045 0.039617 0.039283
0 0.276757 0.680548 0.064392 0.062980
0 0.820306 0.416403 0.036691 0.036610
0 0.078760 0.883578 0.026625 0.026517
0 0.325466 0.561473 0.041566 0.041180
0 0.441841 0.178026 0.032270 0.031806
0 0.944232 0.584495 0.037863 0.037655
0 0.848543 0.694678 0.035335 0.035338
0 0.927825 0.516329 0.025842 0.025787
0 0.474264 0.788244 0.028773 0.028219
0 0.426987 0.133442 0.032621 0.032954
0 0.882875 0.884138 0.026494 0.026165
0 0.963569 0.738295 0.033123 0.033115
0 0.978868 0.587641 0.039592 0.041340
0 0.924525 0.987249 0.027793 0.025502
0 0.028785 0.924333 0.026433 0.025272
0 0.841897 0.963267 0.031410 0.031257
0 0.614047 0.393308 0.024611 0.024333
0 0.927317 0.475221 0.023855 0.023820
0 0.697121 0.843042 0.055015 0.055043
0 0.798718 0.578262 0.028266 0.028604
0 0.293151 0.476063 0.032949 0.032808
0 0.109196 0.523553 0.036271 0.035580
0 0.389795 0.133216 0.033980 0.033719
0 0.464039 0.362939 0.024372 0.024893
0 0.629131 0.697805 0.022795 0.022782
0 0.037408 0.874340 0.022904 0.022451
0 0.913859 0.180958 0.025690 0.025671
0 0.731975 0.654503 0.027840 0.028019
0 0.341382 0.609643 0.033654 0.032691
0 0.725652 0.549497 0.023860 0.023889
0 0.881577 0.161879 0.023232 0.023262
0 0.389818 0.398953 0.022262 0.022513
0 0.319017 0.631968 0.037712 0.037703
0 0.993710 0.417084 0.012579 0.026504
0 0.833260 0.588696 0.022697 0.022947
0 0.278203 0.420683 0.025236 0.025254
0 0.358853 0.787773 0.023469 0.023598
0 0.737382 0.880900 0.023243 0.022954
0 0.122628 0.656950 0.021885 0.021522
0 0.037459 0.176845 0.074918 0.088653
0 0.060678 0.517576 0.021128 0.021247
0 0.672367 0.190771 0.026459 0.026985
0 0.523572 0.184757 0.020373 0.020333
0 0.514502 0.450417 0.019970 0.020153
0 0.232422 0.446288 0.029690 0.029658
