0 0.476549 0.174940 0.043181 0.043093
0 0.585762 0.670037 0.059261 0.058597
0 0.444534 0.312312 0.036215 0.035864
0 0.952414 0.360920 0.095172 0.128059
0 0.306609 0.129979 0.074252 0.074734
0 0.745688 0.081755 0.070347 0.070073
0 0.692419 0.794064 0.031428 0.031427
0 0.806704 0.108156 0.075047 0.076126
0 0.698869 0.416723 0.026586 0.026220
0 0.467870 0.447984 0.024281 0.024316
0 0.521023 0.863537 0.023382 0.023141
0 0.860198 0.286231 0.023413 0.024003
0 0.899834 0.871914 0.021599 0.021413
0 0.748933 0.565126 0.032969 0.032987
0 0.297774 0.683025 0.022118 0.022136
0 0.797302 0.249724 0.023492 0.023608
0 0.424731 0.707475 0.028251 0.028323
0 0.212678 0.900002 0.022251 0.022433
0 0.704505 0.895883 0.026908 0.026917
0 0.494373 0.469910 0.029001 0.028729
0 0.242744 0.691273 0.020338 0.020386
0 0.508495 0.498713 0.024864 0.025603
0 0.425965 0.431425 0.031223 0.030669
0 0.314016 0.789454 0.019743 0.019978
0 0.751835 0.536527 0.031254 0.031409
0 0.812384 0.274067 0.031541 0.031390
0 0.020609 0.296019 0.020621 0.020438
0 0.647441 0.470143 0.027420 0.027263
0 0.912949 0.736359 0.025790 0.025442
0 0.022290 0.224478 0.025809 0.025800
0 0.246613 0.671722 0.019972 0.019722
0 0.226188 0.677822 0.250974 0.248177
0 0.673352 0.432455 0.020305 0.020423
