0 0.573228 0.321115 0.334622 0.274974
0 0.134250 0.731536 0.055469 0.041955
0 0.960552 0.406431 0.050055 0.038575
0 0.954776 0.732542 0.090417 0.075136
0 0.260711 0.395564 0.063760 0.047147
0 0.419448 0.211380 0.051135 0.040719
0 0.329037 0.629389 0.068484 0.049022
0 0.246162 0.189907 0.053432 0.040313
0 0.518655 0.486922 0.049023 0.035865
0 0.822435 0.352133 0.059130 0.045988
0 0.090247 0.668830 0.091963 0.064647
0 0.652677 0.496939 0.055684 0.042410
0 0.359877 0.809040 0.308408 0.207088
0 0.609847 0.471275 0.053982 0.039854
0 0.174955 0.178698 0.198826 0.158216
0 0.700226 0.525905 0.076303 0.054711
0 0.754245 0.771509 0.049851 0.036993
0 0.470023 0.565331 0.039663 0.031938
0 0.918954 0.166003 0.043167 0.035528
0 0.265372 0.616458 0.049471 0.032739
0 0.771654 0.296589 0.046367 0.033615
0 0.808246 0.779242 0.042457 0.033263
0 0.718067 0.848408 0.070516 0.056293
0 0.238247 0.645422 0.038464 0.030795
0 0.111791 0.526768 0.042491 0.031056
0 0.914681 0.313493 0.050779 0.037353
0 0.730657 0.503787 0.049204 0.038970
0 0.387373 0.627960 0.042602 0.032320
0 0.760776 0.887452 0.150526 0.109548
0 0.955225 0.472054 0.076869 0.057629
0 0.733446 0.382868 0.054742 0.038454
0 0.709349 0.141147 0.057626 0.046283
0 0.131240 0.832430 0.127437 0.084747
0 0.918693 0.514186 0.051692 0.038355
0 0.234584 0.298178 0.040419 0.031213
0 0.375793 0.520953 0.159229 0.127414
0 0.826320 0.526457 0.132493 0.095415
0 0.193080 0.634695 0.052850 0.041880
0 0.075552 0.030555 0.089109 0.060631
