0 0.489805 0.755616 0.032302 0.031000
0 0.489757 0.934581 0.038207 0.037822
0 0.126417 0.310045 0.032216 0.030946
0 0.336253 0.913420 0.029312 0.028973
0 0.445631 0.604881 0.066280 0.065043
0 0.546136 0.877248 0.030399 0.029879
0 0.423842 0.242835 0.029798 0.029204
0 0.284995 0.913597 0.029006 0.028918
0 0.306166 0.315797 0.063138 0.062034
0 0.449631 0.476490 0.197794 0.190096
0 0.441601 0.662759 0.057512 0.054471
0 0.422977 0.355225 0.066207 0.065637
0 0.375637 0.540088 0.025079 0.024952
0 0.590722 0.494894 0.028078 0.027845
0 0.089556 0.740196 0.079029 0.075478
0 0.267627 0.219157 0.052385 0.051229
0 0.374536 0.287884 0.029884 0.029249
0 0.031842 0.332301 0.048473 0.046956
0 0.231796 0.318763 0.092288 0.094128
0 0.306840 0.740755 0.028474 0.027360
0 0.024248 0.414926 0.025340 0.024559
0 0.960052 0.323488 0.037930 0.034976
0 0.466748 0.113795 0.031752 0.031408
0 0.398906 0.892169 0.043101 0.042529
0 0.521620 0.711857 0.029458 0.028991
0 0.559038 0.169888 0.025168 0.024189
0 0.565713 0.087630 0.024144 0.024226
0 0.720166 0.985586 0.028664 0.027531
0 0.318838 0.067029 0.105398 0.096674
0 0.433793 0.560088 0.046624 0.045856
0 0.939635 0.619235 0.024518 0.024129
0 0.379388 0.244203 0.023184 0.023440
0 0.508483 0.857940 0.046568 0.044537
0 0.830933 0.820392 0.324400 0.359217
0 0.695777 0.654932 0.028371 0.027009
0 0.644616 0.694537 0.132134 0.129001
0 0.172991 0.336503 0.025538 0.025919
0 0.057324 0.543498 0.021914 0.022292
0 0.593892 0.620701 0.026474 0.026608
0 0.486038 0.967355 0.022606 0.021876
0 0.113675 0.961316 0.082638 0.073469
0 0.800937 0.203080 0.079172 0.074692
0 0.325058 0.049783 0.034888 0.031919
0 0.413822 0.437578 0.020733 0.020828
0 0.024942 0.217727 0.049884 0.064227
0 0.288287 0.765390 0.022081 0.022024
0 0.202395 0.421876 0.022968 0.022528
0 0.614157 0.007886 0.026591 0.015773
0 0.286935 0.834450 0.157957 0.148205
0 0.276037 0.712512 0.022969 0.022692
0 0.438129 0.052258 0.023649 0.022474
0 0.567770 0.736556 0.044245 0.042809
0 0.967024 0.299206 0.025685 0.025404
0 0.012694 0.370223 0.024905 0.047060
0 0.420571 0.842709 0.021697 0.020703
0 0.183882 0.437618 0.021892 0.021470
0 0.202127 0.915707 0.104356 0.098349
0 0.813917 0.344253 0.080565 0.077857
0 0.386317 0.321107 0.038849 0.038585
0 0.925843 0.076009 0.020382 0.019450
0 0.558035 0.844132 0.026055 0.026554
0 0.845131 0.630572 0.020940 0.020167
0 0.047270 0.484958 0.058944 0.056726
0 0.259611 0.333544 0.021314 0.022220
0 0.590190 0.916122 0.019610 0.019412
0 0.036554 0.961023 0.071627 0.077954
0 0.391654 0.665916 0.040343 0.038481
0 0.502128 0.422540 0.107224 0.103686
0 0.594141 0.043162 0.021306 0.020086
0 0.678821 0.593365 0.054045 0.049292
0 0.163503 0.404455 0.049419 0.048833
