0 0.274365 0.236669 0.026084 0.025647
0 0.125108 0.828125 0.250216 0.290767
0 0.066858 0.276706 0.024737 0.025032
0 0.922799 0.302994 0.033098 0.032815
0 0.083172 0.656414 0.028695 0.029061
0 0.552014 0.938998 0.041380 0.041840
0 0.912997 0.103164 0.026584 0.026082
0 0.129726 0.246626 0.026247 0.026867
0 0.250513 0.380347 0.034889 0.035206
0 0.258843 0.293434 0.049906 0.049933
0 0.164213 0.576372 0.054533 0.055568
0 0.209715 0.109094 0.022262 0.022438
0 0.765304 0.114682 0.023046 0.022819
0 0.161833 0.667573 0.050253 0.050797
0 0.293545 0.961924 0.076880 0.074693
0 0.516969 0.424045 0.148790 0.149089
0 0.927307 0.934973 0.046070 0.045969
0 0.223034 0.438007 0.022660 0.022462
0 0.619041 0.989548 0.034239 0.020355
0 0.665743 0.720182 0.025848 0.025946
0 0.813402 0.335857 0.188451 0.192042
0 0.967046 0.343458 0.026169 0.025957
0 0.107194 0.319121 0.029575 0.029335
0 0.079727 0.682771 0.023384 0.023695
0 0.762075 0.534591 0.169881 0.169816
0 0.014426 0.181952 0.028102 0.035245
0 0.881096 0.166443 0.022101 0.022070
0 0.109651 0.616978 0.029946 0.030042
0 0.032270 0.208579 0.036890 0.037199
0 0.259269 0.919206 0.032466 0.033294
0 0.096122 0.636896 0.021995 0.022182
0 0.492173 0.095762 0.021226 0.020927
0 0.078421 0.983326 0.020007 0.020471
0 0.877251 0.234475 0.040350 0.039484
0 0.379816 0.923201 0.043764 0.044024
0 0.060733 0.095996 0.020975 0.020992
0 0.692163 0.901590 0.024053 0.024141
0 0.685862 0.836191 0.039559 0.039447
0 0.986593 0.942863 0.026610 0.044527
0 0.619126 0.500707 0.146328 0.147568
0 0.927160 0.784302 0.145679 0.309950
0 0.831649 0.424901 0.022406 0.022836
0 0.155832 0.622881 0.031871 0.032218
0 0.275405 0.328925 0.019647 0.019440
0 0.186215 0.278346 0.039082 0.039813
0 0.468254 0.333942 0.057042 0.058230
0 0.876485 0.156087 0.215975 0.214290
0 0.277216 0.380449 0.021514 0.021351
0 0.534932 0.979796 0.021025 0.020752
0 0.447649 0.205010 0.019859 0.019873
0 0.987580 0.292929 0.024839 0.036142
0 0.703196 0.800206 0.054791 0.052531
0 0.249636 0.023847 0.236958 0.047693
0 0.654881 0.790959 0.026767 0.027090
0 0.476494 0.446545 0.023878 0.024113
0 0.801695 0.011716 0.020590 0.020966
0 0.037139 0.008436 0.063841 0.016873
0 0.405274 0.989332 0.077460 0.021336
0 0.874584 0.497821 0.020768 0.021141
0 0.587408 0.223050 0.045142 0.046032
0 0.663320 0.595860 0.064266 0.063212
0 0.800974 0.055404 0.065649 0.066102
0 0.354185 0.906214 0.038465 0.039725
0 0.216559 0.971014 0.084085 0.057973
0 0.154245 0.135579 0.052304 0.051382
0 0.869544 0.443700 0.035309 0.035571
0 0.888816 0.622761 0.134868 0.142229
