0 0.616896 0.729589 0.209903 0.207425
0 0.187556 0.247897 0.247183 0.239931
0 0.058103 0.095985 0.061364 0.060114
0 0.087198 0.444193 0.066983 0.066821
0 0.183512 0.117285 0.033633 0.033503
0 0.236690 0.064124 0.032748 0.032487
0 0.777756 0.486628 0.047006 0.047187
0 0.608829 0.477016 0.053079 0.051722
0 0.351180 0.838875 0.027975 0.027848
0 0.581766 0.170379 0.043716 0.044664
0 0.723600 0.395899 0.035810 0.035457
0 0.401991 0.755436 0.028120 0.027600
0 0.055454 0.163496 0.047824 0.047809
0 0.200915 0.447361 0.166603 0.164438
0 0.968233 0.340708 0.028439 0.028334
0 0.791806 0.257640 0.177489 0.176807
0 0.494020 0.934130 0.096707 0.094964
0 0.390301 0.146767 0.030971 0.031387
0 0.795980 0.807087 0.042642 0.042549
0 0.421061 0.178214 0.027147 0.027535
0 0.825816 0.013777 0.030511 0.027520
0 0.629351 0.101074 0.056232 0.056625
0 0.457771 0.369141 0.048676 0.047344
0 0.030467 0.420745 0.028597 0.027833
0 0.710147 0.666337 0.034542 0.034539
0 0.357502 0.516094 0.026389 0.026752
0 0.453814 0.856160 0.024211 0.024136
0 0.153564 0.664523 0.048722 0.048080
0 0.637075 0.024621 0.022478 0.022751
0 0.388932 0.901451 0.048037 0.046652
0 0.988708 0.234992 0.022581 0.041851
0 0.821869 0.097164 0.031759 0.031440
0 0.214252 0.251203 0.042967 0.042608
0 0.010935 0.452858 0.021870 0.036098
0 0.648150 0.466654 0.024133 0.023993
0 0.616072 0.959237 0.042591 0.042139
0 0.530226 0.297838 0.028736 0.028428
0 0.017323 0.327509 0.031717 0.032192
0 0.227060 0.796606 0.025082 0.025326
0 0.269435 0.615507 0.050898 0.050491
0 0.113298 0.832448 0.029635 0.029316
0 0.029921 0.958765 0.059717 0.082470
0 0.223426 0.638279 0.041546 0.041103
0 0.902316 0.332240 0.021282 0.021550
0 0.497330 0.587845 0.024561 0.025670
0 0.986888 0.913011 0.024798 0.025116
0 0.692934 0.975100 0.048104 0.045253
0 0.565459 0.975318 0.107603 0.049365
0 0.750161 0.800398 0.042664 0.042156
0 0.501201 0.064034 0.039188 0.038943
0 0.019420 0.043752 0.025970 0.025604
0 0.645722 0.258092 0.031061 0.030810
0 0.153575 0.149679 0.021346 0.021706
0 0.477022 0.607312 0.032362 0.032121
0 0.581018 0.538308 0.022455 0.022322
0 0.793251 0.396184 0.038127 0.038464
0 0.752515 0.575076 0.026056 0.025855
0 0.452585 0.456332 0.019479 0.019885
0 0.509033 0.047186 0.026843 0.025468
0 0.753708 0.276190 0.023908 0.023358
0 0.990593 0.345728 0.018712 0.026002
0 0.141734 0.856664 0.024379 0.024152
0 0.989045 0.508644 0.021850 0.040092
0 0.809187 0.725076 0.021585 0.021199
0 0.277915 0.435173 0.020982 0.021264
0 0.769755 0.732154 0.034957 0.034748
0 0.630566 0.406764 0.021305 0.021365
0 0.705384 0.611777 0.027879 0.026041
0 0.509828 0.289994 0.020029 0.020599
0 0.026772 0.285308 0.022114 0.021886
0 0.011481 0.217656 0.020862 0.021498
0 0.599413 0.447167 0.020795 0.020841
0 0.104001 0.751670 0.030576 0.030700
0 0.426099 0.047449 0.019250 0.018903
0 0.764246 0.056511 0.020634 0.020463
0 0.910955 0.210652 0.020728 0.020767
0 0.475053 0.475483 0.021689 0.021944
0 0.621687 0.714188 0.031151 0.032008
0 0.324435 0.309637 0.020010 0.019484
0 0.005672 0.708011 0.011196 0.027980
0 0.961788 0.577545 0.073908 0.081405
0 0.412967 0.612376 0.020920 0.021661
0 0.901824 0.157733 0.025072 0.025636
0 0.443870 0.837400 0.018437 0.018876
0 0.324377 0.443752 0.020331 0.020439
0 0.588538 0.559725 0.020225 0.020717
0 0.513079 0.417126 0.019059 0.018913
0 0.832930 0.334411 0.021355 0.021976
0 0.557232 0.196543 0.024671 0.024241
0 0.234202 0.662045 0.032569 0.032698
