0 0.235951 0.678059 0.048437 0.048301
0 0.144134 0.620260 0.035089 0.034443
0 0.035202 0.302864 0.067618 0.067735
0 0.217141 0.571139 0.031004 0.030876
0 0.354178 0.948615 0.035947 0.035652
0 0.634973 0.279091 0.033109 0.033234
0 0.990848 0.949389 0.018092 0.040673
0 0.539220 0.212763 0.034626 0.034372
0 0.332952 0.665133 0.023741 0.023503
0 0.167527 0.298100 0.046286 0.047067
0 0.460295 0.376099 0.024588 0.024463
0 0.492505 0.717274 0.037713 0.037498
0 0.156126 0.938099 0.030655 0.030332
0 0.360170 0.704332 0.027207 0.026925
0 0.275870 0.050095 0.025884 0.025806
0 0.271456 0.212367 0.024997 0.024557
0 0.757412 0.682764 0.032052 0.032269
0 0.463795 0.540343 0.046701 0.046237
0 0.129339 0.490008 0.029966 0.029791
0 0.273898 0.887494 0.059210 0.057529
0 0.326492 0.724125 0.033252 0.033598
0 0.693590 0.677508 0.079098 0.077290
0 0.593247 0.305690 0.072216 0.071262
0 0.077652 0.679599 0.021807 0.021738
0 0.344288 0.586786 0.023608 0.023678
0 0.815632 0.802255 0.023839 0.023797
0 0.717030 0.961942 0.027978 0.028361
0 0.019022 0.242525 0.021161 0.020973
0 0.431644 0.614079 0.050344 0.049770
0 0.530898 0.795975 0.026204 0.026610
0 0.023533 0.901457 0.024177 0.024747
0 0.712074 0.548391 0.044926 0.044087
0 0.895345 0.887312 0.022220 0.021991
0 0.065038 0.822377 0.022129 0.022343
0 0.484459 0.594141 0.066264 0.066495
0 0.655578 0.490761 0.038478 0.038496
0 0.468532 0.167538 0.024470 0.024190
0 0.729105 0.873561 0.072728 0.073276
0 0.288907 0.539833 0.020524 0.021011
0 0.137541 0.167540 0.024125 0.023755
0 0.571732 0.940960 0.092478 0.094265
0 0.678115 0.951786 0.038197 0.039047
0 0.489804 0.072217 0.032085 0.033337
0 0.543526 0.265171 0.020193 0.020121
