0 0.282960 0.072632 0.110974 0.104055
0 0.886994 0.708148 0.049361 0.047107
0 0.189364 0.649612 0.059151 0.052477
0 0.640783 0.285197 0.044956 0.043976
0 0.341172 0.354708 0.057057 0.055915
0 0.450118 0.241243 0.083353 0.079269
0 0.502582 0.612012 0.040190 0.038799
0 0.402876 0.677523 0.033347 0.030616
0 0.349630 0.012148 0.038454 0.024296
0 0.020558 0.915113 0.040641 0.052061
0 0.218221 0.747410 0.044179 0.041905
0 0.343713 0.500709 0.030256 0.028969
0 0.689995 0.729307 0.030881 0.030387
0 0.861176 0.939162 0.041395 0.040098
0 0.206620 0.496482 0.032384 0.031830
0 0.079443 0.123816 0.032525 0.031137
0 0.716269 0.958970 0.035128 0.033679
0 0.700018 0.800956 0.027462 0.027301
0 0.776563 0.989938 0.054617 0.019650
0 0.049358 0.873158 0.031794 0.030705
0 0.087006 0.537147 0.174012 0.240384
0 0.264166 0.138333 0.033255 0.031535
0 0.203448 0.346971 0.032949 0.030958
0 0.419159 0.324292 0.030969 0.030451
0 0.453668 0.124692 0.036797 0.036721
0 0.768509 0.317780 0.028617 0.028209
0 0.941553 0.972519 0.065205 0.054604
0 0.294005 0.393602 0.024985 0.024588
0 0.385549 0.344257 0.028308 0.027801
0 0.303664 0.584847 0.029474 0.028626
0 0.093732 0.147795 0.026451 0.025788
0 0.658457 0.778533 0.024329 0.023611
