0 0.704830 0.658920 0.023074 0.023018
0 0.482900 0.711383 0.117177 0.117037
0 0.916658 0.532906 0.134884 0.133877
0 0.703620 0.311432 0.039671 0.039110
0 0.516630 0.929232 0.180759 0.140982
0 0.809350 0.912742 0.024076 0.024136
0 0.247903 0.632064 0.030607 0.030722
0 0.834327 0.793630 0.024515 0.024246
0 0.592427 0.872295 0.030116 0.029994
0 0.180979 0.935539 0.040471 0.040961
0 0.899221 0.438828 0.026409 0.026143
0 0.647778 0.348080 0.064009 0.065086
0 0.524993 0.837930 0.022199 0.022323
0 0.722320 0.774183 0.036196 0.036839
0 0.753413 0.496217 0.031238 0.031274
0 0.373930 0.586268 0.027339 0.027818
0 0.819456 0.733974 0.038401 0.038875
0 0.349198 0.962507 0.045900 0.045388
0 0.125406 0.204336 0.128296 0.127218
0 0.723725 0.179890 0.024600 0.024519
0 0.773664 0.219257 0.052755 0.053328
0 0.035197 0.972229 0.036110 0.035932
0 0.124048 0.741021 0.143617 0.140367
0 0.531388 0.612922 0.023625 0.023150
0 0.797332 0.809093 0.030939 0.030410
0 0.739057 0.841989 0.032286 0.031032
0 0.523483 0.264034 0.023797 0.023892
0 0.200633 0.970302 0.027202 0.027579
0 0.391977 0.975163 0.035511 0.035246
0 0.959604 0.800700 0.038229 0.038888
0 0.282624 0.624392 0.024556 0.024525
0 0.575191 0.777214 0.029008 0.028384
0 0.347470 0.780274 0.033997 0.034116
0 0.498874 0.809516 0.024973 0.024674
0 0.604736 0.277549 0.040103 0.040678
0 0.618633 0.788841 0.038831 0.038820
0 0.159597 0.977770 0.054326 0.042645
0 0.581080 0.296946 0.035430 0.034980
0 0.765178 0.317089 0.039995 0.039918
0 0.323412 0.280525 0.032714 0.031581
0 0.979739 0.984787 0.035171 0.030427
0 0.703497 0.444963 0.039595 0.039037
0 0.365788 0.935301 0.026412 0.026009
0 0.616058 0.258396 0.028956 0.028107
0 0.377241 0.659944 0.022739 0.022849
0 0.740590 0.088138 0.029430 0.028904
0 0.906572 0.614495 0.032914 0.031556
0 0.327062 0.684448 0.021638 0.021459
0 0.922746 0.800393 0.035257 0.035522
0 0.302376 0.865492 0.022521 0.022014
0 0.964343 0.583353 0.020793 0.020565
0 0.923632 0.651970 0.024399 0.024292
0 0.365259 0.279400 0.030392 0.030509
0 0.733921 0.214769 0.021563 0.021109
0 0.363657 0.834288 0.028787 0.028921
0 0.296513 0.261053 0.033304 0.034771
0 0.052402 0.490801 0.048797 0.048662
0 0.296559 0.406665 0.042923 0.043539
0 0.475827 0.839841 0.022636 0.022578
0 0.522843 0.789411 0.021433 0.021060
0 0.781902 0.371774 0.042062 0.042164
0 0.916013 0.426366 0.020374 0.020782
0 0.942753 0.989475 0.039124 0.020833
0 0.901457 0.811147 0.030725 0.031397
0 0.218148 0.903043 0.028895 0.029847
0 0.827192 0.850347 0.034137 0.033998
0 0.171923 0.286852 0.045249 0.045227
0 0.169863 0.603644 0.049274 0.048360
0 0.875657 0.806275 0.022981 0.022284
0 0.314554 0.212504 0.036879 0.036436
0 0.795132 0.191105 0.054052 0.053373
0 0.223779 0.740326 0.021671 0.021539
0 0.980050 0.771011 0.020794 0.021241
0 0.799218 0.595544 0.036627 0.032895
0 0.370510 0.356206 0.026275 0.026509
0 0.621261 0.638188 0.021478 0.021290
0 0.882457 0.601599 0.023558 0.023772
0 0.030915 0.890689 0.052522 0.052004
0 0.605542 0.940669 0.029769 0.030752
0 0.770334 0.842384 0.020979 0.021090
0 0.872455 0.714320 0.023224 0.023771
0 0.983538 0.060351 0.023639 0.023868
0 0.778724 0.854832 0.026402 0.026330
0 0.992125 0.268095 0.015671 0.028704
0 0.875369 0.763698 0.024459 0.024552
0 0.836100 0.625860 0.021840 0.021662
0 0.206603 0.526650 0.033206 0.033625
0 0.602564 0.899342 0.028867 0.028125
0 0.736742 0.415143 0.023170 0.022934
0 0.803813 0.551751 0.021122 0.020753
0 0.428208 0.994720 0.025720 0.010561
0 0.745173 0.805321 0.019860 0.020211
0 0.197413 0.303768 0.026342 0.026710
0 0.718320 0.465246 0.023093 0.022964
0 0.287067 0.485673 0.037477 0.037992
0 0.552211 0.535090 0.056286 0.057645
0 0.986923 0.856149 0.020249 0.019841
0 0.903976 0.578182 0.028376 0.028522
0 0.852607 0.810424 0.028649 0.027824
0 0.887606 0.623979 0.022380 0.023056
0 0.644339 0.926994 0.025040 0.024665
0 0.274786 0.860133 0.023837 0.023368
0 0.493711 0.784356 0.035331 0.034107
0 0.331812 0.907361 0.023924 0.023263
0 0.463597 0.864563 0.023346 0.023514
0 0.542732 0.795929 0.020844 0.020555
0 0.211403 0.446051 0.037258 0.036883
0 0.751352 0.829292 0.022536 0.022629
0 0.391876 0.493635 0.024097 0.024408
0 0.069248 0.145430 0.037587 0.038192
0 0.688415 0.523298 0.038656 0.039246
0 0.954899 0.082422 0.024056 0.024316
0 0.315836 0.892032 0.026501 0.026414
0 0.016336 0.310328 0.025173 0.025228
0 0.171102 0.110129 0.022934 0.022833
0 0.790210 0.157799 0.028979 0.029187
0 0.029098 0.334664 0.038332 0.037610
0 0.393537 0.571344 0.021917 0.022452
0 0.113253 0.979717 0.040479 0.037741
0 0.944420 0.293107 0.025824 0.026043
0 0.950867 0.900892 0.019034 0.019017
0 0.530866 0.327398 0.027114 0.026973
0 0.372150 0.614544 0.021595 0.021442
0 0.132555 0.522070 0.038807 0.039187
0 0.847454 0.708031 0.020691 0.020249
0 0.549826 0.517383 0.022918 0.020750
0 0.991148 0.755819 0.017391 0.020252
0 0.798980 0.640067 0.019280 0.019467
0 0.228936 0.500111 0.034257 0.033783
0 0.495940 0.348069 0.039844 0.041161
0 0.869698 0.886714 0.018432 0.018443
0 0.677363 0.993917 0.025164 0.011879
0 0.963460 0.161515 0.027525 0.028159
0 0.313287 0.456035 0.067830 0.067885
0 0.210649 0.058032 0.024798 0.024825
0 0.712145 0.423814 0.022999 0.024876
0 0.259446 0.153688 0.025798 0.025536
0 0.327872 0.803988 0.031627 0.031548
0 0.504155 0.326236 0.022212 0.021552
0 0.779671 0.562360 0.021768 0.021742
0 0.588952 0.313208 0.024037 0.021942
0 0.620759 0.743057 0.018756 0.019300
0 0.440796 0.600606 0.020348 0.020270
0 0.355404 0.221837 0.041512 0.040584
0 0.369577 0.866284 0.020934 0.020788
0 0.933390 0.010527 0.044207 0.021054
0 0.012098 0.803678 0.024197 0.027019
0 0.199419 0.485512 0.032808 0.032053
0 0.453701 0.843910 0.024390 0.024611
0 0.085514 0.663505 0.094840 0.094199
0 0.209015 0.097909 0.027906 0.027886
0 0.815379 0.171182 0.019747 0.021018
0 0.609793 0.714644 0.020036 0.020345
0 0.229045 0.084043 0.025170 0.024055
0 0.035432 0.171940 0.040395 0.040159
0 0.038444 0.301105 0.023355 0.022315
0 0.259891 0.009537 0.064694 0.019073
0 0.015869 0.849699 0.031520 0.039857
0 0.196293 0.820185 0.020423 0.020367
0 0.414147 0.322560 0.035735 0.034310
