0 0.472727 0.683844 0.101518 0.098760
0 0.741268 0.357090 0.033799 0.033070
0 0.313542 0.646110 0.027867 0.027797
0 0.249079 0.840257 0.030193 0.030370
0 0.282801 0.403895 0.033045 0.032897
0 0.271452 0.530541 0.024763 0.024866
0 0.373038 0.811430 0.037777 0.037808
0 0.395934 0.357549 0.046283 0.046261
0 0.600764 0.942155 0.173692 0.114922
0 0.058202 0.309067 0.024044 0.023879
0 0.638335 0.234108 0.043827 0.042878
0 0.647327 0.311548 0.036424 0.035415
0 0.888638 0.859924 0.028921 0.028523
0 0.207163 0.693201 0.153572 0.153699
0 0.550511 0.243814 0.024121 0.024228
0 0.304120 0.275898 0.055023 0.054874
0 0.274084 0.886020 0.058974 0.058017
0 0.220200 0.278558 0.036160 0.035742
0 0.588830 0.290389 0.026758 0.026238
0 0.425138 0.814242 0.030891 0.030683
0 0.458406 0.772321 0.037253 0.036840
0 0.310050 0.719861 0.025986 0.025997
0 0.938784 0.124611 0.045906 0.045453
0 0.604617 0.204756 0.022881 0.022845
0 0.602285 0.324742 0.023275 0.022844
0 0.664870 0.036338 0.068624 0.066497
0 0.547111 0.781720 0.033292 0.033564
0 0.738878 0.261842 0.037590 0.036631
0 0.295119 0.323471 0.032782 0.032454
0 0.272872 0.081975 0.032746 0.032309
0 0.010780 0.755223 0.021167 0.045981
0 0.977641 0.262112 0.036961 0.035648
0 0.661529 0.576059 0.028561 0.027964
0 0.872333 0.426038 0.086856 0.085957
0 0.737983 0.631311 0.029202 0.028524
0 0.838803 0.503406 0.067986 0.068586
0 0.443644 0.906815 0.031292 0.031587
0 0.289592 0.744717 0.033891 0.032826
0 0.321180 0.867216 0.030357 0.029922
0 0.333905 0.410381 0.021169 0.021027
0 0.909929 0.367839 0.064364 0.063715
0 0.909927 0.152519 0.027111 0.026345
0 0.344803 0.391723 0.023181 0.023521
0 0.214435 0.089841 0.021186 0.020910
0 0.160484 0.522882 0.040315 0.039452
0 0.643568 0.696136 0.023747 0.023645
0 0.586067 0.589218 0.021761 0.021580
0 0.901724 0.073010 0.040537 0.040302
0 0.567603 0.498259 0.054841 0.054943
0 0.951895 0.393554 0.064883 0.063842
0 0.768008 0.828162 0.021985 0.022087
0 0.059857 0.445271 0.047447 0.046706
0 0.703078 0.277102 0.024196 0.024186
0 0.672449 0.532662 0.023801 0.023360
0 0.483501 0.215600 0.020870 0.020544
0 0.982952 0.895265 0.034096 0.041510
0 0.682250 0.557888 0.024368 0.024482
0 0.077163 0.143072 0.042105 0.042935
0 0.240652 0.762437 0.020661 0.020728
0 0.421200 0.300524 0.025474 0.025339
0 0.761155 0.171364 0.036557 0.036461
0 0.946465 0.486979 0.097826 0.100487
0 0.754860 0.128657 0.032089 0.031862
0 0.604166 0.153298 0.020813 0.020939
0 0.392706 0.479450 0.070880 0.070829
0 0.019726 0.290385 0.018332 0.018422
0 0.430032 0.249594 0.061744 0.062002
0 0.010861 0.804439 0.021620 0.042475
0 0.351835 0.077626 0.023726 0.023792
0 0.076377 0.780728 0.030245 0.030063
0 0.734304 0.840834 0.028057 0.027652
0 0.307798 0.540634 0.044031 0.043786
0 0.395910 0.051903 0.038158 0.038606
0 0.009010 0.233393 0.018021 0.019142
0 0.673671 0.786649 0.022686 0.022715
0 0.241174 0.150070 0.036409 0.035732
0 0.192808 0.350492 0.023254 0.024815
0 0.395292 0.278943 0.032216 0.031676
0 0.154192 0.797660 0.023376 0.023069
0 0.612527 0.384155 0.087338 0.084218
0 0.423478 0.752812 0.035251 0.034023
0 0.050732 0.212273 0.028289 0.028155
0 0.514777 0.119404 0.153990 0.147581
0 0.378194 0.696277 0.058751 0.057300
0 0.985567 0.984998 0.028866 0.030004
0 0.761582 0.406170 0.022300 0.022486
0 0.093539 0.386923 0.019336 0.018932
0 0.923637 0.985877 0.062211 0.028246
0 0.480686 0.988841 0.052259 0.022077
0 0.677242 0.327747 0.034820 0.035572
0 0.770033 0.054039 0.038197 0.038127
0 0.424282 0.228823 0.083827 0.100372
0 0.914712 0.765515 0.048743 0.047607
0 0.466225 0.894392 0.022900 0.022593
0 0.363898 0.520073 0.032272 0.032264
0 0.727215 0.579159 0.084209 0.081794
0 0.493819 0.127800 0.019323 0.019382
0 0.159035 0.423473 0.168248 0.165470
0 0.350602 0.594946 0.025072 0.024948
0 0.411624 0.862573 0.034473 0.034736
0 0.836636 0.942726 0.021102 0.020593
0 0.927866 0.631396 0.144267 0.182704
0 0.051215 0.569578 0.030134 0.030164
