0 0.368783 0.463102 0.035007 0.032261
0 0.597874 0.271114 0.059964 0.048318
0 0.228137 0.491709 0.032021 0.030581
0 0.357905 0.556382 0.028165 0.026515
0 0.911842 0.238656 0.123984 0.102803
0 0.867390 0.292376 0.099610 0.093815
0 0.936608 0.329800 0.071102 0.063011
0 0.727318 0.700998 0.027052 0.025425
0 0.072621 0.754410 0.055477 0.051773
0 0.360997 0.244312 0.057951 0.048167
0 0.415614 0.198305 0.043432 0.035960
0 0.550653 0.193910 0.036454 0.031232
0 0.225211 0.086673 0.087286 0.072250
0 0.319722 0.314921 0.078912 0.066006
0 0.244104 0.031980 0.083738 0.063038
0 0.052758 0.176042 0.057473 0.047061
0 0.284526 0.121551 0.072393 0.058007
0 0.827429 0.269100 0.025783 0.025671
0 0.814921 0.819362 0.057676 0.055001
0 0.171122 0.230779 0.059668 0.047247
0 0.025116 0.787301 0.049724 0.069023
0 0.274407 0.396478 0.072155 0.060954
0 0.648734 0.159474 0.029392 0.027375
0 0.620585 0.323655 0.046381 0.041264
0 0.940156 0.971542 0.070687 0.055605
0 0.108803 0.083511 0.080558 0.067054
0 0.966480 0.023493 0.055577 0.046986
0 0.205169 0.507384 0.026798 0.024272
0 0.149581 0.638659 0.030379 0.026436
0 0.306178 0.247974 0.049283 0.042173
0 0.978893 0.728228 0.042215 0.052809
