0 0.373642 0.522156 0.093727 0.092979
0 0.215578 0.645425 0.036091 0.035649
0 0.154248 0.107697 0.051796 0.051048
0 0.044291 0.678128 0.033225 0.033197
0 0.472966 0.357145 0.048934 0.048333
0 0.294389 0.239951 0.054006 0.053759
0 0.686697 0.456311 0.033919 0.033996
0 0.488357 0.658877 0.039434 0.039390
0 0.314665 0.685092 0.033358 0.033302
0 0.943039 0.276940 0.024442 0.024496
0 0.951377 0.204192 0.029663 0.029147
0 0.785277 0.637472 0.036718 0.036001
0 0.398029 0.016093 0.036797 0.032186
0 0.902754 0.624565 0.037591 0.036583
0 0.045023 0.410753 0.023092 0.022785
0 0.976824 0.229109 0.022412 0.021921
0 0.991270 0.292389 0.017459 0.026650
0 0.722647 0.036139 0.022376 0.022212
0 0.804586 0.790019 0.024893 0.023059
0 0.506884 0.374102 0.280797 0.262025
0 0.765953 0.306358 0.023079 0.023058
0 0.980002 0.032781 0.027917 0.026847
0 0.103486 0.164828 0.024240 0.023766
0 0.260251 0.678953 0.023256 0.022964
0 0.486895 0.095486 0.021780 0.021980
0 0.181543 0.023733 0.021446 0.021362
0 0.943953 0.128213 0.019883 0.020016
0 0.805446 0.484252 0.376711 0.385124
0 0.088054 0.149724 0.023944 0.024270
0 0.697058 0.221983 0.121296 0.113258
0 0.292221 0.562657 0.045306 0.045114
0 0.151326 0.519923 0.074233 0.071836
0 0.655711 0.142435 0.510064 0.284870
