0 0.182938 0.283686 0.364034 0.388217
0 0.276355 0.940253 0.078667 0.078283
0 0.380035 0.839979 0.040437 0.040299
0 0.435926 0.082721 0.041156 0.040786
0 0.801767 0.750701 0.101813 0.102165
0 0.748900 0.792922 0.035188 0.034344
0 0.393282 0.752916 0.030334 0.030212
0 0.902155 0.588639 0.029780 0.029930
0 0.475226 0.341073 0.029146 0.029205
0 0.715443 0.739242 0.044155 0.042909
0 0.256878 0.673991 0.035049 0.035090
0 0.426698 0.542585 0.056264 0.056630
0 0.569330 0.882495 0.224488 0.228324
0 0.733351 0.638895 0.030674 0.030780
0 0.554613 0.628970 0.027100 0.027298
0 0.460314 0.699943 0.028839 0.028488
0 0.314764 0.752919 0.021581 0.021617
0 0.537262 0.870613 0.026921 0.027197
0 0.327114 0.046422 0.025722 0.025305
0 0.447815 0.655881 0.023087 0.023005
0 0.054786 0.538788 0.025430 0.025520
0 0.740788 0.551234 0.040943 0.041903
0 0.706153 0.677001 0.024644 0.024651
0 0.768344 0.678267 0.036704 0.036614
0 0.653500 0.454325 0.062979 0.062891
0 0.800663 0.366768 0.071797 0.071757
0 0.048167 0.607178 0.028018 0.027863
0 0.637711 0.111887 0.363744 0.223773
0 0.978569 0.570450 0.033129 0.033117
0 0.803738 0.655004 0.038231 0.038277
0 0.084679 0.693633 0.022721 0.022727
0 0.280312 0.586750 0.024006 0.024304
0 0.080012 0.526346 0.028848 0.029048
0 0.891437 0.903939 0.183507 0.185103
0 0.671241 0.602953 0.024868 0.024976
0 0.544136 0.974171 0.090779 0.051657
0 0.727017 0.929052 0.236371 0.141896
0 0.109329 0.738615 0.022591 0.022417
0 0.676750 0.396192 0.043634 0.043014
0 0.048843 0.798982 0.097687 0.210471
0 0.445093 0.151753 0.022262 0.022461
0 0.292032 0.082235 0.027213 0.027913
0 0.622415 0.651020 0.023112 0.023286
0 0.639299 0.511083 0.055518 0.055600
0 0.969284 0.984612 0.032894 0.030147
0 0.579842 0.619571 0.025631 0.026423
0 0.405512 0.128613 0.021401 0.021031
0 0.080908 0.936760 0.020786 0.021039
0 0.518413 0.176975 0.021055 0.021212
0 0.894317 0.353797 0.211366 0.384259
0 0.466996 0.542773 0.023425 0.023720
0 0.360442 0.509913 0.022004 0.022276
0 0.712309 0.717716 0.021756 0.021745
0 0.796902 0.555131 0.028338 0.028247
0 0.398275 0.377486 0.029203 0.028928
0 0.050603 0.703672 0.019997 0.020156
0 0.083793 0.957668 0.022842 0.023499
0 0.675053 0.430111 0.047734 0.047182
0 0.699279 0.825574 0.022060 0.021807
0 0.672113 0.662343 0.043213 0.043186
0 0.605943 0.574895 0.021801 0.022228
0 0.691345 0.371581 0.040567 0.040292
0 0.942299 0.615052 0.024044 0.023717
0 0.432524 0.992615 0.019832 0.014466
0 0.799469 0.245574 0.045361 0.046466
0 0.950727 0.125994 0.042799 0.043724
0 0.423027 0.017121 0.080981 0.033978
0 0.370606 0.475184 0.022259 0.021942
0 0.115886 0.068783 0.037831 0.036366
0 0.118253 0.007359 0.022704 0.014575
0 0.534702 0.961087 0.024800 0.022802
0 0.347845 0.672159 0.022434 0.021966
0 0.826546 0.843626 0.144326 0.144353
0 0.177381 0.306493 0.025433 0.024773
0 0.106617 0.118322 0.184397 0.183378
0 0.264097 0.883269 0.020435 0.020681
0 0.552513 0.240100 0.020631 0.020548
0 0.157792 0.075741 0.019718 0.019467
0 0.991340 0.762475 0.017319 0.025949
0 0.561365 0.290361 0.026876 0.026598
0 0.419590 0.876670 0.018838 0.019142
0 0.779657 0.607426 0.024355 0.024817
0 0.859744 0.667972 0.024416 0.024942
0 0.227550 0.069016 0.022554 0.022545
0 0.226944 0.583282 0.024100 0.024138
0 0.421224 0.502125 0.022630 0.023426
0 0.584085 0.007654 0.038373 0.015272
