0 0.518961 0.128435 0.053814 0.042432
0 0.966743 0.235122 0.048637 0.043034
0 0.244733 0.794117 0.062263 0.053557
0 0.276505 0.639087 0.033687 0.029415
0 0.415475 0.889732 0.041983 0.035035
0 0.102119 0.562295 0.052918 0.046138
0 0.912353 0.885631 0.028707 0.027636
0 0.561615 0.608870 0.037425 0.032025
0 0.450960 0.461682 0.027705 0.026263
0 0.164763 0.388139 0.029237 0.026844
0 0.039207 0.806789 0.029204 0.027397
0 0.280833 0.887706 0.027348 0.025806
0 0.426089 0.803761 0.029306 0.027711
0 0.516612 0.424196 0.024755 0.023253
0 0.230916 0.834381 0.075527 0.067881
0 0.769385 0.500298 0.031357 0.028929
0 0.831858 0.022475 0.035059 0.030456
0 0.708082 0.557478 0.025266 0.023828
0 0.224040 0.684510 0.032917 0.029746
0 0.813977 0.605788 0.024910 0.024173
0 0.127466 0.322027 0.030558 0.027200
0 0.329253 0.705916 0.021685 0.020810
0 0.659221 0.575532 0.025731 0.024525
0 0.618739 0.049397 0.040422 0.035010
0 0.600227 0.248044 0.044677 0.039832
0 0.889934 0.165602 0.023926 0.022911
0 0.153451 0.242926 0.041447 0.037435
0 0.014806 0.501265 0.029613 0.028569
0 0.842301 0.903254 0.023451 0.022553
0 0.918443 0.170005 0.027461 0.024246
0 0.924781 0.303782 0.026855 0.024867
0 0.340382 0.783199 0.021731 0.020609
0 0.063519 0.819585 0.029731 0.026631
0 0.164280 0.801884 0.041619 0.037680
