0 0.660269 0.417075 0.024853 0.024604
0 0.365099 0.093630 0.156132 0.158079
0 0.302658 0.398818 0.070087 0.070860
0 0.403341 0.928385 0.149436 0.143230
0 0.426652 0.565205 0.033995 0.033691
0 0.807481 0.496461 0.038863 0.039229
0 0.970845 0.815277 0.023972 0.023721
0 0.917993 0.433970 0.060132 0.059235
0 0.530026 0.293525 0.056021 0.056468
0 0.472120 0.638339 0.022657 0.022810
0 0.823648 0.554952 0.049929 0.050267
0 0.062341 0.818797 0.026491 0.026538
0 0.175981 0.155675 0.033808 0.033862
0 0.692469 0.936669 0.031662 0.031380
0 0.837478 0.637683 0.033591 0.032986
0 0.202922 0.353820 0.021504 0.021423
0 0.119330 0.670199 0.057167 0.056567
0 0.882948 0.247192 0.027902 0.028386
0 0.841535 0.589888 0.051032 0.050715
0 0.817413 0.339739 0.020566 0.020831
0 0.211727 0.178569 0.024322 0.024323
0 0.865064 0.674325 0.027688 0.027967
0 0.905808 0.080267 0.035010 0.036364
0 0.342669 0.372522 0.026993 0.027297
0 0.245241 0.845928 0.040080 0.039574
0 0.874700 0.092431 0.042226 0.042655
0 0.775698 0.086573 0.031062 0.030522
0 0.205595 0.639246 0.023842 0.023854
0 0.992806 0.569964 0.014339 0.024862
0 0.154531 0.642968 0.026480 0.026365
0 0.190919 0.438441 0.024661 0.025398
0 0.958536 0.982392 0.033245 0.032628
0 0.735950 0.145537 0.054739 0.054586
0 0.503591 0.986901 0.025466 0.024947
0 0.953651 0.869184 0.020345 0.020211
0 0.430978 0.334368 0.021123 0.021328
0 0.367389 0.288405 0.027940 0.027989
0 0.396582 0.963059 0.028814 0.029291
0 0.794694 0.455830 0.035810 0.035258
0 0.850286 0.721679 0.022587 0.022159
0 0.979395 0.702247 0.041184 0.056224
0 0.894401 0.743570 0.019106 0.019460
0 0.805098 0.030743 0.020938 0.021164
0 0.736159 0.451318 0.104962 0.107885
0 0.934730 0.694863 0.023493 0.023495
0 0.454518 0.535462 0.019621 0.019523
0 0.100500 0.040865 0.061786 0.063509
0 0.351473 0.525406 0.023418 0.022676
0 0.444870 0.798280 0.048145 0.049793
0 0.936124 0.091985 0.025752 0.025724
0 0.054596 0.970278 0.023439 0.023483
0 0.170138 0.132647 0.032614 0.033196
0 0.168602 0.685217 0.048318 0.049826
0 0.962081 0.632708 0.020391 0.020956
0 0.351474 0.511009 0.025283 0.025238
0 0.168087 0.359052 0.020266 0.020241
0 0.426222 0.494827 0.048626 0.047229
0 0.882641 0.524391 0.026052 0.027453
0 0.663772 0.766075 0.036228 0.036194
0 0.399544 0.629159 0.042773 0.042543
0 0.959002 0.485763 0.025244 0.027052
0 0.746738 0.836308 0.020267 0.020971
0 0.256222 0.867740 0.031283 0.031663
0 0.406341 0.472958 0.033019 0.032971
0 0.954813 0.847953 0.018971 0.019316
0 0.019544 0.081368 0.021691 0.021211
0 0.943741 0.717999 0.023127 0.022944
0 0.677585 0.776009 0.026866 0.029042
0 0.591631 0.938117 0.030335 0.030162
0 0.772219 0.064323 0.027110 0.027676
0 0.035440 0.335089 0.026715 0.026657
0 0.814885 0.614409 0.022498 0.021473
0 0.976368 0.503596 0.044231 0.049075
0 0.296577 0.828234 0.020896 0.021000
0 0.293785 0.504119 0.056417 0.052068
0 0.986176 0.430439 0.027649 0.040606
0 0.386126 0.550075 0.019360 0.019778
0 0.576138 0.173800 0.019309 0.019336
0 0.899830 0.034496 0.018720 0.018670
0 0.985368 0.495389 0.027115 0.032415
0 0.740411 0.211716 0.037052 0.036170
0 0.142671 0.603984 0.020151 0.020358
0 0.022946 0.140870 0.019050 0.018889
0 0.068429 0.432845 0.023471 0.023301
0 0.326229 0.533241 0.034156 0.035563
0 0.052559 0.716827 0.020082 0.019981
0 0.958824 0.501653 0.038145 0.035926
0 0.562869 0.980004 0.087466 0.039396
0 0.134568 0.702727 0.030456 0.031084
0 0.448418 0.640039 0.019491 0.019494
0 0.936282 0.952408 0.018142 0.018163
0 0.117250 0.310080 0.020171 0.020354
0 0.959963 0.456018 0.039188 0.039712
0 0.825716 0.078863 0.060367 0.059605
0 0.884511 0.060641 0.022564 0.024210
0 0.991448 0.467262 0.017104 0.033266
0 0.066137 0.239006 0.021516 0.021872
