0 0.635486 0.377667 0.031502 0.031829
0 0.808650 0.148524 0.040823 0.040242
0 0.707998 0.394728 0.025644 0.025587
0 0.719938 0.780038 0.070976 0.069426
0 0.706201 0.827086 0.230885 0.224178
0 0.820667 0.934855 0.048643 0.047628
0 0.346289 0.914245 0.038422 0.038545
0 0.073572 0.479682 0.047736 0.047731
0 0.677147 0.053794 0.027218 0.027342
0 0.616730 0.310866 0.025575 0.025406
0 0.507048 0.011365 0.055212 0.022730
0 0.938979 0.574083 0.030137 0.029806
0 0.414308 0.982718 0.056844 0.033840
0 0.795314 0.450555 0.024305 0.024461
0 0.971689 0.702171 0.030402 0.030854
0 0.403562 0.852573 0.114492 0.115496
0 0.051138 0.437570 0.047800 0.047333
0 0.119642 0.413137 0.053243 0.053082
0 0.463797 0.287957 0.022405 0.022220
0 0.031060 0.466724 0.043383 0.041833
0 0.550968 0.024028 0.024081 0.023828
0 0.690110 0.694814 0.037386 0.036854
0 0.583085 0.660094 0.022438 0.022297
0 0.377857 0.967953 0.042599 0.042663
0 0.427113 0.189413 0.023655 0.023691
0 0.906366 0.191044 0.021316 0.021610
0 0.857888 0.206723 0.023603 0.023378
0 0.212590 0.523437 0.025562 0.025119
0 0.989651 0.014526 0.020553 0.028977
0 0.280329 0.080839 0.109341 0.104673
0 0.855764 0.476287 0.019848 0.020284
