0 0.772413 0.829223 0.023538 0.023852
0 0.497832 0.526159 0.044445 0.044314
0 0.668095 0.216334 0.023595 0.023492
0 0.293926 0.283374 0.057409 0.057661
0 0.598049 0.362006 0.040888 0.040989
0 0.351676 0.916685 0.093019 0.095821
0 0.226926 0.630023 0.029369 0.029643
0 0.936830 0.421440 0.059792 0.059516
0 0.828370 0.706669 0.023116 0.023398
0 0.321549 0.570932 0.046494 0.047387
0 0.370631 0.653056 0.125931 0.126610
0 0.564439 0.624870 0.022344 0.022277
0 0.684113 0.915102 0.024997 0.024999
0 0.709498 0.504675 0.059406 0.060432
0 0.378446 0.043951 0.045357 0.045626
0 0.763494 0.051531 0.040468 0.039397
0 0.187958 0.439550 0.021944 0.021771
0 0.355258 0.140714 0.047932 0.047979
0 0.356659 0.340050 0.047467 0.047476
0 0.254997 0.935798 0.058455 0.058760
0 0.391194 0.122201 0.031863 0.032443
0 0.259827 0.358468 0.040926 0.040649
0 0.612843 0.850155 0.037901 0.037764
0 0.327696 0.077430 0.024684 0.024470
0 0.128046 0.612585 0.037334 0.037683
0 0.531892 0.153682 0.025024 0.025223
0 0.746784 0.515634 0.021971 0.021482
0 0.513912 0.652029 0.048803 0.050013
0 0.355914 0.389536 0.052769 0.053949
0 0.122131 0.126255 0.062079 0.062375
0 0.586661 0.437648 0.081305 0.082775
0 0.569613 0.078370 0.032188 0.031866
0 0.406584 0.251820 0.027827 0.027712
0 0.499225 0.350011 0.028589 0.028405
0 0.423748 0.223568 0.051518 0.051766
0 0.526638 0.762026 0.053871 0.055098
0 0.045360 0.683686 0.065156 0.066359
0 0.533968 0.937653 0.034317 0.034358
0 0.601123 0.640465 0.030664 0.030712
0 0.566232 0.909793 0.034398 0.033767
0 0.864540 0.450007 0.076161 0.076943
0 0.933845 0.327803 0.020300 0.020256
0 0.510485 0.723635 0.026883 0.026572
0 0.148655 0.335665 0.045656 0.046455
0 0.732497 0.368434 0.037235 0.037009
0 0.677260 0.341908 0.033450 0.033383
0 0.734504 0.852975 0.025144 0.025278
0 0.877808 0.228465 0.022487 0.022969
0 0.982237 0.436857 0.027505 0.027323
0 0.654100 0.475098 0.052549 0.052613
0 0.967649 0.271026 0.022925 0.022910
0 0.128364 0.438626 0.039635 0.039578
0 0.598592 0.723435 0.088209 0.090544
0 0.547300 0.641442 0.030083 0.030808
0 0.565465 0.766299 0.050008 0.050583
0 0.023620 0.825604 0.023536 0.022861
0 0.768972 0.216764 0.024537 0.024400
0 0.633261 0.387402 0.040380 0.041099
0 0.734529 0.884052 0.022784 0.022943
0 0.591717 0.925871 0.023161 0.023300
0 0.710643 0.902667 0.024341 0.024095
0 0.663225 0.666177 0.030191 0.029695
0 0.469929 0.156740 0.024526 0.024868
0 0.209858 0.385960 0.027122 0.026075
0 0.810618 0.292974 0.041334 0.040804
0 0.221905 0.369839 0.028509 0.028169
0 0.930916 0.704116 0.023516 0.023391
0 0.124889 0.383643 0.068462 0.068911
0 0.692838 0.733517 0.021618 0.021634
0 0.460047 0.982819 0.020157 0.020067
0 0.945755 0.990067 0.023576 0.019866
0 0.405592 0.784208 0.020683 0.020996
0 0.596922 0.537379 0.021688 0.021407
0 0.846832 0.028001 0.019896 0.020043
0 0.012098 0.615284 0.023975 0.032146
0 0.875814 0.176859 0.020864 0.020513
0 0.652138 0.814250 0.133091 0.131814
0 0.414448 0.305811 0.028808 0.028140
0 0.562954 0.572972 0.019723 0.019789
0 0.481676 0.016797 0.065247 0.033593
0 0.654610 0.811885 0.028659 0.027665
0 0.475636 0.828020 0.029354 0.029774
0 0.434582 0.006910 0.027159 0.013820
0 0.547933 0.171767 0.021577 0.022776
0 0.230257 0.526165 0.021612 0.021926
0 0.704950 0.871360 0.020458 0.020554
0 0.541687 0.897139 0.022468 0.022050
0 0.503866 0.105764 0.080614 0.082079
0 0.490287 0.256659 0.037158 0.038685
0 0.702534 0.089380 0.021837 0.022323
0 0.551069 0.677159 0.041505 0.042298
0 0.042167 0.806787 0.022388 0.022238
0 0.075328 0.019533 0.020087 0.020208
0 0.696985 0.319438 0.074978 0.074974
0 0.042582 0.752729 0.079207 0.079644
0 0.209913 0.325137 0.050450 0.052648
0 0.353648 0.530584 0.056917 0.057285
0 0.636895 0.635316 0.025889 0.025829
0 0.054123 0.852850 0.023307 0.023265
0 0.632436 0.971598 0.019243 0.019104
0 0.982699 0.353139 0.019385 0.019793
0 0.800743 0.966132 0.019759 0.019963
0 0.725634 0.091874 0.026272 0.026619
0 0.798981 0.338598 0.025407 0.025735
0 0.799497 0.266767 0.018557 0.018962
0 0.191005 0.367414 0.031205 0.030599
0 0.571810 0.937566 0.021294 0.021661
0 0.479116 0.046106 0.018151 0.019710
0 0.262949 0.219796 0.017517 0.017579
0 0.444422 0.844409 0.054663 0.054941
0 0.747989 0.029623 0.017886 0.018476
0 0.973193 0.463599 0.021514 0.021053
0 0.217719 0.314407 0.037892 0.040024
0 0.603226 0.618412 0.029285 0.029632
0 0.638027 0.602131 0.020380 0.020262
0 0.726648 0.113140 0.026375 0.023788
0 0.548120 0.726296 0.043222 0.042572
0 0.969864 0.817660 0.046478 0.046247
0 0.715846 0.530808 0.020853 0.018122
0 0.188199 0.596739 0.049804 0.048582
0 0.053495 0.882826 0.020627 0.020681
0 0.953363 0.204009 0.031842 0.032127
0 0.592938 0.012978 0.026761 0.025679
0 0.666393 0.530022 0.031429 0.030772
0 0.601993 0.397910 0.023821 0.021987
0 0.648758 0.010423 0.059010 0.020655
0 0.041863 0.763272 0.021286 0.020844
0 0.225641 0.595306 0.022041 0.020762
0 0.991279 0.020388 0.017392 0.020907
0 0.494976 0.569321 0.019437 0.018855
0 0.818586 0.032120 0.017772 0.017972
0 0.221484 0.564985 0.019663 0.019508
0 0.818550 0.263301 0.021969 0.021910
0 0.132355 0.007376 0.017503 0.014688
0 0.569451 0.993920 0.020683 0.012005
0 0.226232 0.071308 0.038170 0.037408
0 0.915588 0.457704 0.031162 0.030912
0 0.869261 0.481071 0.018636 0.018707
0 0.068525 0.972453 0.018409 0.018307
