0 0.092741 0.272804 0.103712 0.103602
0 0.434911 0.643609 0.079104 0.078856
0 0.127515 0.871913 0.033548 0.033666
0 0.299857 0.156023 0.040071 0.040050
0 0.415004 0.183867 0.043342 0.043136
0 0.403473 0.463602 0.037754 0.037777
0 0.110032 0.168573 0.091943 0.089614
0 0.248829 0.263390 0.044923 0.045577
0 0.128153 0.738550 0.026475 0.026272
0 0.453507 0.590411 0.031200 0.031086
0 0.798768 0.262347 0.034251 0.034162
0 0.086804 0.707975 0.040576 0.040186
0 0.430494 0.831761 0.032560 0.032070
0 0.131623 0.962184 0.031735 0.031675
0 0.062048 0.356882 0.030016 0.029246
0 0.514489 0.124318 0.038525 0.038885
0 0.014722 0.518663 0.029100 0.039077
0 0.098197 0.387608 0.033882 0.033239
0 0.209875 0.393681 0.026207 0.025973
0 0.060011 0.556342 0.023972 0.024384
0 0.188707 0.258806 0.030824 0.031864
0 0.011309 0.075094 0.022300 0.041625
0 0.567555 0.767785 0.031031 0.031332
0 0.870805 0.787533 0.028269 0.028438
0 0.476700 0.962017 0.026422 0.025819
0 0.251225 0.304369 0.044525 0.044450
0 0.063199 0.745057 0.021180 0.021342
0 0.569185 0.542996 0.025551 0.025838
0 0.638760 0.770181 0.051312 0.051216
0 0.619830 0.680625 0.034527 0.035490
0 0.920809 0.551088 0.024520 0.023636
0 0.371766 0.992794 0.026652 0.014159
0 0.953027 0.976332 0.027250 0.027302
0 0.731282 0.602042 0.076789 0.077059
0 0.257058 0.967976 0.023170 0.022665
0 0.613729 0.267686 0.027739 0.027133
0 0.258779 0.144583 0.025580 0.025413
0 0.168446 0.751224 0.021068 0.021165
0 0.864584 0.816194 0.026110 0.026514
0 0.222295 0.721172 0.035239 0.034743
0 0.450384 0.700280 0.024762 0.024481
0 0.943421 0.525445 0.023216 0.023286
0 0.456254 0.931559 0.021807 0.021926
0 0.549220 0.741138 0.041074 0.041228
0 0.290414 0.069022 0.023262 0.023069
0 0.679887 0.465560 0.024306 0.024705
0 0.954593 0.726483 0.025824 0.026671
0 0.130091 0.516787 0.021554 0.021616
0 0.499454 0.550963 0.023831 0.024009
0 0.820539 0.532692 0.022554 0.022419
0 0.280704 0.529466 0.025018 0.025066
0 0.451614 0.458010 0.019666 0.019154
0 0.714310 0.163935 0.033581 0.033609
0 0.098789 0.926410 0.022174 0.022346
0 0.536658 0.023851 0.052463 0.046807
0 0.145465 0.398939 0.054725 0.053322
