0 0.928368 0.183110 0.041543 0.040472
0 0.723288 0.439866 0.032133 0.031796
0 0.676682 0.530821 0.025247 0.025333
0 0.871875 0.633492 0.032386 0.031784
0 0.453667 0.524085 0.029212 0.028986
0 0.936553 0.747522 0.023958 0.023772
0 0.081484 0.948879 0.028087 0.027830
0 0.927061 0.907455 0.027455 0.027476
0 0.908907 0.710160 0.030847 0.031012
0 0.945814 0.521587 0.035003 0.034501
0 0.280461 0.140007 0.068428 0.066847
0 0.171237 0.257108 0.051174 0.050798
0 0.880075 0.434407 0.028588 0.028659
0 0.988813 0.680070 0.022374 0.031070
0 0.687400 0.124702 0.021333 0.021458
0 0.156093 0.283884 0.032632 0.033067
0 0.684600 0.936255 0.040917 0.041138
0 0.882152 0.865389 0.025329 0.025027
0 0.894545 0.578241 0.023178 0.023094
0 0.592353 0.282989 0.021476 0.021392
0 0.808011 0.669655 0.022712 0.022662
0 0.083039 0.161650 0.055205 0.053027
0 0.536921 0.096268 0.023868 0.023339
0 0.671099 0.982247 0.038917 0.035264
0 0.011780 0.009698 0.023560 0.019371
0 0.752701 0.036405 0.081087 0.071954
0 0.713397 0.916740 0.026531 0.026365
0 0.201772 0.152478 0.051941 0.050431
0 0.980514 0.487691 0.036776 0.036972
0 0.876396 0.902222 0.049731 0.049843
0 0.138958 0.176400 0.056698 0.057207
0 0.810625 0.626934 0.028484 0.027600
0 0.833067 0.613172 0.029031 0.028641
