0 0.241718 0.831239 0.036425 0.035203
0 0.779938 0.484031 0.038272 0.035550
0 0.805771 0.211461 0.053221 0.050104
0 0.895457 0.208247 0.033451 0.032988
0 0.704476 0.483058 0.030421 0.029755
0 0.571249 0.334953 0.038009 0.035668
0 0.672648 0.618485 0.025973 0.025617
0 0.254046 0.051965 0.029458 0.029054
0 0.861084 0.119765 0.035173 0.034418
0 0.919819 0.843537 0.022910 0.022601
0 0.019017 0.021884 0.037251 0.043768
0 0.624864 0.593528 0.022214 0.022087
0 0.946070 0.941416 0.028426 0.027591
0 0.648757 0.361759 0.024416 0.024196
0 0.058834 0.227249 0.117668 0.249798
0 0.297848 0.354074 0.031940 0.030214
0 0.419775 0.019338 0.033908 0.031697
0 0.745710 0.156952 0.021979 0.021849
0 0.676625 0.045848 0.023051 0.021919
0 0.263424 0.539086 0.027684 0.026442
0 0.901804 0.513425 0.043832 0.040844
0 0.155177 0.706531 0.026589 0.025744
0 0.956065 0.409118 0.021758 0.021486
0 0.223491 0.689058 0.023887 0.023784
0 0.884145 0.380227 0.025184 0.025417
0 0.943471 0.013607 0.025527 0.024092
0 0.431643 0.358573 0.029860 0.029167
0 0.314345 0.213982 0.025373 0.024303
0 0.868459 0.670620 0.025924 0.025859
0 0.512214 0.593650 0.022394 0.022526
0 0.536869 0.278494 0.025809 0.025609
0 0.248992 0.519642 0.024014 0.023281
0 0.901978 0.292262 0.021261 0.021235
0 0.838279 0.340819 0.022419 0.022352
0 0.606688 0.840879 0.213577 0.198424
0 0.209574 0.551362 0.025141 0.024309
0 0.107948 0.824105 0.023722 0.023418
0 0.312776 0.576708 0.032504 0.031609
0 0.264539 0.620608 0.025592 0.025366
