0 0.835711 0.833826 0.022831 0.023737
0 0.599955 0.762366 0.028451 0.028430
0 0.220530 0.712884 0.106317 0.106597
0 0.659770 0.426490 0.027126 0.026823
0 0.270696 0.811874 0.024630 0.024100
0 0.477297 0.715854 0.080856 0.080566
0 0.556386 0.258290 0.272408 0.288213
0 0.558027 0.972827 0.037899 0.037864
0 0.859530 0.474686 0.161451 0.167482
0 0.154659 0.812348 0.022369 0.022531
0 0.433134 0.841996 0.080914 0.082621
0 0.777794 0.875547 0.020402 0.020306
0 0.837678 0.679257 0.021498 0.022899
0 0.223138 0.520583 0.027503 0.027330
0 0.228505 0.600987 0.034797 0.034210
0 0.612700 0.651811 0.021334 0.021573
0 0.916381 0.876674 0.054504 0.054959
0 0.742586 0.636839 0.030972 0.030521
0 0.509498 0.785764 0.021760 0.021583
0 0.273821 0.527484 0.023502 0.023728
0 0.128947 0.030901 0.031108 0.030935
0 0.647028 0.626600 0.027435 0.027925
0 0.891162 0.956632 0.021402 0.021372
0 0.869589 0.863432 0.021391 0.021534
0 0.301079 0.511337 0.019600 0.019797
0 0.123908 0.255210 0.022740 0.022867
0 0.251185 0.559175 0.028706 0.028341
0 0.118527 0.898770 0.019004 0.019036
0 0.906725 0.942140 0.025552 0.025299
0 0.719352 0.571852 0.020266 0.020280
0 0.045352 0.927006 0.019802 0.019481
0 0.760499 0.934013 0.018184 0.018219
0 0.181308 0.108310 0.021485 0.021806
0 0.710120 0.589207 0.022565 0.021704
0 0.293333 0.149683 0.025576 0.025822
0 0.514768 0.759478 0.019250 0.018870
0 0.455799 0.104922 0.133530 0.139405
0 0.437293 0.086837 0.020984 0.020604
0 0.688944 0.405167 0.041685 0.041662
0 0.404555 0.588183 0.019209 0.019019
0 0.104571 0.454740 0.018851 0.019288
0 0.861303 0.957776 0.018879 0.019096
0 0.071796 0.851088 0.018794 0.018971
0 0.568016 0.500000 0.064278 0.063541
0 0.965097 0.883566 0.021387 0.020124
0 0.157943 0.172629 0.020630 0.020278
0 0.044023 0.397905 0.019161 0.019270
0 0.721220 0.608287 0.019218 0.019389
0 0.646625 0.790497 0.019371 0.019232
0 0.255117 0.626721 0.017648 0.017605
0 0.835491 0.857525 0.017517 0.017374
0 0.100455 0.806275 0.017927 0.017823
0 0.526034 0.829205 0.017739 0.017681
0 0.355022 0.087914 0.074624 0.075112
0 0.887114 0.788323 0.044071 0.043654
0 0.010202 0.262430 0.020390 0.022290
0 0.320765 0.271569 0.079434 0.078864
0 0.627931 0.799987 0.023423 0.023335
