0 0.723917 0.953826 0.048574 0.042547
0 0.434700 0.747631 0.074037 0.062179
0 0.675974 0.637169 0.036860 0.031601
0 0.350487 0.553370 0.044534 0.039701
0 0.281445 0.928115 0.038182 0.035409
0 0.515794 0.840446 0.047229 0.038810
0 0.142003 0.493276 0.040412 0.035453
0 0.672731 0.189107 0.036714 0.030372
0 0.551858 0.037381 0.030728 0.027655
0 0.102210 0.505498 0.034868 0.032515
0 0.552044 0.822136 0.038255 0.032426
0 0.185429 0.148071 0.028020 0.027748
0 0.601684 0.517797 0.024341 0.023489
0 0.639317 0.644264 0.030674 0.027251
0 0.945495 0.861758 0.034054 0.031118
0 0.131848 0.953205 0.115194 0.093590
0 0.622282 0.632482 0.028386 0.027584
0 0.158524 0.283327 0.031398 0.026956
