0 0.431282 0.608137 0.189841 0.149310
0 0.247911 0.788663 0.072760 0.054937
0 0.239051 0.741925 0.050083 0.035339
0 0.821158 0.185909 0.044020 0.031710
0 0.650283 0.148140 0.045609 0.037169
0 0.965325 0.028024 0.043306 0.034697
0 0.763121 0.072077 0.040183 0.029703
0 0.376528 0.234307 0.218937 0.156991
0 0.510133 0.374938 0.044736 0.033391
0 0.615503 0.301577 0.037763 0.028766
0 0.410600 0.470479 0.093149 0.076092
0 0.089768 0.604178 0.046495 0.036220
0 0.647551 0.636443 0.050624 0.037757
0 0.070215 0.178987 0.053056 0.040557
0 0.113721 0.011197 0.034397 0.022127
