0 0.433697 0.454261 0.069355 0.068626
0 0.159339 0.281597 0.062624 0.061596
0 0.043319 0.331013 0.039801 0.039603
0 0.503058 0.638284 0.037593 0.036822
0 0.553300 0.591582 0.035548 0.035139
0 0.625335 0.863928 0.044464 0.044276
0 0.238979 0.532168 0.030369 0.029991
0 0.184879 0.112542 0.161712 0.151266
0 0.358496 0.202003 0.053430 0.053795
0 0.693718 0.906699 0.060494 0.058847
0 0.042976 0.384865 0.032131 0.031325
0 0.597755 0.889082 0.032944 0.032224
0 0.504436 0.726842 0.038475 0.038078
0 0.278057 0.227626 0.044616 0.043228
0 0.601786 0.230573 0.025763 0.025698
0 0.588939 0.768040 0.076496 0.074729
0 0.429651 0.205335 0.058072 0.057356
0 0.825522 0.828593 0.084446 0.083100
0 0.475410 0.222665 0.027141 0.027243
0 0.963239 0.924623 0.036246 0.034879
0 0.628117 0.299518 0.025317 0.025535
0 0.828835 0.390579 0.026962 0.026510
0 0.467465 0.305022 0.105284 0.101876
0 0.178694 0.191107 0.036859 0.036115
0 0.080242 0.054511 0.030682 0.029713
0 0.303740 0.130850 0.033084 0.032229
0 0.112626 0.464487 0.025036 0.025308
0 0.407122 0.630511 0.024717 0.024219
0 0.137494 0.079393 0.031176 0.030747
0 0.683096 0.875536 0.025074 0.025008
0 0.132234 0.246827 0.026173 0.026574
0 0.146717 0.894995 0.023151 0.023321
0 0.914680 0.839895 0.072196 0.071001
0 0.577968 0.699085 0.022890 0.023036
0 0.965879 0.007481 0.035373 0.014879
0 0.509355 0.705722 0.027394 0.026199
0 0.211769 0.265714 0.046274 0.046095
0 0.960761 0.733072 0.078479 0.107072
0 0.653895 0.742595 0.027381 0.027651
0 0.501996 0.167871 0.029481 0.029222
0 0.295614 0.181020 0.087041 0.083257
