0 0.397425 0.690310 0.051473 0.047441
0 0.759299 0.738811 0.048057 0.045956
0 0.431002 0.585628 0.038740 0.038680
0 0.535449 0.861564 0.045834 0.044235
0 0.877531 0.351529 0.243894 0.301203
0 0.500126 0.212138 0.062404 0.058786
0 0.563946 0.289803 0.047746 0.045083
0 0.156558 0.517695 0.045731 0.042020
0 0.437487 0.936597 0.053427 0.054311
0 0.818820 0.798437 0.041637 0.039472
0 0.387212 0.597208 0.037903 0.036132
0 0.096796 0.386602 0.042001 0.038587
0 0.286584 0.794473 0.033237 0.032154
0 0.547047 0.178330 0.051364 0.043815
0 0.562931 0.222373 0.048433 0.045769
0 0.123086 0.454798 0.039136 0.035987
0 0.473468 0.572882 0.032126 0.030886
0 0.592926 0.326449 0.043573 0.041376
0 0.837144 0.683440 0.048299 0.046828
0 0.273085 0.253251 0.045425 0.037183
0 0.226926 0.547421 0.030462 0.028873
0 0.532956 0.813632 0.036581 0.034338
0 0.393030 0.258232 0.192538 0.176708
0 0.103971 0.205083 0.030397 0.027799
0 0.401578 0.954238 0.029939 0.029464
0 0.239964 0.214281 0.037920 0.034843
0 0.136639 0.394981 0.039322 0.036562
0 0.271235 0.866020 0.037601 0.037423
0 0.064587 0.382260 0.030105 0.029902
0 0.884880 0.579008 0.037357 0.035451
0 0.239888 0.760082 0.040412 0.039700
0 0.864277 0.906178 0.046999 0.045714
0 0.324143 0.925951 0.025731 0.025220
