0 0.484463 0.619197 0.023322 0.023485
0 0.928362 0.386677 0.026397 0.026090
0 0.255740 0.570872 0.114179 0.114797
0 0.058833 0.870441 0.023621 0.023748
0 0.973361 0.544009 0.026385 0.026232
0 0.687806 0.414055 0.076705 0.077267
0 0.508921 0.790509 0.143867 0.143066
0 0.781368 0.296948 0.026736 0.026584
0 0.596949 0.196369 0.023577 0.023236
0 0.363858 0.820286 0.036631 0.036728
0 0.430967 0.453401 0.022172 0.022315
0 0.385367 0.130302 0.154662 0.154527
0 0.712632 0.469868 0.019827 0.019986
0 0.418449 0.679672 0.044426 0.044088
0 0.740253 0.312785 0.028778 0.028553
0 0.584959 0.247401 0.022687 0.023163
0 0.318901 0.084396 0.025461 0.025679
0 0.645174 0.681014 0.024158 0.024221
0 0.863975 0.337641 0.047680 0.047950
0 0.028346 0.783046 0.023053 0.023320
0 0.558126 0.650143 0.024149 0.024045
0 0.592915 0.152669 0.024924 0.025058
0 0.818035 0.246569 0.023683 0.023661
0 0.502639 0.240174 0.026194 0.026633
0 0.454270 0.348942 0.037585 0.037380
0 0.322871 0.648702 0.032380 0.032388
0 0.574530 0.600401 0.034917 0.035269
0 0.028254 0.720821 0.030171 0.030315
0 0.421010 0.733502 0.023328 0.023551
0 0.190065 0.458305 0.022856 0.022888
0 0.721478 0.088888 0.030212 0.029781
0 0.127934 0.558679 0.023998 0.023688
0 0.920717 0.525693 0.023414 0.023257
0 0.428006 0.854515 0.022364 0.022277
0 0.227759 0.712764 0.025894 0.025969
0 0.570777 0.712225 0.024692 0.024814
0 0.184748 0.484081 0.020547 0.020360
0 0.191710 0.189313 0.061726 0.062206
0 0.951953 0.329784 0.046814 0.046866
0 0.374931 0.514891 0.032154 0.032483
0 0.298762 0.894214 0.028608 0.028651
0 0.694452 0.655276 0.030544 0.030697
0 0.410500 0.309823 0.022971 0.023130
0 0.453575 0.271286 0.024671 0.024386
0 0.813447 0.290329 0.022322 0.021966
0 0.756330 0.818222 0.129155 0.131763
0 0.822881 0.734982 0.037885 0.037926
0 0.760191 0.026327 0.055347 0.052654
0 0.534438 0.901406 0.035280 0.035832
0 0.459231 0.527536 0.024517 0.023847
0 0.069990 0.811920 0.022205 0.022155
0 0.855756 0.402413 0.033934 0.033786
0 0.357435 0.467879 0.055142 0.054477
0 0.665078 0.495321 0.026786 0.026858
0 0.819871 0.764800 0.021194 0.021189
0 0.493010 0.499929 0.026202 0.026341
0 0.679554 0.351489 0.068378 0.069130
0 0.634312 0.759996 0.024071 0.023919
0 0.369315 0.749409 0.023795 0.023524
0 0.875395 0.950065 0.034344 0.034953
0 0.355850 0.230343 0.047296 0.047096
0 0.776101 0.951584 0.026395 0.026633
0 0.055643 0.936394 0.026133 0.025475
0 0.053416 0.365001 0.035029 0.035250
0 0.075939 0.618900 0.033944 0.034355
0 0.521462 0.141157 0.041360 0.041302
0 0.227600 0.126471 0.049743 0.049279
0 0.443808 0.741842 0.020582 0.021206
0 0.144982 0.354408 0.197878 0.201311
0 0.923289 0.039604 0.046954 0.045860
0 0.286893 0.727440 0.037423 0.037512
0 0.487986 0.965940 0.088394 0.068119
0 0.514453 0.515796 0.024142 0.024426
0 0.858042 0.259436 0.077585 0.077252
0 0.179229 0.761165 0.020322 0.020160
0 0.384142 0.868800 0.025839 0.025414
0 0.533084 0.930781 0.053463 0.052434
0 0.847861 0.112591 0.032431 0.032995
0 0.910198 0.174977 0.127879 0.132860
0 0.632269 0.945736 0.019470 0.019409
0 0.412061 0.203122 0.025990 0.026420
0 0.021002 0.944352 0.032881 0.033232
0 0.177542 0.647749 0.022432 0.022540
0 0.023596 0.487780 0.028415 0.028471
0 0.380524 0.371798 0.024320 0.024384
0 0.984440 0.062003 0.030914 0.032400
0 0.097769 0.176580 0.056495 0.056749
0 0.243702 0.248404 0.019319 0.018802
0 0.311345 0.330576 0.031700 0.031425
0 0.391658 0.887808 0.020298 0.020242
0 0.806703 0.964704 0.037564 0.036364
0 0.230606 0.647006 0.023769 0.023133
0 0.074200 0.762158 0.019158 0.018990
0 0.921783 0.908889 0.034822 0.034488
0 0.213268 0.750208 0.018935 0.018861
0 0.774312 0.641592 0.020090 0.020325
0 0.686222 0.968313 0.029724 0.030538
0 0.319787 0.216117 0.028818 0.028682
0 0.155257 0.124584 0.088725 0.088959
0 0.463567 0.503151 0.021912 0.021711
0 0.563318 0.483963 0.031442 0.031076
0 0.017932 0.594313 0.023252 0.023031
0 0.305565 0.761991 0.072000 0.072051
0 0.225630 0.880707 0.019687 0.019578
0 0.091638 0.600190 0.033965 0.034446
0 0.635636 0.176271 0.018394 0.018569
0 0.826521 0.943944 0.031280 0.031287
0 0.851557 0.926010 0.035952 0.033980
0 0.418368 0.400415 0.022333 0.023049
0 0.709986 0.062818 0.018439 0.018190
0 0.359884 0.871318 0.018833 0.018698
0 0.786539 0.628570 0.021521 0.021653
0 0.825109 0.358705 0.030094 0.030440
0 0.903449 0.362965 0.025671 0.026264
0 0.022678 0.762916 0.019758 0.019853
0 0.899856 0.084907 0.018579 0.018553
0 0.595425 0.814795 0.034613 0.034840
0 0.954171 0.911042 0.022481 0.022432
0 0.822021 0.721491 0.194644 0.197446
0 0.777087 0.987137 0.021207 0.021577
0 0.272029 0.290456 0.018506 0.018775
0 0.190734 0.629072 0.025161 0.024890
0 0.944682 0.624243 0.016250 0.016080
0 0.819016 0.925186 0.024485 0.023900
0 0.544268 0.328861 0.017670 0.017498
0 0.047404 0.681201 0.018721 0.018656
0 0.986558 0.427390 0.026884 0.055138
0 0.666364 0.982821 0.019677 0.019228
0 0.601502 0.016857 0.071780 0.033713
0 0.692794 0.304744 0.049238 0.051521
0 0.902214 0.293186 0.019198 0.019957
0 0.083558 0.659897 0.019658 0.019307
0 0.657548 0.727616 0.016620 0.016748
0 0.329692 0.445154 0.023905 0.024313
0 0.864674 0.763660 0.158514 0.164226
0 0.980493 0.821633 0.038696 0.052984
0 0.162659 0.821942 0.019747 0.018626
0 0.285993 0.390281 0.020629 0.020586
0 0.178361 0.811851 0.060671 0.061025
0 0.527048 0.589539 0.017678 0.017514
0 0.183076 0.846441 0.019674 0.019504
0 0.428521 0.941034 0.055958 0.057027
0 0.477465 0.920690 0.019383 0.019419
0 0.273339 0.258962 0.019116 0.019067
0 0.413686 0.604379 0.021821 0.022261
0 0.204593 0.988086 0.022213 0.021913
0 0.107879 0.639400 0.036797 0.034430
0 0.005291 0.899222 0.010582 0.030665
0 0.460194 0.377898 0.027403 0.027319
0 0.053908 0.044608 0.047592 0.048562
0 0.479324 0.902100 0.022848 0.022735
0 0.086590 0.569574 0.018807 0.018655
0 0.819775 0.988308 0.022210 0.021348
0 0.917027 0.704820 0.017760 0.017721
0 0.215458 0.012457 0.018480 0.019289
0 0.508048 0.911846 0.021162 0.022064
0 0.766614 0.619244 0.020237 0.020016
0 0.024953 0.196951 0.019177 0.018819
0 0.302564 0.021835 0.127445 0.043671
0 0.368755 0.303032 0.021525 0.021017
0 0.006659 0.190895 0.012848 0.033218
0 0.444804 0.946208 0.020036 0.023679
0 0.616331 0.804737 0.019471 0.020894
0 0.613540 0.973721 0.017320 0.017776
0 0.793559 0.016321 0.016560 0.017171
0 0.275046 0.954157 0.017026 0.016945
0 0.332247 0.872585 0.018447 0.018567
0 0.685659 0.544302 0.016715 0.016864
0 0.583449 0.990601 0.017658 0.017124
0 0.249589 0.731885 0.037098 0.037836
0 0.154412 0.324199 0.018987 0.018557
0 0.915874 0.009668 0.020429 0.018756
0 0.956480 0.292569 0.018920 0.018866
0 0.410611 0.700263 0.017727 0.016669
