0 0.463220 0.907469 0.023776 0.023645
0 0.934768 0.055122 0.039096 0.039105
0 0.069254 0.692170 0.115604 0.114698
0 0.646024 0.490336 0.036370 0.037076
0 0.333241 0.727408 0.021802 0.021961
0 0.399771 0.379501 0.024476 0.024532
0 0.626466 0.385755 0.028955 0.028350
0 0.128450 0.321793 0.030918 0.031256
0 0.837475 0.574523 0.021511 0.021712
0 0.931787 0.610926 0.038971 0.038956
0 0.784325 0.520542 0.023767 0.023527
0 0.321270 0.453913 0.026222 0.026124
0 0.576055 0.047354 0.035947 0.036180
0 0.243964 0.611324 0.023383 0.023156
0 0.079514 0.415329 0.021565 0.021524
0 0.335231 0.308480 0.023315 0.023202
0 0.849340 0.082596 0.020561 0.020799
0 0.128246 0.082245 0.032494 0.033040
0 0.493474 0.396614 0.022810 0.022908
0 0.927339 0.841592 0.031546 0.031688
0 0.482288 0.976459 0.050756 0.047082
0 0.313175 0.822369 0.024461 0.024277
0 0.365736 0.278158 0.038872 0.039191
0 0.250090 0.280990 0.035253 0.035302
0 0.456046 0.394279 0.032519 0.032623
0 0.351563 0.805272 0.370517 0.368634
0 0.143163 0.258884 0.025599 0.025553
0 0.073025 0.285102 0.031544 0.031638
0 0.230852 0.048681 0.038277 0.037559
0 0.405235 0.143329 0.033708 0.033839
0 0.883247 0.410952 0.056341 0.056050
0 0.357666 0.027659 0.026425 0.026913
0 0.209836 0.199344 0.026198 0.025853
0 0.722294 0.293489 0.036399 0.036426
0 0.841775 0.380806 0.043098 0.043521
0 0.407570 0.316924 0.023061 0.023748
0 0.204977 0.094195 0.045654 0.044691
0 0.097825 0.348558 0.019416 0.019606
0 0.162395 0.428664 0.045441 0.045871
0 0.316246 0.392318 0.031681 0.031974
0 0.258980 0.089382 0.040042 0.039887
0 0.823963 0.018940 0.030521 0.030062
0 0.282715 0.828776 0.022633 0.022382
0 0.182080 0.973437 0.055606 0.052952
0 0.058674 0.919420 0.021122 0.021674
0 0.163222 0.177940 0.026495 0.026885
0 0.048502 0.108751 0.054103 0.055582
0 0.771161 0.612844 0.051108 0.050429
0 0.540533 0.241391 0.032503 0.032276
0 0.974609 0.043494 0.019620 0.020125
0 0.531236 0.198680 0.026204 0.025926
0 0.435611 0.140876 0.025843 0.025917
0 0.653661 0.308003 0.041817 0.041421
0 0.268520 0.488296 0.020904 0.021492
0 0.008362 0.770732 0.016593 0.023487
0 0.528615 0.411095 0.024861 0.024669
0 0.807725 0.906892 0.022053 0.021854
0 0.260055 0.762206 0.021649 0.022585
0 0.042370 0.204681 0.019630 0.019344
0 0.454810 0.494968 0.019249 0.019232
0 0.488216 0.517642 0.022769 0.023218
0 0.013546 0.288659 0.027092 0.030876
0 0.186759 0.187424 0.021426 0.021632
0 0.102479 0.030165 0.022604 0.022438
0 0.735461 0.317444 0.021195 0.021446
0 0.503765 0.125549 0.022690 0.022794
0 0.984782 0.487196 0.021312 0.021066
0 0.604984 0.308886 0.026573 0.026290
0 0.647457 0.212608 0.023768 0.023944
0 0.181793 0.047684 0.029437 0.029792
0 0.249300 0.741220 0.020488 0.022044
0 0.355291 0.851342 0.018741 0.018969
0 0.464040 0.203045 0.027864 0.028194
0 0.571020 0.462425 0.028688 0.029816
0 0.885798 0.360001 0.046853 0.046689
0 0.231430 0.937914 0.023255 0.023330
0 0.235720 0.755733 0.047699 0.047780
0 0.268710 0.634323 0.025299 0.025149
0 0.361697 0.585046 0.018964 0.018911
0 0.189077 0.913680 0.061695 0.061928
0 0.316632 0.342659 0.018719 0.018964
0 0.979796 0.007532 0.020159 0.015064
0 0.875311 0.222768 0.022391 0.022421
0 0.126149 0.042429 0.021434 0.020762
0 0.214347 0.672914 0.025927 0.026118
0 0.408783 0.965370 0.023071 0.022723
0 0.259151 0.009861 0.031628 0.019479
0 0.241303 0.206285 0.028647 0.029094
0 0.319984 0.863397 0.018641 0.018544
0 0.129534 0.386855 0.019662 0.019667
0 0.849781 0.935441 0.018726 0.018687
0 0.009331 0.110135 0.018096 0.019828
0 0.203753 0.722663 0.023146 0.022550
0 0.262805 0.262611 0.017999 0.018458
0 0.798751 0.091508 0.018108 0.018264
0 0.924480 0.180749 0.019976 0.019918
0 0.336114 0.960336 0.029962 0.030863
0 0.065926 0.990414 0.036328 0.019173
0 0.360929 0.973626 0.020419 0.020010
0 0.107096 0.126086 0.018188 0.017888
0 0.037003 0.829753 0.018190 0.018330
0 0.943751 0.379097 0.047135 0.048327
0 0.740466 0.404999 0.021087 0.021220
0 0.112655 0.058624 0.021476 0.021225
0 0.100352 0.439372 0.018601 0.018512
0 0.252311 0.343358 0.033769 0.034195
0 0.736794 0.661573 0.020055 0.020145
0 0.069259 0.549558 0.017284 0.017355
0 0.296256 0.074625 0.021257 0.021177
0 0.287100 0.437153 0.018390 0.018690
0 0.365469 0.058164 0.017984 0.017921
0 0.898344 0.374906 0.025429 0.022641
0 0.448931 0.780774 0.032303 0.032698
0 0.429063 0.841127 0.019304 0.019781
0 0.424592 0.290100 0.038617 0.038303
0 0.254328 0.058865 0.016265 0.016412
0 0.058969 0.600239 0.017004 0.016877
0 0.962219 0.819429 0.018776 0.018595
0 0.604047 0.362717 0.020774 0.021315
0 0.279173 0.319947 0.021545 0.021210
0 0.978240 0.659117 0.022026 0.021890
0 0.067754 0.950736 0.048320 0.047164
0 0.899285 0.272155 0.019100 0.018909
0 0.761826 0.042747 0.017487 0.017396
0 0.859872 0.125765 0.019747 0.019539
0 0.662276 0.348741 0.025828 0.026067
0 0.155714 0.361378 0.016828 0.016949
0 0.036324 0.136537 0.018491 0.018795
0 0.008788 0.057372 0.017394 0.022804
0 0.243644 0.466851 0.016397 0.016562
0 0.319427 0.132756 0.040513 0.040245
0 0.751398 0.308267 0.019972 0.020015
0 0.383250 0.124761 0.022214 0.021799
0 0.412032 0.204296 0.064957 0.060888
0 0.993492 0.419341 0.012797 0.036683
