0 0.195192 0.369666 0.236447 0.234350
0 0.508024 0.680193 0.022982 0.023143
0 0.402078 0.563148 0.027957 0.028132
0 0.495046 0.159324 0.025076 0.024825
0 0.635937 0.192879 0.062772 0.063455
0 0.488476 0.472130 0.035261 0.035226
0 0.331479 0.644908 0.037195 0.037059
0 0.385914 0.928467 0.030340 0.030171
0 0.956686 0.617755 0.027840 0.027643
0 0.519069 0.279617 0.133911 0.133707
0 0.380840 0.391508 0.025679 0.025661
0 0.552306 0.440560 0.053582 0.053100
0 0.447776 0.606176 0.024469 0.024329
0 0.480309 0.956593 0.029203 0.028593
0 0.587532 0.090796 0.079222 0.079149
0 0.244129 0.787586 0.027906 0.028429
0 0.421875 0.670263 0.025696 0.025702
0 0.398677 0.123124 0.021096 0.021241
0 0.858137 0.402047 0.028741 0.027947
0 0.766322 0.105189 0.038198 0.037744
0 0.936073 0.411747 0.023679 0.023711
0 0.868846 0.456174 0.034480 0.034573
0 0.385109 0.858127 0.034309 0.034055
0 0.646736 0.958159 0.026042 0.026088
0 0.568717 0.934640 0.027195 0.027563
0 0.043031 0.858021 0.068785 0.069768
0 0.837518 0.589008 0.033893 0.033570
0 0.502284 0.218387 0.020768 0.021071
0 0.203628 0.022629 0.032870 0.031815
0 0.743141 0.036896 0.086734 0.073330
0 0.712722 0.969393 0.034285 0.035324
0 0.058821 0.032670 0.050482 0.050070
0 0.675105 0.518102 0.021836 0.021973
0 0.335663 0.367058 0.047298 0.046695
0 0.813987 0.425108 0.019953 0.020045
0 0.164524 0.008537 0.026308 0.017074
0 0.572789 0.761797 0.024297 0.024804
0 0.538785 0.204237 0.021416 0.021742
0 0.741536 0.365140 0.021752 0.021225
0 0.201502 0.083062 0.041317 0.041307
0 0.393877 0.281902 0.020213 0.020292
0 0.540238 0.578049 0.024523 0.024202
0 0.253632 0.754063 0.028540 0.028708
0 0.461895 0.182529 0.038305 0.037335
0 0.992161 0.083617 0.015678 0.027239
0 0.670908 0.045957 0.022958 0.023575
0 0.560108 0.406709 0.020973 0.020898
0 0.231231 0.868151 0.021622 0.021990
0 0.469452 0.021070 0.037476 0.037118
0 0.690453 0.987631 0.023400 0.023248
0 0.768707 0.988750 0.029300 0.021998
0 0.448673 0.668793 0.020670 0.020590
0 0.374484 0.050767 0.164073 0.101410
0 0.845442 0.862544 0.021111 0.021285
0 0.644615 0.338591 0.091163 0.089462
0 0.880177 0.265593 0.022323 0.022731
0 0.538369 0.941335 0.029443 0.029247
0 0.299798 0.694941 0.019958 0.020196
0 0.921128 0.186713 0.019433 0.019683
0 0.725796 0.838217 0.029563 0.029284
0 0.653581 0.792841 0.025805 0.025357
0 0.428407 0.515427 0.020501 0.020073
0 0.555167 0.743564 0.024237 0.024533
0 0.603397 0.495633 0.019723 0.019907
0 0.840988 0.302468 0.063694 0.063847
0 0.148791 0.957249 0.021415 0.021739
0 0.723508 0.408143 0.025628 0.024840
0 0.329741 0.817141 0.019754 0.019700
0 0.541127 0.478277 0.019821 0.019167
0 0.991992 0.777990 0.015880 0.021575
0 0.354546 0.262261 0.020462 0.020276
0 0.552489 0.793670 0.067584 0.067937
0 0.251833 0.251009 0.022156 0.022669
0 0.659164 0.028773 0.019611 0.020004
0 0.919323 0.736211 0.019886 0.020006
0 0.930512 0.545294 0.018765 0.018704
0 0.581631 0.308201 0.077284 0.077757
0 0.493026 0.585403 0.018426 0.018441
0 0.024011 0.399569 0.021970 0.021819
0 0.121680 0.836633 0.021326 0.021302
0 0.626895 0.151478 0.028274 0.027792
0 0.912993 0.462813 0.018710 0.018404
0 0.990538 0.248129 0.018925 0.029330
0 0.453926 0.788249 0.023513 0.022804
0 0.985571 0.496084 0.020578 0.019718
0 0.117111 0.602875 0.024478 0.024579
0 0.262496 0.132524 0.026341 0.023084
0 0.381507 0.834417 0.020093 0.019809
0 0.336735 0.669042 0.019871 0.019204
0 0.990806 0.370439 0.015866 0.016987
0 0.815431 0.553118 0.108680 0.109787
0 0.008797 0.914817 0.017593 0.044307
0 0.708602 0.816807 0.022952 0.023209
0 0.944717 0.126953 0.021804 0.021358
0 0.900955 0.339961 0.017364 0.017451
0 0.696051 0.074215 0.046890 0.046846
0 0.592931 0.025229 0.083385 0.050459
0 0.905894 0.288970 0.017595 0.017550
0 0.039688 0.799518 0.020211 0.020375
0 0.523586 0.531487 0.022949 0.023496
0 0.019884 0.710443 0.024226 0.024762
0 0.129535 0.898912 0.020731 0.020516
0 0.898311 0.209999 0.018770 0.018109
0 0.483971 0.537313 0.022176 0.021837
0 0.209638 0.551340 0.024378 0.025154
0 0.648911 0.676334 0.017979 0.017897
0 0.783401 0.317913 0.017610 0.017661
0 0.993700 0.756569 0.012601 0.017786
0 0.183308 0.976376 0.119265 0.047249
0 0.032626 0.417858 0.023695 0.023234
0 0.026319 0.656974 0.019925 0.019256
0 0.181219 0.621277 0.017728 0.018026
0 0.833444 0.260608 0.016855 0.016833
0 0.346725 0.882190 0.021328 0.021288
0 0.438982 0.298856 0.017487 0.017738
0 0.241343 0.243157 0.077876 0.080049
0 0.396083 0.766356 0.017298 0.017456
0 0.503004 0.851899 0.019342 0.019137
0 0.141029 0.012692 0.018705 0.019170
0 0.323683 0.332351 0.020908 0.020099
0 0.503316 0.447441 0.018410 0.018472
0 0.757074 0.387295 0.016966 0.016477
0 0.980322 0.229760 0.027816 0.026957
0 0.802404 0.340171 0.018143 0.018101
0 0.898806 0.751848 0.018390 0.018497
0 0.860892 0.605320 0.017813 0.017917
0 0.432575 0.212611 0.078372 0.081061
0 0.265351 0.122442 0.038884 0.041618
0 0.903761 0.099691 0.192477 0.197397
0 0.832992 0.408475 0.026648 0.026868
0 0.414764 0.032530 0.029374 0.031349
