0 0.500217 0.233078 0.080054 0.080879
0 0.986787 0.726235 0.026427 0.048222
0 0.198971 0.748816 0.032309 0.032583
0 0.866380 0.516218 0.031384 0.031222
0 0.837613 0.281894 0.024810 0.025023
0 0.149638 0.744056 0.024051 0.024694
0 0.724853 0.434781 0.043343 0.043328
0 0.705887 0.808876 0.022565 0.022483
0 0.981210 0.496519 0.034041 0.036604
0 0.658934 0.048383 0.138468 0.096052
0 0.042291 0.915562 0.023673 0.023653
0 0.256934 0.660813 0.023790 0.023674
0 0.570522 0.044432 0.049226 0.049841
0 0.106894 0.939754 0.029045 0.029143
0 0.231659 0.742709 0.026746 0.026949
0 0.650046 0.453226 0.033377 0.033495
0 0.371228 0.082652 0.022825 0.022592
