0 0.829333 0.013832 0.036203 0.027664
0 0.832983 0.624397 0.026976 0.026994
0 0.756004 0.648780 0.042932 0.042710
0 0.793420 0.189986 0.026612 0.026548
0 0.959603 0.195306 0.024122 0.024479
0 0.902368 0.309897 0.036520 0.036552
0 0.913469 0.247466 0.028121 0.027767
0 0.659259 0.543457 0.043545 0.043352
0 0.236793 0.491953 0.027323 0.027075
0 0.698868 0.480822 0.036116 0.035925
0 0.085667 0.329620 0.032821 0.032927
0 0.714093 0.570201 0.025374 0.024779
0 0.448423 0.979248 0.050275 0.041504
0 0.186613 0.662235 0.040675 0.040619
0 0.819007 0.491687 0.033570 0.033895
0 0.624326 0.189708 0.032375 0.032202
0 0.048813 0.868915 0.035469 0.035126
0 0.754713 0.910961 0.035469 0.035679
0 0.946080 0.295050 0.033993 0.034520
0 0.349196 0.283594 0.030503 0.030447
0 0.985315 0.133642 0.028046 0.028866
0 0.065016 0.407845 0.029707 0.029902
0 0.893705 0.431541 0.022948 0.022876
0 0.671023 0.621900 0.023742 0.023707
0 0.402624 0.942552 0.033034 0.032835
0 0.916845 0.439840 0.021654 0.021900
0 0.718000 0.759407 0.023738 0.023665
0 0.485851 0.788279 0.024175 0.024480
0 0.009884 0.802627 0.019723 0.025740
0 0.324252 0.296227 0.025494 0.025089
0 0.946013 0.946985 0.025235 0.024962
0 0.980377 0.303880 0.020856 0.020945
0 0.781419 0.526714 0.023269 0.023376
0 0.112943 0.174508 0.036623 0.036118
0 0.935114 0.190662 0.022612 0.023002
0 0.397519 0.786896 0.023606 0.023628
0 0.849027 0.509155 0.025980 0.025919
0 0.904459 0.747605 0.022323 0.022344
0 0.237359 0.151931 0.022160 0.021842
0 0.718848 0.597426 0.020987 0.020792
0 0.062999 0.586704 0.024124 0.024216
0 0.907078 0.657210 0.020339 0.020650
0 0.377356 0.515296 0.026749 0.026376
0 0.688431 0.954884 0.020665 0.020724
0 0.422621 0.453324 0.134998 0.135036
0 0.149586 0.800864 0.022296 0.021781
0 0.301607 0.888598 0.033733 0.033105
0 0.662215 0.807917 0.021557 0.021273
0 0.801534 0.515917 0.022359 0.022951
0 0.648719 0.058538 0.020214 0.020064
0 0.743004 0.706273 0.027975 0.028348
0 0.744821 0.954213 0.022107 0.021832
0 0.202891 0.556225 0.024356 0.024580
