0 0.141090 0.864826 0.046180 0.046068
0 0.078556 0.701286 0.041155 0.040322
0 0.938163 0.042515 0.052952 0.052764
0 0.603467 0.689521 0.029565 0.030133
0 0.524962 0.188896 0.027152 0.027105
0 0.539625 0.600681 0.031722 0.032119
0 0.109499 0.493551 0.029615 0.029809
0 0.602639 0.525092 0.036453 0.035980
0 0.099285 0.608689 0.035758 0.035204
0 0.494889 0.496208 0.044666 0.044117
0 0.045427 0.127850 0.032312 0.031941
0 0.302304 0.691837 0.032802 0.033027
0 0.042048 0.521188 0.027076 0.026999
0 0.761856 0.357299 0.031518 0.031013
0 0.159387 0.458789 0.025237 0.025440
0 0.216984 0.650167 0.026408 0.026187
0 0.026386 0.170757 0.030730 0.031127
0 0.853815 0.170551 0.026497 0.026158
0 0.119281 0.765377 0.023604 0.023443
0 0.299324 0.346848 0.028644 0.028508
0 0.289742 0.940850 0.028012 0.027841
0 0.224486 0.913759 0.025607 0.025615
0 0.527869 0.777274 0.024216 0.024245
0 0.284025 0.917973 0.024202 0.024589
0 0.528539 0.960634 0.043786 0.044807
0 0.021388 0.278705 0.023061 0.022574
0 0.970078 0.238629 0.027994 0.027873
0 0.582298 0.215990 0.029757 0.029492
0 0.448971 0.660122 0.023454 0.023491
0 0.246622 0.855728 0.025046 0.025056
0 0.325458 0.717455 0.025281 0.025291
0 0.125019 0.197559 0.025864 0.025651
0 0.322717 0.336833 0.026453 0.025637
0 0.646403 0.333786 0.024962 0.025079
0 0.064932 0.206562 0.023490 0.023523
0 0.128681 0.539923 0.021776 0.021573
0 0.212947 0.764268 0.026304 0.025899
0 0.138938 0.362624 0.023193 0.023277
0 0.419359 0.638587 0.022151 0.022231
0 0.177673 0.644334 0.026011 0.027037
0 0.711681 0.435104 0.021454 0.021630
0 0.674965 0.342562 0.022783 0.022515
0 0.401233 0.942781 0.035412 0.035390
0 0.983561 0.201836 0.026458 0.025333
0 0.273243 0.842116 0.021564 0.021262
0 0.587764 0.061271 0.025695 0.025683
0 0.016286 0.338549 0.022266 0.021771
0 0.586259 0.108967 0.024781 0.024361
0 0.242894 0.892749 0.022537 0.022727
0 0.115244 0.275500 0.022188 0.022118
0 0.434162 0.807401 0.021660 0.021817
0 0.053138 0.402378 0.020394 0.020461
0 0.442802 0.106631 0.032352 0.031835
0 0.229288 0.222631 0.025525 0.025308
0 0.502259 0.968827 0.057869 0.055480
0 0.628271 0.277367 0.021960 0.022134
0 0.240671 0.732081 0.038079 0.037602
0 0.690739 0.991519 0.020505 0.016961
0 0.048453 0.675589 0.039095 0.039102
0 0.991230 0.232206 0.017541 0.030663
0 0.359169 0.673802 0.023335 0.023314
0 0.818258 0.024055 0.031665 0.031699
0 0.804193 0.871029 0.061816 0.061373
0 0.188135 0.957034 0.020143 0.020079
0 0.619772 0.124579 0.023823 0.023548
0 0.257110 0.019766 0.026028 0.025366
0 0.785175 0.894283 0.026506 0.025943
0 0.428730 0.760624 0.020345 0.020397
0 0.158574 0.512093 0.020515 0.020618
0 0.336350 0.219491 0.022714 0.022754
0 0.849343 0.208378 0.020402 0.020711
0 0.980887 0.106954 0.023124 0.022601
0 0.006687 0.155899 0.013374 0.025617
0 0.349026 0.369902 0.026564 0.026394
0 0.764856 0.892993 0.020592 0.020750
0 0.710571 0.533232 0.019277 0.019622
0 0.475068 0.047640 0.032897 0.032727
0 0.871718 0.155257 0.022569 0.021981
0 0.418618 0.594579 0.022650 0.022454
0 0.081532 0.758025 0.024317 0.023535
0 0.099029 0.025135 0.032740 0.032731
0 0.753044 0.106048 0.021921 0.022007
0 0.943164 0.195120 0.021831 0.022080
0 0.059501 0.737420 0.028712 0.029162
0 0.678736 0.199846 0.021545 0.021130
0 0.458093 0.793370 0.020044 0.020045
0 0.578433 0.021503 0.019756 0.020265
