0 0.647850 0.780505 0.046314 0.046268
0 0.147459 0.620397 0.028197 0.028010
0 0.119995 0.581936 0.039877 0.039639
0 0.163802 0.826217 0.031848 0.031706
0 0.079521 0.833080 0.029157 0.030090
0 0.175555 0.668743 0.025044 0.025129
0 0.306626 0.119993 0.038709 0.038017
0 0.176264 0.711489 0.028314 0.028143
0 0.228870 0.250983 0.059401 0.058728
0 0.083825 0.789194 0.021534 0.021476
0 0.358769 0.134581 0.062744 0.062704
0 0.232371 0.455020 0.025877 0.026672
0 0.371321 0.471234 0.033212 0.033668
0 0.380611 0.629658 0.023159 0.023562
0 0.230054 0.558759 0.032621 0.032911
0 0.320222 0.290121 0.041655 0.041648
0 0.321614 0.580596 0.025041 0.025736
0 0.022434 0.923358 0.035164 0.034428
0 0.267327 0.207981 0.064885 0.061871
0 0.156800 0.684254 0.026169 0.025488
0 0.286179 0.261063 0.059521 0.060341
0 0.299700 0.902992 0.039572 0.040720
0 0.062540 0.546846 0.125080 0.294409
0 0.085267 0.971771 0.030832 0.031913
0 0.241328 0.501140 0.024121 0.023846
0 0.798480 0.789646 0.023248 0.023427
0 0.292149 0.870825 0.023975 0.024147
0 0.402474 0.212122 0.033442 0.033592
0 0.327272 0.498705 0.035855 0.035060
0 0.036229 0.167516 0.030795 0.030750
0 0.328003 0.216492 0.053962 0.053373
0 0.519673 0.101797 0.076654 0.079612
0 0.327980 0.313835 0.044130 0.043714
0 0.391179 0.086890 0.022027 0.022392
0 0.307478 0.691667 0.020236 0.020347
0 0.889523 0.515797 0.022020 0.021949
0 0.352227 0.106209 0.024715 0.024164
0 0.182644 0.045568 0.021357 0.021366
0 0.846539 0.703277 0.020183 0.020233
0 0.186419 0.943021 0.020682 0.020528
0 0.241014 0.061453 0.020307 0.020211
0 0.110537 0.237697 0.030064 0.030354
