0 0.322235 0.341066 0.161245 0.119731
0 0.346436 0.800359 0.136543 0.102520
0 0.856986 0.193039 0.109202 0.080230
0 0.603383 0.097971 0.123673 0.095542
0 0.528991 0.077987 0.051597 0.039589
0 0.476598 0.874401 0.054158 0.040668
0 0.292418 0.468818 0.076950 0.057723
0 0.644394 0.639877 0.041020 0.031211
0 0.078710 0.555451 0.046938 0.033095
0 0.148238 0.702362 0.063020 0.046884
0 0.652399 0.028483 0.086113 0.056447
0 0.344459 0.583788 0.080435 0.058081
0 0.677660 0.232191 0.045448 0.034375
0 0.552844 0.389080 0.041374 0.031037
0 0.338752 0.681258 0.067482 0.050164
0 0.200154 0.680793 0.068593 0.052310
0 0.147673 0.493390 0.114959 0.088493
0 0.214149 0.828820 0.064245 0.048750
0 0.067681 0.241741 0.045328 0.032223
0 0.166825 0.631194 0.057344 0.041877
0 0.431425 0.584140 0.083629 0.062963
0 0.589741 0.517963 0.091427 0.072742
0 0.319503 0.423500 0.055769 0.041709
0 0.684099 0.503691 0.105327 0.076572
0 0.804730 0.535475 0.040492 0.031110
0 0.494992 0.129167 0.100271 0.073683
0 0.434236 0.833309 0.038950 0.029191
0 0.521923 0.870209 0.100098 0.073295
0 0.754459 0.887582 0.060410 0.047322
0 0.687596 0.526336 0.130816 0.105866
0 0.844347 0.380025 0.076843 0.060877
0 0.923752 0.023562 0.037843 0.032043
0 0.827974 0.626863 0.060457 0.042954
0 0.848605 0.476040 0.067283 0.051475
0 0.531253 0.794251 0.049908 0.036239
0 0.291734 0.640124 0.072698 0.052970
0 0.946756 0.835955 0.033923 0.029198
0 0.764310 0.567254 0.060380 0.046467
0 0.567553 0.301650 0.058060 0.046559
0 0.013702 0.687337 0.027403 0.029915
0 0.513726 0.015441 0.093746 0.030882
0 0.180381 0.141898 0.039594 0.030170
0 0.330077 0.896510 0.039090 0.028187
0 0.982550 0.167163 0.034628 0.070057
0 0.241369 0.426016 0.087523 0.066517
0 0.474469 0.040094 0.036974 0.027825
0 0.632548 0.912408 0.035853 0.026596
0 0.802486 0.393627 0.034887 0.025243
