0 0.281333 0.653428 0.041725 0.039120
0 0.353421 0.892676 0.054335 0.047394
0 0.342643 0.754788 0.040509 0.036212
0 0.416103 0.983060 0.061022 0.033879
0 0.309091 0.829634 0.044168 0.038778
0 0.928698 0.985613 0.028693 0.027023
0 0.368293 0.857347 0.036540 0.032302
0 0.101935 0.944913 0.034772 0.032206
0 0.844540 0.298271 0.031083 0.026781
0 0.266924 0.686445 0.033450 0.031284
0 0.410643 0.874051 0.031239 0.029476
0 0.249224 0.836876 0.030512 0.027694
0 0.316637 0.780563 0.030504 0.028882
0 0.068681 0.036706 0.030808 0.026666
