0 0.525209 0.500640 0.053729 0.054302
0 0.914331 0.549170 0.027558 0.027496
0 0.976299 0.699887 0.026728 0.026820
0 0.785931 0.242741 0.055259 0.054613
0 0.251916 0.470587 0.028920 0.029179
0 0.456095 0.247353 0.055618 0.055514
0 0.558993 0.406367 0.030902 0.030374
0 0.333188 0.414993 0.024733 0.024762
0 0.767124 0.091507 0.027256 0.027555
0 0.586073 0.686271 0.023411 0.023203
0 0.548924 0.644995 0.025561 0.025659
0 0.646193 0.363437 0.022906 0.022921
0 0.317789 0.240636 0.027092 0.026682
0 0.947951 0.956617 0.020569 0.020614
0 0.529637 0.366549 0.025370 0.025593
0 0.118308 0.556194 0.027316 0.026882
0 0.941809 0.106228 0.022779 0.023753
0 0.779906 0.648111 0.022000 0.022317
0 0.726742 0.957276 0.028854 0.029139
0 0.534562 0.341358 0.020832 0.020698
0 0.604712 0.835743 0.042784 0.042054
0 0.261815 0.304895 0.031361 0.031582
0 0.215513 0.612290 0.027523 0.027620
0 0.863990 0.293458 0.037865 0.038013
0 0.395488 0.690495 0.022977 0.023084
0 0.197927 0.637047 0.021466 0.021628
0 0.938255 0.410549 0.023813 0.023771
0 0.128634 0.241923 0.084386 0.082065
0 0.915990 0.930717 0.029828 0.030608
0 0.977582 0.594982 0.022273 0.021593
0 0.250650 0.152933 0.024260 0.024037
0 0.728654 0.447711 0.025003 0.025275
