0 0.748588 0.248136 0.288055 0.290581
0 0.140349 0.500736 0.055793 0.055390
0 0.556873 0.511445 0.043725 0.043951
0 0.847739 0.797502 0.034472 0.035032
0 0.909536 0.683775 0.053663 0.052886
0 0.723397 0.920034 0.037200 0.036679
0 0.090294 0.976371 0.044500 0.044716
0 0.323592 0.121591 0.039749 0.039862
0 0.322320 0.581854 0.032594 0.032192
0 0.424350 0.227008 0.038797 0.038673
0 0.334039 0.454521 0.029395 0.029681
0 0.444959 0.477845 0.032511 0.032980
0 0.341780 0.976779 0.029702 0.029210
0 0.426839 0.656710 0.035960 0.035194
0 0.125246 0.988398 0.043504 0.022990
0 0.628289 0.524110 0.037964 0.038102
0 0.391947 0.187189 0.044127 0.044189
0 0.767558 0.921427 0.031724 0.031917
0 0.294301 0.970895 0.032100 0.032769
0 0.842781 0.736696 0.033582 0.033415
0 0.020815 0.072064 0.028865 0.028432
0 0.765967 0.464973 0.033389 0.032971
0 0.421591 0.840849 0.024081 0.023922
0 0.744277 0.833445 0.025335 0.025290
0 0.237967 0.632329 0.030792 0.030241
0 0.339040 0.241757 0.030795 0.030418
0 0.283442 0.040150 0.031210 0.030051
0 0.143614 0.148524 0.025129 0.024710
0 0.041873 0.969562 0.029810 0.029817
0 0.367650 0.066375 0.025637 0.025733
0 0.652706 0.919516 0.022451 0.023215
0 0.349088 0.814292 0.025017 0.024780
0 0.606573 0.855931 0.023567 0.023580
0 0.134975 0.532083 0.027216 0.026010
0 0.111943 0.623309 0.025296 0.025153
0 0.020761 0.114662 0.025779 0.025231
0 0.057830 0.509861 0.024355 0.024080
0 0.118165 0.648588 0.027074 0.026998
0 0.170343 0.473553 0.024590 0.024375
0 0.242999 0.062584 0.025435 0.025553
0 0.180042 0.009347 0.033158 0.018694
0 0.482730 0.961105 0.022555 0.022809
0 0.677232 0.991339 0.021368 0.017323
0 0.010456 0.889293 0.020189 0.021361
0 0.980492 0.555685 0.022848 0.023032
0 0.297764 0.697610 0.021778 0.021855
0 0.441525 0.973943 0.024106 0.024025
0 0.111107 0.472766 0.026444 0.025585
0 0.409369 0.928485 0.024522 0.024377
0 0.458561 0.948999 0.031592 0.031711
0 0.920193 0.030563 0.079845 0.061127
0 0.541993 0.921461 0.024577 0.024699
0 0.989885 0.311238 0.020141 0.024206
0 0.072525 0.876404 0.020582 0.020553
0 0.395356 0.241140 0.027377 0.027397
0 0.080460 0.308853 0.020087 0.020130
0 0.975457 0.490618 0.022583 0.022993
