0 0.929527 0.193686 0.085102 0.063515
0 0.708070 0.531574 0.108845 0.081532
0 0.131359 0.581967 0.051458 0.038559
0 0.591195 0.029095 0.097226 0.058191
0 0.089825 0.309708 0.055552 0.042572
0 0.225978 0.431829 0.071933 0.049871
0 0.153492 0.626231 0.050863 0.035954
0 0.569629 0.608766 0.044082 0.032783
0 0.937122 0.719045 0.043004 0.030124
0 0.234142 0.698672 0.044396 0.031618
0 0.420072 0.409968 0.040850 0.029905
0 0.793434 0.510859 0.080849 0.065216
0 0.841186 0.479257 0.050454 0.039970
0 0.402964 0.511548 0.044725 0.035115
0 0.610707 0.234360 0.042330 0.030718
0 0.066479 0.727214 0.121058 0.084097
0 0.825817 0.454676 0.045696 0.034979
0 0.124150 0.137474 0.039868 0.030140
0 0.233687 0.635747 0.038447 0.028034
0 0.634869 0.785196 0.036832 0.027365
0 0.210929 0.010081 0.053243 0.020162
0 0.395831 0.277211 0.063208 0.050260
0 0.282419 0.393462 0.040824 0.029622
0 0.305774 0.331909 0.082878 0.064812
0 0.454478 0.202043 0.038954 0.027870
0 0.355810 0.689202 0.047645 0.035182
0 0.977442 0.124742 0.043605 0.035168
0 0.738180 0.443752 0.043090 0.033092
0 0.520817 0.119329 0.035933 0.029193
0 0.172286 0.702912 0.040864 0.031923
0 0.494313 0.382573 0.035906 0.026074
0 0.644338 0.583199 0.041973 0.028811
0 0.657190 0.716360 0.034789 0.027456
0 0.304639 0.681818 0.036642 0.028880
0 0.036249 0.711934 0.072322 0.073734
0 0.612925 0.423524 0.036735 0.026993
0 0.317205 0.277022 0.040493 0.028421
0 0.339307 0.424707 0.033878 0.027011
0 0.040689 0.333728 0.037127 0.030818
0 0.933278 0.011697 0.034392 0.023318
