0 0.735811 0.748384 0.045815 0.044894
0 0.273533 0.250170 0.023881 0.023709
0 0.668617 0.506112 0.043189 0.042579
0 0.754018 0.093750 0.028177 0.027476
0 0.074014 0.203539 0.027068 0.026936
0 0.763463 0.339615 0.030521 0.030532
0 0.163924 0.736050 0.051165 0.050411
0 0.319384 0.157261 0.026971 0.026852
0 0.259002 0.214937 0.025039 0.024539
0 0.784913 0.183612 0.032626 0.032534
0 0.033085 0.779530 0.024111 0.024374
0 0.147027 0.227618 0.023592 0.023320
0 0.723293 0.811709 0.026925 0.026131
0 0.117457 0.365577 0.031597 0.031413
0 0.316468 0.084117 0.025633 0.025525
0 0.964009 0.512596 0.023754 0.023620
0 0.842512 0.295506 0.023182 0.022716
0 0.889099 0.989783 0.054715 0.020433
0 0.051022 0.931495 0.021582 0.021789
0 0.920657 0.580795 0.031433 0.031064
0 0.769047 0.963383 0.021399 0.021426
0 0.032423 0.108845 0.020279 0.020097
0 0.330039 0.042098 0.023879 0.023975
0 0.306287 0.046620 0.020844 0.021106
0 0.563570 0.538410 0.023258 0.022795
0 0.538534 0.323747 0.021013 0.020557
0 0.137613 0.835126 0.020347 0.020308
0 0.805062 0.696332 0.019578 0.019262
0 0.047025 0.052707 0.018455 0.018278
0 0.450943 0.655211 0.034997 0.033487
0 0.007403 0.251954 0.014805 0.019366
0 0.311768 0.522979 0.022473 0.022625
0 0.189832 0.202706 0.019937 0.020024
0 0.993754 0.198316 0.012493 0.019354
0 0.243193 0.666800 0.019204 0.019327
