0 0.221529 0.860644 0.185103 0.179479
0 0.031811 0.625743 0.044624 0.044278
0 0.447270 0.297198 0.043304 0.042425
0 0.137727 0.726994 0.038303 0.037844
0 0.243231 0.316883 0.029156 0.029466
0 0.822158 0.791260 0.048845 0.049575
0 0.775999 0.610383 0.033475 0.033561
0 0.155585 0.617413 0.027641 0.027830
0 0.807065 0.762510 0.033022 0.033034
0 0.960168 0.716298 0.023840 0.023786
0 0.704875 0.424042 0.031241 0.030497
0 0.359410 0.775509 0.023758 0.023753
0 0.836385 0.755271 0.028331 0.028086
0 0.725039 0.835699 0.026459 0.026756
0 0.248409 0.475121 0.065695 0.064984
0 0.831223 0.422989 0.048522 0.047149
0 0.101381 0.204033 0.026437 0.026418
0 0.345853 0.073357 0.022494 0.022165
0 0.380958 0.260333 0.026024 0.026412
0 0.853157 0.876404 0.127034 0.128854
0 0.035419 0.780636 0.026365 0.026332
0 0.218705 0.532892 0.064556 0.063838
0 0.145395 0.260465 0.031789 0.031819
0 0.371763 0.660842 0.038158 0.038662
0 0.619475 0.164453 0.082275 0.082135
0 0.937167 0.377872 0.037243 0.037428
0 0.693113 0.311969 0.020347 0.020012
0 0.615673 0.440143 0.026362 0.026564
0 0.256157 0.225468 0.022269 0.021998
0 0.292590 0.467279 0.024227 0.024428
0 0.301413 0.141502 0.020538 0.020645
