0 0.281992 0.658037 0.028378 0.028228
0 0.302184 0.623884 0.028949 0.028904
0 0.692927 0.579550 0.031232 0.031112
0 0.840947 0.310566 0.084593 0.082874
0 0.321255 0.729507 0.030812 0.029943
0 0.711653 0.350028 0.077973 0.077939
0 0.095948 0.160854 0.033079 0.032889
0 0.959280 0.217979 0.026133 0.025863
0 0.321227 0.376528 0.028998 0.028395
0 0.803963 0.554336 0.035382 0.035911
0 0.357366 0.842850 0.027726 0.027580
0 0.236157 0.526443 0.025198 0.025111
0 0.944046 0.103206 0.028671 0.028498
0 0.040359 0.584937 0.028843 0.029776
0 0.660007 0.644424 0.022272 0.022433
0 0.270492 0.438210 0.023242 0.023405
0 0.603182 0.296509 0.160065 0.155106
0 0.782717 0.431136 0.027080 0.027208
0 0.959332 0.076003 0.028669 0.029435
0 0.972484 0.309079 0.031421 0.031180
0 0.529936 0.471074 0.039863 0.039598
0 0.627238 0.476530 0.039869 0.039995
0 0.174342 0.065980 0.029899 0.029489
0 0.875577 0.626907 0.032214 0.032095
0 0.797774 0.301410 0.020644 0.020813
0 0.918431 0.321137 0.045611 0.045554
0 0.680161 0.515883 0.022457 0.022421
0 0.438380 0.179536 0.030874 0.029714
0 0.417098 0.112826 0.020110 0.020606
