0 0.210080 0.627894 0.242582 0.231472
0 0.448803 0.457871 0.072552 0.071755
0 0.561374 0.312445 0.047257 0.045466
0 0.614518 0.584996 0.087919 0.086702
0 0.458573 0.887310 0.056961 0.055296
0 0.745816 0.276350 0.031552 0.032324
0 0.087169 0.528098 0.173580 0.230133
0 0.080157 0.262239 0.029177 0.029198
0 0.805591 0.243832 0.063923 0.063264
0 0.299908 0.090778 0.031584 0.031543
0 0.710747 0.008727 0.029554 0.017453
0 0.425167 0.158781 0.049411 0.046783
0 0.108067 0.400163 0.030435 0.030960
0 0.392846 0.838247 0.131407 0.128360
0 0.616038 0.415944 0.046108 0.044721
0 0.474725 0.563989 0.034544 0.034846
0 0.894900 0.611281 0.043370 0.042808
0 0.634228 0.012218 0.073276 0.023942
0 0.274354 0.038215 0.028836 0.029515
0 0.626381 0.084252 0.024864 0.024694
0 0.812959 0.300159 0.031810 0.031072
0 0.536138 0.538660 0.046761 0.046412
0 0.489129 0.725383 0.025891 0.025232
0 0.273492 0.289244 0.062918 0.063997
0 0.342162 0.886203 0.314723 0.227595
0 0.022821 0.974634 0.044683 0.050731
0 0.537593 0.775070 0.064433 0.061252
0 0.589523 0.489067 0.025005 0.024632
0 0.690048 0.334369 0.049347 0.048330
0 0.209519 0.077455 0.027309 0.026425
