0 0.077648 0.118973 0.052676 0.039028
0 0.433414 0.962347 0.046835 0.035641
0 0.127256 0.224811 0.037299 0.029984
0 0.906112 0.513407 0.039499 0.031252
0 0.866397 0.419556 0.059289 0.042856
0 0.023084 0.588552 0.039069 0.031631
0 0.091515 0.381877 0.037857 0.028138
0 0.618572 0.184969 0.036152 0.027319
0 0.930024 0.464741 0.064549 0.041885
0 0.240934 0.285020 0.034657 0.026296
0 0.024531 0.226909 0.037660 0.028285
0 0.880947 0.600230 0.037108 0.028895
0 0.872230 0.480485 0.053578 0.041083
0 0.982816 0.624716 0.033848 0.064233
0 0.945525 0.063804 0.108950 0.124704
