0 0.696890 0.274398 0.021699 0.021422
0 0.224085 0.207440 0.215340 0.211495
0 0.516306 0.460227 0.024272 0.024435
0 0.419847 0.196150 0.030750 0.030567
0 0.361546 0.349730 0.022281 0.022032
0 0.488360 0.300924 0.027865 0.027715
0 0.833591 0.332190 0.033096 0.033393
0 0.617541 0.135567 0.023249 0.023154
0 0.882281 0.382151 0.044103 0.043964
0 0.943964 0.276275 0.031278 0.031282
0 0.908790 0.507303 0.055980 0.056526
0 0.441764 0.066072 0.034955 0.035230
0 0.113830 0.591888 0.033375 0.033358
0 0.736983 0.927503 0.026511 0.026189
0 0.460933 0.483801 0.033199 0.032699
0 0.864853 0.785328 0.028166 0.028192
0 0.409889 0.690525 0.042105 0.041827
0 0.174340 0.406158 0.060108 0.061149
0 0.194135 0.093743 0.063292 0.063259
0 0.171062 0.939842 0.039939 0.039926
0 0.544837 0.724732 0.035714 0.035981
0 0.958139 0.570273 0.034612 0.035458
0 0.903443 0.334922 0.035330 0.035804
0 0.789317 0.903293 0.048293 0.047837
0 0.079330 0.202682 0.066506 0.066493
0 0.380687 0.066164 0.054356 0.054076
0 0.949758 0.131224 0.038918 0.039577
0 0.374021 0.853728 0.022057 0.022111
0 0.300598 0.303320 0.033304 0.033632
0 0.514464 0.540569 0.039707 0.039327
0 0.490407 0.355215 0.022146 0.022251
0 0.687746 0.025838 0.043206 0.043557
0 0.028336 0.333303 0.038755 0.039132
0 0.612372 0.389455 0.107681 0.108894
0 0.959362 0.430819 0.079951 0.092377
0 0.899337 0.729645 0.024712 0.025100
0 0.716282 0.819163 0.020428 0.020609
0 0.191480 0.982810 0.037670 0.034363
0 0.961424 0.227939 0.031782 0.031762
0 0.432019 0.390941 0.029521 0.030259
0 0.871670 0.980546 0.021478 0.021773
0 0.919956 0.463906 0.048164 0.047653
0 0.815221 0.078403 0.222064 0.156806
0 0.271693 0.385579 0.198527 0.205511
0 0.922697 0.922042 0.026501 0.026268
0 0.094518 0.784595 0.023387 0.024211
0 0.453166 0.262604 0.059645 0.059711
0 0.092798 0.933267 0.034454 0.034734
0 0.564615 0.991142 0.021300 0.017716
0 0.025363 0.441240 0.028697 0.029833
0 0.518374 0.008051 0.036000 0.015876
0 0.937432 0.611993 0.115397 0.119921
0 0.935098 0.314354 0.034467 0.034928
0 0.985906 0.620875 0.028188 0.039076
0 0.038426 0.681051 0.031548 0.031643
0 0.782226 0.484561 0.024245 0.024357
0 0.742998 0.172981 0.020160 0.019897
0 0.397691 0.565521 0.048260 0.048956
0 0.771710 0.190422 0.035371 0.036134
0 0.785852 0.276287 0.035206 0.035120
0 0.034618 0.856936 0.068977 0.127253
0 0.418070 0.960396 0.076321 0.074372
0 0.215667 0.785078 0.023436 0.024159
0 0.011293 0.735494 0.022321 0.029573
0 0.443990 0.618457 0.062893 0.062018
0 0.395142 0.664328 0.037617 0.037397
0 0.891976 0.253976 0.040489 0.040497
0 0.459375 0.520282 0.032156 0.032208
0 0.492532 0.608817 0.037821 0.037156
0 0.600492 0.796034 0.039564 0.040532
0 0.714001 0.687418 0.033700 0.033723
0 0.840800 0.015096 0.019478 0.019566
0 0.328760 0.438573 0.018687 0.019270
0 0.022175 0.172838 0.043938 0.048141
0 0.044306 0.185785 0.021354 0.021431
0 0.311157 0.061796 0.190448 0.123592
0 0.199151 0.872045 0.054973 0.055716
0 0.025202 0.122261 0.019292 0.019237
0 0.532786 0.339990 0.031546 0.032036
0 0.707671 0.361760 0.072289 0.072286
0 0.895755 0.928930 0.017834 0.018196
0 0.329787 0.351303 0.018641 0.018436
0 0.670494 0.086876 0.039781 0.038262
0 0.153928 0.895239 0.044572 0.043501
0 0.421526 0.089125 0.027399 0.028148
0 0.097246 0.368810 0.029998 0.029657
0 0.010094 0.947122 0.019969 0.022165
0 0.810439 0.191749 0.036988 0.038021
0 0.030168 0.622859 0.025482 0.025117
0 0.222056 0.025252 0.049759 0.048760
0 0.607585 0.831920 0.022988 0.022624
0 0.456497 0.561494 0.059488 0.060795
0 0.260216 0.507851 0.022363 0.022418
0 0.151967 0.502572 0.114347 0.120673
0 0.437489 0.428193 0.018528 0.018297
0 0.449395 0.901255 0.058865 0.059722
0 0.069229 0.434950 0.019649 0.020071
0 0.022393 0.893778 0.018431 0.018566
0 0.955877 0.432130 0.024285 0.021073
0 0.309396 0.752052 0.029896 0.030464
0 0.087340 0.841780 0.032957 0.032123
0 0.244021 0.069660 0.043039 0.043369
0 0.948645 0.763103 0.033951 0.034436
0 0.974958 0.723414 0.017653 0.018182
0 0.135538 0.751452 0.019064 0.019158
0 0.353344 0.839585 0.020936 0.021254
0 0.377724 0.776902 0.056320 0.056846
0 0.045841 0.637494 0.022576 0.021877
0 0.007449 0.569178 0.014645 0.059387
0 0.965888 0.699056 0.068224 0.077626
0 0.373973 0.281026 0.105762 0.103670
0 0.336255 0.419955 0.026000 0.024556
0 0.764543 0.461025 0.091125 0.091108
0 0.593865 0.862809 0.358318 0.270974
0 0.744551 0.503647 0.031610 0.031919
0 0.427519 0.325305 0.020343 0.018988
0 0.842388 0.062338 0.016562 0.016432
0 0.520988 0.258476 0.072790 0.072634
0 0.006952 0.039543 0.013905 0.074090
0 0.505500 0.759057 0.062038 0.061425
0 0.838215 0.777088 0.017294 0.017264
0 0.951295 0.652402 0.037752 0.037570
0 0.279638 0.544871 0.022822 0.022788
0 0.024689 0.775374 0.020060 0.020258
0 0.771301 0.520180 0.031296 0.031982
0 0.453997 0.411065 0.017864 0.018143
0 0.834199 0.269301 0.054319 0.055340
0 0.878079 0.653836 0.030448 0.030518
0 0.204886 0.661602 0.045829 0.045465
0 0.156602 0.538969 0.088458 0.087644
0 0.084798 0.459844 0.026250 0.026039
0 0.302950 0.653025 0.045784 0.045117
0 0.132678 0.056639 0.114563 0.109234
0 0.036877 0.930952 0.032889 0.032473
0 0.006658 0.211861 0.013316 0.027693
