0 0.119000 0.376529 0.215636 0.180375
0 0.352436 0.499859 0.076410 0.064467
0 0.163787 0.049899 0.073939 0.064522
0 0.576878 0.498125 0.041095 0.036938
0 0.969755 0.667867 0.037145 0.032851
0 0.412660 0.123129 0.036691 0.034898
0 0.161052 0.589911 0.039427 0.035946
0 0.708397 0.658293 0.031178 0.029369
0 0.627529 0.072721 0.037967 0.035743
0 0.457694 0.802570 0.044415 0.037908
0 0.011784 0.214383 0.023427 0.030570
0 0.165212 0.104553 0.067358 0.058668
0 0.534651 0.499689 0.027492 0.025866
0 0.114069 0.603360 0.036159 0.032491
0 0.325566 0.115920 0.045388 0.040776
0 0.008535 0.085294 0.017028 0.028493
0 0.970480 0.855714 0.027231 0.026754
0 0.355259 0.317501 0.036413 0.033571
