0 0.757433 0.095869 0.176308 0.135125
0 0.615259 0.538916 0.471760 0.357474
0 0.196225 0.574379 0.073804 0.053982
0 0.053279 0.041315 0.051209 0.040473
0 0.766804 0.773994 0.223177 0.178126
0 0.987801 0.187936 0.023927 0.076119
0 0.414326 0.286742 0.073453 0.058006
0 0.311343 0.360942 0.041118 0.031903
0 0.020933 0.483844 0.041094 0.037156
0 0.395827 0.064813 0.035889 0.028285
0 0.546056 0.089416 0.040235 0.032543
0 0.450026 0.013583 0.036183 0.026711
0 0.876273 0.689024 0.182983 0.143490
0 0.624005 0.028197 0.047153 0.038673
0 0.974313 0.498852 0.030123 0.027323
0 0.790797 0.038620 0.040377 0.033757
0 0.723247 0.010018 0.042218 0.019915
