0 0.104513 0.686296 0.072171 0.070336
0 0.324132 0.588741 0.066985 0.065513
0 0.908407 0.948837 0.042607 0.042291
0 0.433322 0.827911 0.035063 0.034890
0 0.139658 0.462213 0.046480 0.045170
0 0.053566 0.415556 0.028957 0.028776
0 0.296667 0.680678 0.028941 0.028913
0 0.766714 0.798356 0.047252 0.046120
0 0.108723 0.214697 0.036389 0.036070
0 0.150595 0.256417 0.033680 0.032853
0 0.745771 0.845889 0.042738 0.042903
0 0.048291 0.712962 0.029742 0.029359
0 0.612842 0.744529 0.022944 0.022798
0 0.864501 0.713447 0.024891 0.024337
0 0.086821 0.973876 0.037630 0.037405
0 0.319600 0.713139 0.026782 0.026460
0 0.265212 0.743935 0.030193 0.030270
0 0.018169 0.367956 0.029969 0.029769
0 0.033332 0.329902 0.035221 0.034456
0 0.016789 0.010654 0.030502 0.021308
0 0.191340 0.875411 0.025713 0.025291
0 0.563885 0.102784 0.024212 0.023864
0 0.059073 0.527915 0.022739 0.022762
0 0.514695 0.809795 0.072634 0.070692
0 0.473817 0.012693 0.035295 0.025290
0 0.891043 0.909335 0.217914 0.181331
0 0.963366 0.179916 0.020977 0.020901
0 0.816898 0.465668 0.018256 0.018268
0 0.609990 0.916183 0.029751 0.030270
0 0.802270 0.992823 0.028399 0.013882
0 0.860121 0.259234 0.022795 0.022472
0 0.487074 0.226505 0.021916 0.021749
0 0.527553 0.553517 0.063075 0.061076
0 0.181537 0.500020 0.021366 0.020945
0 0.514172 0.985540 0.090277 0.028874
0 0.005394 0.492915 0.010787 0.039609
0 0.011929 0.797351 0.020410 0.021158
0 0.212975 0.415726 0.068358 0.067514
