0 0.089558 0.236672 0.140470 0.112566
0 0.416987 0.858161 0.081000 0.063334
0 0.117462 0.810850 0.105162 0.087796
0 0.318715 0.405072 0.050471 0.039925
0 0.204619 0.013055 0.055932 0.025859
0 0.950108 0.642946 0.098531 0.156928
0 0.658879 0.590019 0.047268 0.035771
0 0.832369 0.836443 0.039756 0.032486
0 0.253976 0.363618 0.047317 0.038147
0 0.597900 0.974948 0.046242 0.036856
0 0.493581 0.871492 0.055921 0.039643
0 0.506087 0.331633 0.040717 0.033059
0 0.212263 0.609222 0.045647 0.035341
0 0.740143 0.075127 0.043788 0.034969
0 0.363337 0.742330 0.044715 0.033804
0 0.291697 0.632208 0.057664 0.041428
0 0.803250 0.970728 0.039538 0.029489
0 0.979825 0.266186 0.040051 0.057216
0 0.483698 0.109415 0.096272 0.080877
0 0.451965 0.274797 0.040537 0.031408
0 0.739264 0.851230 0.040498 0.032452
0 0.789426 0.930496 0.071784 0.051027
0 0.978327 0.250244 0.037686 0.037272
0 0.433928 0.757338 0.056235 0.042438
0 0.657966 0.916509 0.043422 0.030143
0 0.513268 0.372552 0.054750 0.041104
0 0.053710 0.780297 0.042735 0.035319
0 0.252575 0.733210 0.038695 0.031001
0 0.490262 0.919352 0.074859 0.057849
0 0.032374 0.728578 0.036566 0.029495
0 0.514537 0.840836 0.041798 0.031714
