0 0.212088 0.871447 0.135496 0.123251
0 0.536261 0.024895 0.055084 0.049078
0 0.645941 0.262291 0.044369 0.041849
0 0.759412 0.490430 0.041102 0.038963
0 0.756058 0.914700 0.036202 0.035072
0 0.101887 0.210104 0.035296 0.035120
0 0.487817 0.133121 0.034749 0.034514
0 0.738423 0.955641 0.032335 0.030864
0 0.881551 0.397883 0.028760 0.027341
0 0.202697 0.132839 0.027653 0.026119
0 0.086484 0.031044 0.040440 0.038342
0 0.786714 0.871513 0.031253 0.030883
0 0.775194 0.559509 0.031316 0.029123
0 0.912630 0.032294 0.032845 0.030142
0 0.978770 0.195533 0.030251 0.028900
0 0.555399 0.115962 0.026257 0.025329
0 0.248368 0.063749 0.037414 0.035111
0 0.741255 0.459064 0.035195 0.031461
0 0.039678 0.736766 0.024882 0.023972
0 0.421314 0.521594 0.026868 0.026002
0 0.442782 0.771199 0.252272 0.245935
0 0.781642 0.527634 0.035569 0.032703
0 0.355690 0.063291 0.071446 0.065895
0 0.468986 0.858262 0.026301 0.025946
0 0.760924 0.872778 0.036094 0.035446
0 0.015383 0.491683 0.025849 0.025206
0 0.722034 0.205400 0.026938 0.026647
0 0.897596 0.721212 0.029489 0.028505
0 0.043302 0.653372 0.023237 0.022236
0 0.686424 0.697235 0.028606 0.027276
0 0.987961 0.019336 0.024078 0.033404
0 0.396225 0.376664 0.024178 0.023507
0 0.636871 0.006842 0.054847 0.013681
0 0.391844 0.923986 0.392556 0.151363
