0 0.151658 0.683985 0.036547 0.035911
0 0.940604 0.509146 0.050476 0.050517
0 0.159913 0.031866 0.141937 0.063310
0 0.200638 0.687170 0.051841 0.051364
0 0.037802 0.400529 0.040497 0.040072
0 0.794037 0.969211 0.041494 0.040584
0 0.678190 0.367711 0.038719 0.038698
0 0.405713 0.971400 0.091943 0.057200
0 0.487291 0.443512 0.031428 0.031555
0 0.164657 0.072440 0.025760 0.025680
0 0.184449 0.720939 0.026828 0.027256
0 0.083254 0.274230 0.033131 0.032701
0 0.611648 0.286734 0.067970 0.067536
0 0.276901 0.766263 0.042160 0.041940
0 0.205615 0.741476 0.028373 0.028214
0 0.356325 0.842336 0.042023 0.042013
0 0.193190 0.620758 0.023897 0.023549
0 0.265045 0.156483 0.092851 0.093554
0 0.173677 0.293850 0.024914 0.024519
0 0.908024 0.422098 0.023883 0.022813
0 0.972983 0.421285 0.028466 0.028679
0 0.772366 0.291366 0.022532 0.022622
0 0.906530 0.611986 0.022484 0.023068
0 0.209015 0.885606 0.021804 0.021176
0 0.963319 0.059908 0.020851 0.020548
0 0.094067 0.306606 0.022809 0.022252
0 0.209319 0.512320 0.021861 0.021542
0 0.151706 0.447723 0.025729 0.025418
0 0.629533 0.120892 0.025091 0.024924
0 0.114309 0.506786 0.024553 0.023445
0 0.166347 0.990323 0.034450 0.019174
0 0.421475 0.520351 0.037416 0.037124
0 0.060376 0.979299 0.038463 0.037636
0 0.281637 0.524971 0.022434 0.022559
0 0.979095 0.029956 0.040844 0.059911
0 0.781063 0.071806 0.026678 0.026497
0 0.200849 0.279869 0.028140 0.028863
0 0.945170 0.132369 0.027531 0.027716
0 0.385121 0.161236 0.036193 0.035760
0 0.597061 0.357527 0.038638 0.037707
0 0.059546 0.186624 0.032105 0.032393
0 0.094698 0.979999 0.032714 0.033345
0 0.717142 0.724491 0.128417 0.126249
0 0.028464 0.173871 0.023425 0.023341
0 0.578754 0.962863 0.082261 0.074275
0 0.265253 0.922497 0.022056 0.021577
