0 0.616454 0.478296 0.247971 0.237357
0 0.574737 0.353411 0.068205 0.066948
0 0.393721 0.603844 0.047899 0.047142
0 0.683624 0.515020 0.058912 0.058864
0 0.184533 0.888197 0.041306 0.041248
0 0.598459 0.268983 0.074708 0.073283
0 0.190284 0.053242 0.060410 0.059318
0 0.899081 0.530782 0.036809 0.036641
0 0.660038 0.098336 0.032329 0.031949
0 0.272771 0.280838 0.033820 0.033980
0 0.705267 0.758396 0.282010 0.302806
0 0.108062 0.082396 0.029418 0.029328
0 0.364856 0.861623 0.034741 0.035454
0 0.018893 0.708566 0.034549 0.035860
0 0.417591 0.914074 0.067991 0.066948
0 0.090073 0.430223 0.033391 0.032813
0 0.722989 0.203768 0.040854 0.041132
0 0.608193 0.319009 0.036579 0.035751
0 0.265348 0.108747 0.052438 0.049289
0 0.210666 0.499066 0.035532 0.035186
0 0.411664 0.709199 0.029208 0.028830
0 0.423022 0.837046 0.033410 0.033422
0 0.470975 0.608498 0.026190 0.026410
0 0.910018 0.565395 0.045443 0.044813
0 0.169885 0.852660 0.024391 0.024506
0 0.248999 0.754902 0.044009 0.044087
0 0.627698 0.981958 0.064064 0.036085
0 0.183119 0.733816 0.029725 0.029448
0 0.286120 0.528549 0.027222 0.026899
0 0.286766 0.075611 0.053981 0.053498
0 0.862870 0.750239 0.058175 0.055188
0 0.688636 0.145875 0.024109 0.023970
0 0.715099 0.877485 0.059926 0.060067
0 0.182980 0.634555 0.030174 0.029919
0 0.473393 0.320792 0.028927 0.028612
0 0.295498 0.546753 0.029123 0.028743
0 0.107221 0.868192 0.023465 0.023161
0 0.043641 0.893090 0.050750 0.050867
0 0.223427 0.257341 0.028340 0.028601
0 0.321219 0.182810 0.027636 0.027277
0 0.652461 0.690054 0.025789 0.025931
0 0.631805 0.913597 0.033159 0.031685
0 0.052115 0.534392 0.021429 0.021322
0 0.773646 0.472309 0.140000 0.138075
0 0.588358 0.838206 0.052865 0.052796
0 0.836584 0.585480 0.048061 0.045066
0 0.063355 0.345575 0.024635 0.024639
0 0.128484 0.374982 0.028233 0.028081
0 0.092502 0.500361 0.026752 0.025518
0 0.282131 0.027805 0.085154 0.055610
0 0.038808 0.306646 0.024156 0.023435
0 0.098306 0.482253 0.025674 0.025518
0 0.885570 0.042774 0.031524 0.031173
0 0.209828 0.664050 0.024142 0.024101
0 0.272322 0.604998 0.022982 0.023130
0 0.976270 0.958819 0.047459 0.071310
0 0.045359 0.964814 0.035046 0.034444
0 0.989032 0.599218 0.021936 0.033659
0 0.952488 0.542902 0.028100 0.027717
0 0.159340 0.291357 0.026593 0.026530
0 0.841088 0.492865 0.028067 0.028092
0 0.222204 0.591112 0.022204 0.022295
0 0.117809 0.424946 0.024793 0.024369
0 0.385100 0.884068 0.021346 0.021123
0 0.149394 0.362531 0.023526 0.023859
0 0.095488 0.392981 0.027304 0.026435
0 0.112543 0.991382 0.032171 0.017216
0 0.091252 0.629560 0.182503 0.200655
0 0.329874 0.096402 0.036678 0.035433
0 0.749392 0.894955 0.024693 0.024492
0 0.417797 0.760823 0.025711 0.025023
0 0.438615 0.394866 0.022948 0.022984
0 0.032213 0.344951 0.023410 0.023361
0 0.751323 0.952188 0.023380 0.023236
0 0.656647 0.925137 0.025270 0.024703
0 0.405829 0.787088 0.036065 0.034489
0 0.843742 0.549040 0.078039 0.076946
0 0.425142 0.731407 0.031929 0.032378
0 0.012919 0.094929 0.025462 0.041564
0 0.024518 0.018409 0.045108 0.036687
0 0.350634 0.777954 0.022275 0.022405
0 0.446870 0.493626 0.050101 0.050288
0 0.494532 0.623506 0.024171 0.023866
0 0.843652 0.472826 0.023770 0.023865
0 0.734773 0.115357 0.023091 0.022365
0 0.767473 0.404196 0.066942 0.065335
0 0.162435 0.426555 0.022398 0.022267
0 0.079319 0.737807 0.022064 0.021361
0 0.233196 0.699402 0.020918 0.020823
0 0.054333 0.661765 0.019323 0.019682
0 0.120569 0.820822 0.021920 0.021910
0 0.372768 0.829260 0.031834 0.032380
0 0.939637 0.940189 0.036236 0.036644
0 0.434630 0.859199 0.022067 0.022062
0 0.775318 0.607789 0.021230 0.021488
0 0.985157 0.762326 0.024864 0.023753
0 0.990323 0.392633 0.019355 0.023415
0 0.078973 0.143508 0.072782 0.073189
0 0.941123 0.884565 0.047286 0.046794
0 0.130319 0.747010 0.022229 0.022103
