0 0.091525 0.725326 0.046178 0.046089
0 0.443015 0.822534 0.024477 0.025194
0 0.636785 0.661155 0.033379 0.033760
0 0.140479 0.763740 0.023069 0.023481
0 0.325214 0.358547 0.369240 0.370570
0 0.314426 0.575078 0.046226 0.046266
0 0.353247 0.838808 0.035980 0.036332
0 0.121948 0.925205 0.029960 0.029971
0 0.084150 0.932044 0.048487 0.048338
0 0.558655 0.023701 0.085379 0.047303
0 0.704189 0.041352 0.045622 0.045369
0 0.027947 0.918081 0.031311 0.030920
0 0.704719 0.174903 0.032906 0.032457
0 0.274807 0.931570 0.035649 0.036824
0 0.018511 0.829858 0.036764 0.046644
0 0.285971 0.334641 0.022266 0.022104
0 0.154049 0.806596 0.026565 0.026873
0 0.302039 0.886454 0.046970 0.047342
0 0.112186 0.835729 0.034628 0.034710
0 0.063871 0.992030 0.036798 0.015374
0 0.254013 0.713796 0.034812 0.034930
0 0.259156 0.900057 0.037861 0.038013
0 0.768091 0.890987 0.024612 0.025042
0 0.220455 0.815736 0.033594 0.033988
0 0.191933 0.595510 0.033296 0.034006
0 0.052559 0.688680 0.034604 0.034755
0 0.120939 0.568326 0.137563 0.134229
0 0.398847 0.578589 0.034854 0.035138
0 0.232836 0.869260 0.024342 0.024542
0 0.198172 0.907878 0.022058 0.021813
0 0.402647 0.050205 0.049034 0.051015
0 0.193382 0.410033 0.029284 0.029855
0 0.539702 0.494057 0.026330 0.026157
0 0.117119 0.587914 0.022365 0.022396
0 0.153544 0.179863 0.306081 0.359363
0 0.647190 0.810032 0.091051 0.092027
0 0.104144 0.978263 0.053500 0.043135
0 0.033000 0.392485 0.066001 0.147157
0 0.168235 0.978768 0.082936 0.042463
0 0.252927 0.990376 0.027225 0.018710
0 0.284569 0.043223 0.022074 0.022025
0 0.051258 0.729931 0.029959 0.031114
0 0.255203 0.956474 0.036307 0.037503
0 0.326946 0.051096 0.126024 0.101543
0 0.249511 0.319045 0.021990 0.022907
0 0.420122 0.840252 0.032391 0.032465
0 0.938898 0.009678 0.027355 0.019356
0 0.006045 0.778719 0.011895 0.024268
0 0.168450 0.848878 0.023278 0.023177
0 0.181521 0.936373 0.066633 0.067260
0 0.137704 0.823002 0.020212 0.020710
0 0.343487 0.695591 0.032822 0.033665
0 0.132001 0.735694 0.030083 0.031420
0 0.150111 0.857550 0.018864 0.018802
0 0.828217 0.139488 0.263798 0.260945
0 0.788815 0.458339 0.067053 0.067137
0 0.249291 0.586417 0.028169 0.028486
0 0.716297 0.378907 0.020188 0.020128
0 0.504732 0.490713 0.035207 0.035605
0 0.202691 0.514970 0.028523 0.028545
0 0.287578 0.704984 0.018230 0.018296
0 0.195347 0.861946 0.034168 0.034100
0 0.149054 0.894951 0.018534 0.018565
