0 0.398354 0.870408 0.032426 0.031158
0 0.325819 0.135417 0.146047 0.139832
0 0.433667 0.358714 0.028624 0.027979
0 0.565297 0.731815 0.331122 0.314907
0 0.361205 0.052848 0.096456 0.092833
0 0.938984 0.271885 0.122031 0.153342
0 0.829093 0.415743 0.121645 0.116007
0 0.867051 0.721582 0.026123 0.025898
0 0.976999 0.408005 0.039255 0.035999
0 0.711523 0.935577 0.079363 0.076588
0 0.978869 0.700951 0.034877 0.033735
0 0.299462 0.882746 0.084777 0.082262
0 0.605285 0.402856 0.099337 0.098321
0 0.630834 0.585901 0.201412 0.189131
0 0.942397 0.175938 0.106979 0.100726
0 0.931646 0.418840 0.068964 0.067220
0 0.873107 0.569043 0.253785 0.303474
0 0.672687 0.450415 0.072722 0.070828
0 0.917541 0.703511 0.074526 0.070375
0 0.148217 0.515942 0.050955 0.051003
0 0.954211 0.906098 0.084963 0.079889
0 0.817295 0.175238 0.126905 0.120910
0 0.763025 0.289381 0.090993 0.088292
0 0.819675 0.949936 0.069679 0.070365
0 0.021004 0.931333 0.042008 0.052801
0 0.989130 0.306049 0.021167 0.023520
0 0.169536 0.565654 0.057537 0.056351
0 0.432638 0.017137 0.149214 0.034203
0 0.861053 0.922086 0.023269 0.023112
0 0.903812 0.123498 0.051297 0.049289
0 0.064364 0.961464 0.060385 0.060204
0 0.971609 0.815127 0.056735 0.087410
0 0.564194 0.020329 0.053151 0.040516
0 0.712566 0.389397 0.106494 0.097719
0 0.788932 0.967629 0.084825 0.063840
0 0.530990 0.110651 0.304453 0.221302
0 0.131083 0.244952 0.022060 0.021461
0 0.888876 0.972899 0.109802 0.054202
0 0.578792 0.896971 0.044425 0.043461
0 0.100197 0.037917 0.021005 0.020602
0 0.104420 0.732084 0.184678 0.178002
0 0.731337 0.398221 0.071074 0.068959
0 0.033471 0.816101 0.066942 0.095618
0 0.209054 0.255063 0.189897 0.177955
0 0.023824 0.966391 0.020928 0.020054
0 0.656687 0.900140 0.069624 0.069267
0 0.475106 0.871907 0.036531 0.036327
