0 0.089182 0.461349 0.071931 0.071060
0 0.289880 0.549690 0.048334 0.047347
0 0.746610 0.644829 0.055405 0.055131
0 0.406999 0.111125 0.050959 0.049905
0 0.028794 0.543829 0.057589 0.061480
0 0.892185 0.209887 0.034303 0.034727
0 0.266681 0.283987 0.054789 0.054042
0 0.372934 0.267755 0.078202 0.077981
0 0.220780 0.194545 0.033732 0.033422
0 0.129418 0.874109 0.041080 0.039383
0 0.356033 0.202949 0.026244 0.025893
0 0.027406 0.362466 0.054613 0.069926
0 0.019632 0.728323 0.031587 0.032396
0 0.592619 0.303368 0.040777 0.041736
0 0.802714 0.502127 0.176450 0.169834
0 0.054269 0.708196 0.037889 0.037375
0 0.558857 0.666532 0.027879 0.027796
0 0.984698 0.642013 0.028796 0.028375
0 0.939636 0.440745 0.029115 0.029323
0 0.940669 0.635830 0.033225 0.033009
0 0.832976 0.140289 0.080755 0.080747
0 0.666694 0.189962 0.025300 0.025436
0 0.651887 0.083072 0.076923 0.076347
0 0.533131 0.570252 0.117956 0.112853
0 0.008781 0.982435 0.016646 0.034311
0 0.501029 0.503213 0.031088 0.030924
0 0.169070 0.332756 0.039582 0.038172
0 0.662896 0.903483 0.028153 0.027511
0 0.275033 0.075755 0.023255 0.023308
0 0.740980 0.476754 0.025963 0.025481
0 0.857264 0.219834 0.026342 0.026061
0 0.481376 0.792765 0.029710 0.029731
0 0.556009 0.495006 0.075680 0.074109
0 0.138283 0.028365 0.022303 0.022044
0 0.442221 0.550582 0.035584 0.035978
0 0.086249 0.502418 0.030055 0.029402
0 0.277099 0.203046 0.025749 0.026087
0 0.981286 0.838327 0.037428 0.049320
0 0.155541 0.009748 0.039669 0.019419
0 0.228064 0.133957 0.054840 0.053988
0 0.359317 0.395952 0.040735 0.040831
0 0.792571 0.284804 0.024567 0.024439
0 0.370442 0.761685 0.024951 0.024292
