0 0.922400 0.885854 0.082730 0.082059
0 0.295128 0.665024 0.027667 0.027546
0 0.483309 0.870528 0.034436 0.033794
0 0.539184 0.425325 0.035248 0.035200
0 0.420325 0.811499 0.027431 0.027585
0 0.305373 0.110704 0.035127 0.035167
0 0.349580 0.981374 0.037387 0.036249
0 0.616404 0.219391 0.022783 0.022964
0 0.741349 0.823446 0.029298 0.029137
0 0.035049 0.208738 0.041021 0.041191
0 0.124029 0.314922 0.034507 0.033871
0 0.419236 0.276652 0.035697 0.034766
0 0.830219 0.122450 0.038413 0.038012
0 0.878664 0.197699 0.022316 0.021911
0 0.991560 0.872416 0.016477 0.020900
0 0.852085 0.657794 0.026681 0.027484
0 0.325273 0.929130 0.022507 0.022378
0 0.016408 0.614476 0.032207 0.041579
0 0.351902 0.294785 0.037300 0.036694
0 0.894012 0.667655 0.070961 0.071929
0 0.764778 0.577873 0.023636 0.023418
0 0.705970 0.430192 0.022777 0.022537
0 0.266373 0.790253 0.028943 0.028806
0 0.032702 0.161090 0.036098 0.037698
0 0.307926 0.351987 0.020957 0.022554
0 0.204798 0.748639 0.031971 0.032391
0 0.140915 0.167068 0.022094 0.022305
0 0.705342 0.757765 0.032182 0.031006
0 0.935647 0.058022 0.029214 0.029564
0 0.398175 0.583066 0.032941 0.032295
0 0.067229 0.272231 0.026196 0.027719
0 0.265614 0.259997 0.036543 0.036670
0 0.904123 0.385847 0.019909 0.020381
0 0.982078 0.290630 0.035384 0.040627
0 0.887430 0.794068 0.041919 0.041644
