0 0.221718 0.912076 0.124460 0.113988
0 0.249473 0.570203 0.180745 0.154250
0 0.714227 0.608520 0.044535 0.035768
0 0.254675 0.385787 0.053574 0.044885
0 0.487281 0.410624 0.042391 0.035704
0 0.573166 0.272925 0.037362 0.033013
0 0.038797 0.338104 0.077594 0.085039
0 0.924982 0.059469 0.062358 0.052048
0 0.486590 0.184642 0.149759 0.130030
0 0.078706 0.265934 0.038118 0.033938
0 0.580906 0.083654 0.039863 0.032159
0 0.602207 0.172444 0.125910 0.105423
0 0.325020 0.864864 0.031413 0.027452
0 0.637107 0.595147 0.028844 0.022447
0 0.082285 0.571540 0.164259 0.257126
0 0.865833 0.023043 0.077183 0.046036
0 0.909550 0.880101 0.180620 0.237117
0 0.470926 0.353741 0.034757 0.028693
0 0.976405 0.243913 0.034160 0.030154
0 0.686439 0.308857 0.163999 0.139487
0 0.362407 0.769476 0.027474 0.024709
0 0.962637 0.260637 0.034206 0.027079
