0 0.077284 0.830158 0.138321 0.126167
0 0.424872 0.349214 0.244277 0.231300
0 0.438599 0.530871 0.142263 0.132896
0 0.518049 0.558726 0.076118 0.071596
0 0.571042 0.677627 0.064618 0.063631
0 0.358166 0.556726 0.061821 0.058629
0 0.660387 0.492686 0.030453 0.029854
0 0.701814 0.159052 0.035191 0.034559
0 0.405555 0.822925 0.063626 0.063545
0 0.416632 0.235368 0.070534 0.070111
0 0.303048 0.590521 0.070273 0.067265
0 0.703491 0.430733 0.073577 0.071456
0 0.221327 0.576255 0.078116 0.074940
0 0.382453 0.086063 0.058149 0.057464
0 0.274740 0.532203 0.063924 0.061556
0 0.173250 0.471660 0.094057 0.091803
0 0.208366 0.724349 0.037746 0.036625
0 0.761621 0.907704 0.040753 0.039540
0 0.479286 0.733070 0.071318 0.068151
0 0.079120 0.622922 0.087268 0.086026
0 0.843612 0.859101 0.072551 0.071873
0 0.689229 0.119775 0.024872 0.025243
0 0.908651 0.494515 0.031284 0.031282
0 0.019667 0.542789 0.039333 0.070030
0 0.936858 0.014894 0.035995 0.029701
0 0.426462 0.025821 0.029604 0.028551
0 0.336152 0.837980 0.056808 0.054683
0 0.489800 0.198092 0.024821 0.024051
0 0.013840 0.479541 0.027680 0.030391
0 0.606063 0.710920 0.039979 0.039670
0 0.267412 0.721754 0.032370 0.031795
0 0.893462 0.920514 0.084917 0.078873
0 0.958328 0.288528 0.025958 0.026085
0 0.205047 0.424789 0.112339 0.107197
0 0.157567 0.634861 0.088761 0.080825
0 0.586720 0.828722 0.248842 0.222205
0 0.742397 0.938965 0.020861 0.020619
0 0.488301 0.430153 0.033423 0.033075
0 0.611459 0.833406 0.039587 0.038005
0 0.211375 0.380816 0.057495 0.053183
0 0.703670 0.772466 0.024744 0.024678
0 0.982316 0.897497 0.022959 0.023333
0 0.201382 0.137933 0.062998 0.062072
0 0.506536 0.649113 0.037345 0.036184
0 0.936415 0.375022 0.126999 0.121863
0 0.624813 0.285979 0.042875 0.042260
0 0.633438 0.240920 0.053627 0.052593
0 0.284584 0.270152 0.024404 0.023828
0 0.327875 0.490292 0.023423 0.023373
0 0.796272 0.187308 0.021114 0.021136
0 0.251248 0.390746 0.026182 0.026428
0 0.824766 0.913831 0.048833 0.047453
0 0.330774 0.306302 0.023720 0.023108
0 0.548707 0.648883 0.047490 0.048761
0 0.638225 0.787065 0.059518 0.057270
0 0.840490 0.958210 0.070828 0.063388
0 0.944364 0.632710 0.027615 0.027893
0 0.144913 0.165997 0.067167 0.066323
0 0.471828 0.119896 0.065368 0.064781
0 0.315624 0.366100 0.050045 0.049156
0 0.463012 0.256857 0.039934 0.041168
0 0.619902 0.980304 0.024122 0.023997
0 0.527848 0.271067 0.049287 0.048632
0 0.486959 0.863050 0.049448 0.047887
0 0.991537 0.561521 0.016926 0.022562
0 0.440688 0.710876 0.057214 0.055793
