0 0.670219 0.785218 0.134992 0.119271
0 0.920420 0.862210 0.159159 0.132980
0 0.797439 0.243637 0.095669 0.078877
0 0.917605 0.578145 0.164791 0.157326
0 0.833914 0.325979 0.050927 0.042242
0 0.886410 0.746623 0.129376 0.105817
0 0.316081 0.725072 0.056593 0.049311
0 0.662996 0.473938 0.147926 0.123437
0 0.955037 0.077938 0.059144 0.047255
0 0.951071 0.232635 0.081407 0.065423
0 0.475974 0.897047 0.055941 0.046807
0 0.717930 0.037558 0.121648 0.074574
0 0.670738 0.527607 0.041580 0.035272
0 0.927900 0.015476 0.043057 0.030843
0 0.541025 0.711236 0.046389 0.039875
0 0.700637 0.276088 0.555499 0.465871
0 0.609541 0.903660 0.235233 0.189850
0 0.642935 0.649159 0.068241 0.054739
0 0.142974 0.058798 0.034406 0.032223
0 0.614288 0.962249 0.039792 0.036572
0 0.580982 0.981091 0.035996 0.033185
0 0.053926 0.371702 0.031207 0.029268
0 0.018469 0.059779 0.032716 0.030875
0 0.559631 0.625186 0.040264 0.034352
0 0.983359 0.265212 0.032363 0.028532
0 0.532651 0.899513 0.039531 0.033342
0 0.016274 0.305342 0.032548 0.043548
0 0.020779 0.099481 0.027460 0.025601
0 0.454351 0.122466 0.032163 0.027392
