0 0.576269 0.107819 0.044270 0.044084
0 0.024299 0.926037 0.048599 0.051785
0 0.649066 0.493033 0.032964 0.032855
0 0.586619 0.563679 0.050768 0.049822
0 0.751909 0.278234 0.042621 0.041945
0 0.858795 0.063708 0.044008 0.043210
0 0.277334 0.031225 0.054559 0.055966
0 0.195493 0.562472 0.034947 0.034733
0 0.501686 0.582977 0.027249 0.027578
0 0.492415 0.938998 0.038535 0.038821
0 0.300404 0.798934 0.035699 0.035055
0 0.353687 0.655171 0.030717 0.030608
0 0.990853 0.894674 0.017835 0.047507
0 0.694618 0.308237 0.033788 0.033867
0 0.991029 0.527121 0.017647 0.047683
0 0.080310 0.217227 0.033879 0.033106
0 0.068632 0.166550 0.024111 0.024034
0 0.543668 0.888551 0.034864 0.034574
0 0.490493 0.081591 0.029563 0.029269
0 0.031443 0.575902 0.033379 0.032241
0 0.198998 0.724226 0.029029 0.028927
0 0.469400 0.925860 0.026132 0.025373
0 0.156455 0.030597 0.027120 0.027354
0 0.150070 0.956277 0.029106 0.029393
0 0.845322 0.842401 0.026650 0.026337
0 0.081534 0.127492 0.025396 0.025121
0 0.669972 0.701409 0.026346 0.026246
0 0.759781 0.036394 0.033795 0.032256
0 0.617298 0.601057 0.038865 0.040475
0 0.628612 0.970184 0.029876 0.029045
0 0.743272 0.394901 0.024154 0.024302
0 0.731320 0.046991 0.049117 0.050748
0 0.721250 0.233311 0.029347 0.029606
0 0.451266 0.248892 0.025362 0.024706
0 0.303825 0.014677 0.032031 0.029025
0 0.810108 0.687844 0.031298 0.030908
0 0.630118 0.639652 0.062793 0.060934
0 0.446366 0.258259 0.029839 0.029102
0 0.696916 0.611261 0.023123 0.023332
0 0.747462 0.828666 0.026644 0.026226
0 0.278327 0.919605 0.026787 0.026382
0 0.282591 0.836561 0.024856 0.025064
0 0.689989 0.914381 0.031122 0.030357
0 0.244698 0.732549 0.023355 0.023545
0 0.144753 0.579592 0.032445 0.031805
0 0.844052 0.693967 0.035325 0.035634
0 0.033090 0.506688 0.025644 0.025220
0 0.109100 0.877405 0.022840 0.023481
0 0.911564 0.682144 0.034612 0.034287
0 0.989792 0.279910 0.020417 0.026208
0 0.881214 0.912568 0.028885 0.027992
0 0.635149 0.076899 0.032197 0.031921
0 0.718563 0.701090 0.021106 0.020966
