0 0.130823 0.883966 0.098838 0.088999
0 0.847760 0.514328 0.046616 0.044005
0 0.744634 0.742932 0.168867 0.163151
0 0.503737 0.145045 0.034335 0.033332
0 0.874404 0.084991 0.102512 0.092808
0 0.340223 0.408154 0.030374 0.029382
0 0.069579 0.650772 0.028696 0.027901
0 0.162719 0.417158 0.031718 0.028953
0 0.856197 0.714831 0.135111 0.123205
0 0.454558 0.767686 0.446973 0.384281
0 0.659216 0.493153 0.043559 0.042215
0 0.071993 0.100701 0.142253 0.183569
0 0.582290 0.219065 0.030559 0.029507
0 0.043698 0.652510 0.024780 0.024498
0 0.090535 0.441825 0.029474 0.028375
0 0.841791 0.260557 0.031860 0.029552
0 0.195866 0.268886 0.028748 0.027034
0 0.944279 0.538699 0.033639 0.032457
0 0.266429 0.498634 0.030259 0.029122
0 0.716298 0.049121 0.025238 0.024914
0 0.895852 0.836084 0.108634 0.092898
0 0.534206 0.148602 0.024117 0.024022
0 0.091821 0.387028 0.183641 0.227730
0 0.637614 0.392319 0.025902 0.025286
0 0.053884 0.802177 0.023729 0.023921
0 0.957597 0.949171 0.029628 0.026002
0 0.728635 0.496001 0.023822 0.022898
0 0.236897 0.516699 0.040307 0.037790
0 0.643913 0.025382 0.023500 0.022901
0 0.439047 0.199665 0.172357 0.154954
0 0.150567 0.762522 0.135377 0.125562
0 0.636238 0.553021 0.025097 0.024310
0 0.497815 0.353479 0.023897 0.023022
0 0.721527 0.816737 0.022698 0.022326
0 0.933212 0.018444 0.025935 0.025734
0 0.660597 0.145465 0.020631 0.020607
0 0.089080 0.522955 0.087935 0.083187
0 0.692019 0.109410 0.023523 0.022360
0 0.799380 0.084461 0.030496 0.028091
0 0.673090 0.916681 0.079424 0.072359
0 0.915822 0.659299 0.036571 0.033350
0 0.047282 0.060423 0.024273 0.023611
0 0.035781 0.716445 0.026032 0.027213
0 0.475072 0.448933 0.024587 0.024033
0 0.977924 0.176807 0.023427 0.022975
0 0.271588 0.028334 0.021798 0.021119
0 0.129414 0.251727 0.020210 0.019874
0 0.146231 0.580962 0.026250 0.025223
