0 0.670014 0.779708 0.040139 0.039742
0 0.132544 0.787585 0.039818 0.039639
0 0.050697 0.789332 0.038839 0.038874
0 0.779125 0.590073 0.046099 0.045879
0 0.074029 0.812957 0.038269 0.038327
0 0.974237 0.372666 0.028225 0.028336
0 0.025933 0.383515 0.034698 0.034951
0 0.749695 0.647120 0.032804 0.032146
0 0.609848 0.367217 0.031971 0.031834
0 0.048463 0.877328 0.029028 0.028609
0 0.847275 0.637929 0.030023 0.029312
0 0.951790 0.633587 0.044906 0.043976
0 0.662218 0.872968 0.026402 0.026373
0 0.037672 0.843498 0.031947 0.031797
0 0.144289 0.853302 0.025396 0.025039
0 0.407413 0.062791 0.027383 0.027086
0 0.085511 0.388147 0.025247 0.025289
0 0.035765 0.122280 0.070791 0.083198
0 0.828593 0.839351 0.042701 0.043842
0 0.260635 0.023490 0.031502 0.031162
0 0.614384 0.527335 0.029191 0.028343
0 0.207147 0.890657 0.040299 0.039821
0 0.906430 0.183216 0.078013 0.078296
0 0.412950 0.911493 0.031850 0.032135
0 0.140139 0.188966 0.062007 0.061844
0 0.102955 0.763540 0.024588 0.024771
0 0.337826 0.888077 0.040893 0.040182
0 0.498479 0.141584 0.038107 0.037392
0 0.156398 0.537002 0.037764 0.037722
0 0.398213 0.475267 0.085952 0.091430
0 0.628933 0.392348 0.036003 0.035280
0 0.737633 0.009740 0.029319 0.019481
0 0.934856 0.018791 0.065449 0.037583
0 0.566815 0.102565 0.054169 0.053449
0 0.982224 0.605137 0.027025 0.026560
0 0.761583 0.527843 0.053559 0.053026
0 0.227177 0.306315 0.044543 0.044972
0 0.270461 0.757453 0.030668 0.030180
0 0.053958 0.115735 0.033870 0.035031
0 0.846150 0.114349 0.027597 0.027557
0 0.245190 0.492644 0.076319 0.076381
