0 0.256851 0.839419 0.027718 0.027960
0 0.778414 0.387591 0.380058 0.381760
0 0.544058 0.717170 0.043416 0.042640
0 0.348808 0.795607 0.037086 0.036989
0 0.525696 0.675042 0.054535 0.054409
0 0.884319 0.885489 0.033095 0.033456
0 0.890574 0.959105 0.172233 0.081034
0 0.436105 0.786245 0.048114 0.048053
0 0.220203 0.265208 0.043084 0.043932
0 0.331931 0.658911 0.056507 0.056597
0 0.810326 0.823692 0.035566 0.035790
0 0.612056 0.951125 0.041827 0.041696
0 0.606998 0.084243 0.242575 0.168486
0 0.549993 0.897871 0.052187 0.052466
0 0.604383 0.700540 0.041203 0.040961
0 0.956046 0.742912 0.087907 0.119823
0 0.788177 0.800278 0.038683 0.039120
0 0.477437 0.719776 0.025770 0.026009
0 0.228093 0.949009 0.030122 0.029892
0 0.043241 0.854874 0.086481 0.130276
0 0.499579 0.035867 0.020856 0.021444
0 0.205501 0.582084 0.078400 0.077736
0 0.367979 0.054340 0.234755 0.108647
0 0.682241 0.905294 0.030347 0.030243
0 0.618602 0.634044 0.066396 0.066012
0 0.722330 0.170267 0.084702 0.085581
0 0.378294 0.764668 0.024417 0.024935
0 0.436150 0.993359 0.040070 0.013283
0 0.303295 0.630615 0.030523 0.031470
0 0.023095 0.949457 0.046189 0.058605
0 0.234197 0.510201 0.019221 0.019113
0 0.814662 0.715627 0.097516 0.098839
0 0.260867 0.779608 0.061060 0.060851
0 0.200453 0.503739 0.020792 0.020383
0 0.330611 0.831501 0.035692 0.034724
0 0.679245 0.975155 0.033207 0.033240
0 0.419059 0.650659 0.139611 0.146103
0 0.530939 0.599017 0.030664 0.030546
0 0.864229 0.675129 0.069659 0.070500
0 0.447583 0.732809 0.026520 0.026999
0 0.414187 0.109756 0.033310 0.032668
0 0.774123 0.657905 0.022131 0.022936
0 0.151126 0.517566 0.063502 0.064748
0 0.481651 0.842974 0.061412 0.061622
0 0.070973 0.584939 0.040983 0.040941
0 0.983899 0.670057 0.032108 0.056662
0 0.096497 0.101428 0.192192 0.201709
0 0.392799 0.675291 0.067320 0.068434
0 0.597196 0.212768 0.165802 0.170916
0 0.525371 0.876259 0.031243 0.031118
0 0.217110 0.322490 0.086826 0.084277
0 0.097642 0.180130 0.124438 0.118781
0 0.976541 0.613881 0.039179 0.038599
0 0.332118 0.771902 0.029300 0.029505
0 0.252208 0.069249 0.057109 0.058086
0 0.397776 0.208757 0.031249 0.031083
