0 0.178556 0.276648 0.030094 0.029991
0 0.186896 0.132169 0.026829 0.026811
0 0.055892 0.300074 0.029507 0.029576
0 0.093930 0.069290 0.025234 0.025116
0 0.140280 0.037906 0.023359 0.023383
0 0.265846 0.895352 0.046982 0.045707
0 0.125440 0.771924 0.038888 0.038444
0 0.378895 0.193613 0.032957 0.032577
0 0.780734 0.209842 0.023713 0.023938
0 0.077948 0.237838 0.025899 0.025405
0 0.795028 0.099247 0.032336 0.031420
0 0.109103 0.034789 0.024108 0.024107
0 0.504600 0.063887 0.020206 0.020134
0 0.039755 0.678533 0.024828 0.024694
0 0.415611 0.843059 0.025436 0.025103
0 0.562360 0.627155 0.043358 0.042786
0 0.042489 0.415433 0.019721 0.019455
0 0.839236 0.830915 0.040514 0.039907
0 0.335319 0.607287 0.037004 0.035048
0 0.244448 0.666386 0.026678 0.025744
0 0.351502 0.552618 0.024191 0.024228
0 0.985566 0.607319 0.028869 0.064832
0 0.806195 0.232526 0.019952 0.019308
0 0.708105 0.560169 0.020418 0.020185
0 0.247912 0.799758 0.033130 0.032780
0 0.161259 0.044196 0.019274 0.019303
0 0.338869 0.152289 0.030219 0.029871
0 0.709452 0.899524 0.021329 0.020343
0 0.970157 0.284076 0.018853 0.018559
0 0.034894 0.211646 0.023839 0.023431
0 0.574087 0.680187 0.035781 0.034190
0 0.310530 0.177138 0.019688 0.019399
0 0.737265 0.176770 0.024854 0.024733
0 0.172278 0.797547 0.050218 0.047684
0 0.114431 0.210930 0.037497 0.037472
0 0.907628 0.840443 0.040614 0.039435
0 0.822034 0.042880 0.092962 0.084984
0 0.097201 0.414467 0.019206 0.019258
