0 0.566884 0.632677 0.202016 0.212194
0 0.107247 0.214269 0.045178 0.045039
0 0.470566 0.391050 0.064526 0.063564
0 0.822299 0.285067 0.040652 0.040901
0 0.312664 0.649202 0.023453 0.023627
0 0.289781 0.126670 0.051655 0.051071
0 0.344644 0.578718 0.028085 0.029082
0 0.025473 0.111695 0.044003 0.043191
0 0.757924 0.663388 0.031278 0.031429
0 0.103347 0.503937 0.035235 0.034978
0 0.054848 0.308284 0.041605 0.041119
0 0.889859 0.420369 0.033391 0.034172
0 0.698210 0.705433 0.026840 0.026854
0 0.937281 0.893713 0.038007 0.037638
0 0.061177 0.055657 0.069582 0.069575
0 0.720623 0.863875 0.037142 0.038545
0 0.263644 0.790934 0.029563 0.029867
0 0.071463 0.115770 0.046359 0.046191
0 0.099252 0.632095 0.034761 0.034262
0 0.759174 0.927058 0.031274 0.030762
0 0.254099 0.501065 0.023021 0.023103
0 0.922919 0.410296 0.027208 0.027817
0 0.321014 0.419538 0.026405 0.026170
0 0.459735 0.299384 0.115533 0.115534
0 0.969289 0.729440 0.061422 0.075796
0 0.195140 0.052951 0.055776 0.055307
0 0.684487 0.987865 0.030642 0.024270
0 0.932487 0.296987 0.025731 0.026124
0 0.144181 0.094342 0.048209 0.046892
0 0.163696 0.773054 0.034246 0.033759
0 0.782099 0.494936 0.034244 0.033205
0 0.621560 0.024652 0.032236 0.032910
0 0.703415 0.843330 0.041553 0.041050
0 0.310200 0.383157 0.026742 0.026277
0 0.184445 0.129268 0.039725 0.039141
0 0.106426 0.668778 0.031773 0.031138
0 0.291500 0.463501 0.023478 0.024345
0 0.093836 0.260838 0.041933 0.042345
0 0.364505 0.591733 0.034620 0.034685
0 0.475627 0.992376 0.027593 0.014979
0 0.047971 0.010961 0.034829 0.021922
0 0.944682 0.868765 0.025994 0.026183
0 0.197959 0.247279 0.025031 0.024963
0 0.097267 0.092114 0.022364 0.022704
0 0.506044 0.622433 0.027760 0.028259
0 0.022386 0.834659 0.021758 0.021811
0 0.966295 0.825353 0.023487 0.023570
0 0.172995 0.746157 0.024617 0.024737
0 0.882103 0.469516 0.032123 0.032686
0 0.047142 0.485615 0.022418 0.022048
0 0.165917 0.826349 0.023697 0.023700
0 0.204036 0.772248 0.024353 0.025038
0 0.766301 0.516732 0.022137 0.022039
0 0.726904 0.476463 0.022394 0.022250
0 0.487889 0.470800 0.019980 0.020226
0 0.406214 0.286978 0.024748 0.024903
0 0.767449 0.698800 0.021349 0.021345
0 0.152304 0.333978 0.027096 0.026999
0 0.835909 0.874302 0.024044 0.024235
0 0.769116 0.072803 0.026203 0.026035
0 0.650510 0.736305 0.036867 0.040797
0 0.793789 0.270216 0.024405 0.023229
0 0.119069 0.707430 0.025013 0.024733
0 0.594071 0.712158 0.027823 0.027752
0 0.639111 0.737214 0.056882 0.052096
0 0.987785 0.299780 0.024240 0.066931
0 0.455135 0.628627 0.034141 0.033364
0 0.844020 0.589091 0.020947 0.020692
0 0.817230 0.219851 0.023261 0.023573
0 0.516066 0.510486 0.024993 0.025414
0 0.199642 0.042000 0.299976 0.083434
0 0.482071 0.143513 0.025341 0.025818
0 0.180328 0.378531 0.023582 0.024292
0 0.291884 0.432645 0.026683 0.026222
0 0.348604 0.039289 0.021694 0.021545
0 0.231715 0.783400 0.038474 0.039193
0 0.380039 0.221999 0.096179 0.093879
0 0.989864 0.450603 0.019548 0.023321
0 0.637363 0.686534 0.020600 0.020565
0 0.146565 0.687161 0.033503 0.032813
0 0.151433 0.668722 0.023345 0.023797
0 0.148025 0.400254 0.023330 0.023338
0 0.276373 0.413252 0.024657 0.024674
0 0.931792 0.375658 0.018934 0.019002
0 0.828505 0.495452 0.020234 0.019987
0 0.323561 0.686299 0.019703 0.019281
0 0.834418 0.817793 0.099052 0.099341
0 0.161295 0.558737 0.023139 0.023460
0 0.819674 0.041582 0.021248 0.020875
0 0.571162 0.699430 0.021848 0.022060
0 0.500566 0.100884 0.024104 0.023654
0 0.765804 0.729578 0.020978 0.020755
0 0.221170 0.436755 0.019026 0.019059
0 0.210011 0.739171 0.019149 0.019581
0 0.987791 0.415790 0.024417 0.032559
0 0.196447 0.549758 0.029448 0.028517
0 0.992718 0.503945 0.014419 0.018567
0 0.454042 0.792128 0.020733 0.020617
0 0.056362 0.199905 0.020651 0.020890
0 0.428617 0.564775 0.023851 0.024148
0 0.374542 0.834036 0.021802 0.021243
