0 0.438700 0.624776 0.112194 0.098529
0 0.670049 0.642793 0.077675 0.069078
0 0.435551 0.091087 0.085255 0.076444
0 0.394112 0.041468 0.065191 0.058669
0 0.147581 0.044957 0.046777 0.042851
0 0.503583 0.222590 0.047846 0.041041
0 0.022817 0.432470 0.043901 0.042150
0 0.440803 0.017593 0.054675 0.035185
0 0.258687 0.304855 0.048729 0.042980
0 0.976752 0.029213 0.037792 0.036448
0 0.529859 0.724336 0.031133 0.030887
0 0.130530 0.304562 0.037826 0.036800
0 0.186421 0.193263 0.035265 0.031705
0 0.297461 0.290034 0.047656 0.040913
0 0.573742 0.765647 0.033483 0.030986
0 0.568327 0.225294 0.027937 0.026541
0 0.843213 0.072271 0.120921 0.108216
0 0.477080 0.564018 0.033695 0.031111
0 0.706853 0.889006 0.040646 0.038031
0 0.666484 0.122178 0.030837 0.029381
0 0.099347 0.431806 0.029068 0.027931
0 0.506619 0.019748 0.080746 0.039165
0 0.015131 0.542060 0.029299 0.030613
0 0.503653 0.156776 0.029437 0.026191
0 0.663119 0.251600 0.035315 0.031628
0 0.240808 0.569218 0.038400 0.037308
0 0.857828 0.753966 0.034660 0.030810
0 0.010244 0.469520 0.020488 0.032856
0 0.660069 0.560773 0.024684 0.024074
0 0.068614 0.779913 0.025748 0.025320
0 0.536292 0.165715 0.025289 0.023825
0 0.079769 0.548322 0.028909 0.027116
0 0.986922 0.596579 0.025148 0.030663
0 0.322776 0.179175 0.110279 0.098817
0 0.055235 0.293576 0.034342 0.032650
