0 0.125418 0.454168 0.039739 0.040073
0 0.190905 0.772339 0.039572 0.038860
0 0.187820 0.973308 0.027944 0.027490
0 0.460301 0.843594 0.068810 0.066963
0 0.239520 0.710582 0.056000 0.055398
0 0.208875 0.826277 0.035224 0.035522
0 0.127592 0.989119 0.026675 0.021762
0 0.091460 0.551725 0.037623 0.037868
0 0.286992 0.110483 0.034399 0.034477
0 0.308044 0.384608 0.030367 0.030546
0 0.167894 0.836368 0.048073 0.047271
0 0.150937 0.769817 0.030560 0.030881
0 0.058193 0.663495 0.021286 0.021693
0 0.349740 0.869237 0.023585 0.023256
0 0.204194 0.686051 0.025350 0.025667
0 0.073176 0.199735 0.026686 0.026119
0 0.117966 0.423630 0.023488 0.023395
0 0.426582 0.867191 0.024783 0.024747
0 0.089614 0.692488 0.021047 0.020818
0 0.412870 0.960300 0.026052 0.026956
0 0.008854 0.543974 0.017682 0.028914
0 0.166755 0.744484 0.026610 0.026605
0 0.204599 0.867663 0.048256 0.048122
0 0.088821 0.482429 0.024380 0.023512
0 0.005482 0.407492 0.010964 0.025557
0 0.027296 0.487996 0.019464 0.019136
0 0.173753 0.792696 0.029459 0.029134
0 0.481916 0.585314 0.031823 0.031545
0 0.548310 0.980700 0.021270 0.021692
0 0.075811 0.069439 0.019240 0.019086
0 0.278544 0.121850 0.029745 0.029383
0 0.227138 0.776494 0.020569 0.020620
0 0.015814 0.316701 0.018471 0.018305
0 0.492993 0.790664 0.019562 0.019336
0 0.431065 0.463911 0.551516 0.584751
0 0.442698 0.982106 0.030079 0.030474
0 0.106859 0.763348 0.018830 0.018810
0 0.065190 0.974337 0.019368 0.019449
