0 0.898588 0.699677 0.048884 0.049239
0 0.314569 0.354014 0.069988 0.069412
0 0.247211 0.232376 0.027250 0.026956
0 0.649126 0.552888 0.041469 0.041597
0 0.648868 0.073984 0.024726 0.025145
0 0.042595 0.795003 0.051081 0.050823
0 0.278937 0.769658 0.029358 0.029245
0 0.558418 0.862477 0.031993 0.031843
0 0.252906 0.399598 0.021648 0.021676
0 0.268133 0.810182 0.022252 0.022636
0 0.576375 0.353514 0.023644 0.023555
0 0.905165 0.448992 0.026456 0.026290
0 0.076066 0.461574 0.039602 0.039099
0 0.939532 0.338874 0.120168 0.200564
0 0.624736 0.318820 0.096346 0.097974
0 0.654110 0.285646 0.051399 0.051046
0 0.653075 0.143686 0.019943 0.020535
0 0.608037 0.460512 0.025572 0.026220
0 0.606133 0.383458 0.030587 0.030749
0 0.797693 0.743197 0.144875 0.146567
0 0.243412 0.804416 0.022649 0.022579
