0 0.411722 0.426243 0.037172 0.037193
0 0.098578 0.087697 0.049660 0.049797
0 0.460596 0.227889 0.043605 0.043174
0 0.355788 0.082730 0.056709 0.056143
0 0.227331 0.640436 0.070163 0.069469
0 0.111190 0.627339 0.028737 0.028633
0 0.145825 0.272704 0.034532 0.033962
0 0.351167 0.736845 0.053839 0.053809
0 0.181416 0.597021 0.074143 0.073141
0 0.573165 0.517738 0.032434 0.032246
0 0.233118 0.778561 0.065287 0.064270
0 0.133272 0.174990 0.029493 0.029408
0 0.041026 0.058958 0.032277 0.032047
0 0.607685 0.553023 0.023082 0.023196
0 0.737323 0.649124 0.043914 0.043685
0 0.335354 0.150725 0.069140 0.069041
0 0.450134 0.586098 0.028016 0.027927
0 0.168246 0.853114 0.067819 0.069610
0 0.379883 0.226407 0.035058 0.035327
0 0.030350 0.246692 0.060556 0.065547
0 0.262449 0.076423 0.025490 0.025295
0 0.406745 0.871797 0.060937 0.060567
0 0.735573 0.356896 0.026322 0.026495
0 0.823633 0.515181 0.050199 0.049234
0 0.312614 0.458616 0.035961 0.036268
0 0.437268 0.131452 0.024334 0.024731
0 0.327904 0.683510 0.041714 0.042771
0 0.643176 0.760786 0.087903 0.088215
0 0.389325 0.538018 0.032455 0.032811
0 0.909011 0.949257 0.024340 0.024015
0 0.119856 0.655956 0.020389 0.020283
0 0.290767 0.792867 0.030051 0.030259
0 0.356786 0.622179 0.025031 0.025396
0 0.520769 0.101908 0.076026 0.075611
0 0.672207 0.189866 0.034836 0.035032
0 0.687725 0.246134 0.027851 0.027537
0 0.172190 0.370784 0.021278 0.021021
0 0.436275 0.185642 0.051505 0.051696
0 0.218873 0.084955 0.021179 0.021220
0 0.379508 0.487363 0.028556 0.028096
0 0.215324 0.007469 0.031265 0.014938
0 0.587997 0.256233 0.034593 0.034243
0 0.482789 0.014932 0.020805 0.021206
0 0.721782 0.876425 0.025266 0.025518
0 0.408570 0.661136 0.057681 0.056737
0 0.951906 0.896561 0.027241 0.028525
0 0.135085 0.220647 0.037866 0.037579
0 0.972145 0.113265 0.028084 0.027471
0 0.857339 0.932815 0.032537 0.031441
0 0.148639 0.530362 0.033562 0.033391
0 0.937777 0.346041 0.025827 0.025585
0 0.336520 0.786461 0.061379 0.061307
0 0.403191 0.303655 0.030604 0.030710
0 0.050420 0.148202 0.050535 0.053249
0 0.677588 0.582593 0.136817 0.134685
0 0.277240 0.965140 0.049715 0.049141
0 0.052215 0.646769 0.020036 0.020167
0 0.488887 0.686100 0.106007 0.103016
0 0.501400 0.126072 0.048335 0.048316
0 0.289844 0.370653 0.028900 0.029448
0 0.836196 0.606368 0.020952 0.020774
0 0.240391 0.484764 0.021464 0.021648
0 0.703616 0.041589 0.026026 0.025884
0 0.531401 0.235019 0.053745 0.053903
0 0.819270 0.024717 0.058597 0.048597
0 0.939677 0.377230 0.026374 0.026094
0 0.099731 0.888637 0.019445 0.019178
0 0.452952 0.119186 0.020083 0.020161
0 0.044166 0.537822 0.022630 0.022419
0 0.784333 0.087548 0.042288 0.041997
0 0.737003 0.111920 0.053753 0.056062
0 0.746689 0.519100 0.033601 0.033617
0 0.170524 0.367460 0.177988 0.165298
0 0.646211 0.674837 0.102403 0.102435
0 0.569824 0.032450 0.051781 0.051095
0 0.713544 0.009863 0.036882 0.019650
0 0.014088 0.980286 0.028176 0.039428
0 0.015404 0.849824 0.023813 0.023381
0 0.765573 0.202514 0.027195 0.027692
0 0.767800 0.260067 0.019618 0.019585
0 0.097658 0.904496 0.100609 0.099656
0 0.274378 0.091138 0.019280 0.019604
0 0.472957 0.505350 0.047398 0.048772
0 0.302156 0.189297 0.028649 0.030137
0 0.941729 0.975115 0.022850 0.022350
0 0.882382 0.107325 0.030591 0.030664
0 0.698731 0.917538 0.052840 0.053188
