0 0.405986 0.477281 0.095617 0.090227
0 0.245314 0.425007 0.049113 0.047210
0 0.236338 0.374844 0.057145 0.056193
0 0.648193 0.156846 0.050884 0.050656
0 0.090944 0.664233 0.032441 0.031928
0 0.468148 0.751504 0.057718 0.057938
0 0.282286 0.449014 0.032402 0.031704
0 0.389314 0.764871 0.046996 0.045375
0 0.869356 0.666532 0.048313 0.047903
0 0.746843 0.607814 0.027874 0.028279
0 0.307129 0.086924 0.037034 0.035837
0 0.286834 0.413122 0.033520 0.032431
0 0.802744 0.514582 0.034809 0.033992
0 0.454559 0.514907 0.031018 0.030889
0 0.987325 0.683946 0.025351 0.045256
0 0.679642 0.651423 0.034593 0.033723
0 0.616636 0.367780 0.027337 0.027546
0 0.882524 0.276877 0.024740 0.024597
0 0.421918 0.702192 0.078674 0.075909
0 0.764275 0.643356 0.064608 0.062107
0 0.612169 0.648110 0.036539 0.036459
0 0.050078 0.583727 0.027859 0.027333
0 0.154112 0.483479 0.046525 0.045103
0 0.892428 0.437703 0.025316 0.024853
0 0.259791 0.650772 0.025448 0.024801
0 0.133025 0.774828 0.028623 0.028344
0 0.602232 0.647289 0.049583 0.046728
0 0.586952 0.592254 0.029705 0.029981
0 0.492117 0.319613 0.068796 0.068122
