0 0.702357 0.448932 0.043077 0.040621
0 0.308544 0.542672 0.033232 0.032620
0 0.341139 0.177022 0.039692 0.037603
0 0.924400 0.125007 0.034897 0.033527
0 0.984370 0.652346 0.029184 0.028104
0 0.266080 0.247152 0.030642 0.029719
0 0.716573 0.141492 0.035275 0.033113
0 0.659137 0.980683 0.046631 0.038539
0 0.949665 0.428232 0.083721 0.078628
0 0.208889 0.516140 0.024494 0.023890
0 0.092369 0.886927 0.184738 0.223157
0 0.642861 0.528980 0.055170 0.051637
0 0.781160 0.099180 0.027423 0.026608
0 0.153607 0.338758 0.023710 0.022953
0 0.070620 0.009418 0.024861 0.018655
0 0.022755 0.991937 0.029892 0.015683
0 0.671647 0.328909 0.030354 0.028339
0 0.416914 0.961776 0.117257 0.074903
0 0.029582 0.936001 0.020834 0.020376
0 0.240370 0.067070 0.025252 0.025047
0 0.906845 0.458245 0.023294 0.022461
0 0.502994 0.241626 0.190422 0.167080
0 0.202922 0.095211 0.126267 0.114572
0 0.484641 0.653452 0.020396 0.020367
0 0.031481 0.916820 0.020855 0.020057
