0 0.084281 0.858613 0.037574 0.037877
0 0.367372 0.930181 0.116564 0.114824
0 0.124225 0.668054 0.048930 0.048723
0 0.322185 0.557367 0.058278 0.057205
0 0.070959 0.242814 0.057952 0.057134
0 0.447991 0.746020 0.027003 0.026867
0 0.196437 0.676425 0.038578 0.037732
0 0.849039 0.299241 0.034971 0.034782
0 0.146160 0.327685 0.029693 0.029476
0 0.285729 0.336272 0.042421 0.041863
0 0.152559 0.842404 0.050053 0.048775
0 0.384702 0.744811 0.028235 0.027792
0 0.342821 0.695774 0.027418 0.027139
0 0.431304 0.501081 0.023350 0.023490
0 0.521172 0.553269 0.033269 0.033184
0 0.138415 0.378444 0.051661 0.050837
0 0.670437 0.375610 0.048503 0.048932
0 0.351889 0.663272 0.052202 0.050624
0 0.488088 0.674559 0.023504 0.023779
0 0.928371 0.358315 0.025237 0.025375
0 0.894363 0.656056 0.032497 0.032579
0 0.446063 0.396399 0.022076 0.021986
0 0.805797 0.037855 0.029653 0.029381
0 0.656912 0.825173 0.024619 0.024453
0 0.550178 0.508265 0.025686 0.025382
0 0.678716 0.611682 0.050824 0.050372
0 0.084137 0.471797 0.044602 0.044057
0 0.055425 0.952443 0.088800 0.087910
0 0.113910 0.974590 0.051021 0.049895
0 0.465161 0.951409 0.088115 0.087209
0 0.960399 0.027893 0.078071 0.055786
0 0.633642 0.969484 0.187306 0.060813
0 0.444098 0.639455 0.021501 0.021422
0 0.407875 0.348913 0.046302 0.047658
0 0.193392 0.651850 0.021068 0.020955
0 0.780891 0.317469 0.438217 0.540189
0 0.353879 0.498012 0.022050 0.022635
0 0.905642 0.043148 0.030721 0.029661
0 0.288206 0.030985 0.040287 0.039808
0 0.515327 0.864118 0.027893 0.027898
0 0.445894 0.346292 0.031698 0.031797
0 0.410867 0.985016 0.127983 0.029968
0 0.497471 0.642710 0.020133 0.020754
0 0.319995 0.005991 0.023117 0.011894
0 0.793943 0.353794 0.019735 0.019876
0 0.608505 0.089078 0.024172 0.024236
0 0.867156 0.645259 0.024574 0.024436
