0 0.946404 0.636687 0.026671 0.025838
0 0.761932 0.950266 0.040058 0.039725
0 0.663498 0.957006 0.025322 0.024709
0 0.521884 0.533406 0.035245 0.035276
0 0.582848 0.940887 0.040094 0.040319
0 0.763502 0.349089 0.052814 0.052021
0 0.502313 0.836117 0.044216 0.043782
0 0.242186 0.483686 0.044448 0.043526
0 0.708490 0.585195 0.036557 0.037285
0 0.450698 0.450022 0.034562 0.034116
0 0.432785 0.420648 0.036854 0.036135
0 0.588694 0.624858 0.040184 0.040461
0 0.680558 0.451451 0.039007 0.038104
0 0.988641 0.659347 0.022719 0.045501
0 0.327466 0.604887 0.055023 0.054023
0 0.796671 0.814930 0.026375 0.026306
0 0.799706 0.490679 0.029754 0.029571
0 0.668538 0.280914 0.049552 0.048886
0 0.830402 0.568626 0.043230 0.042698
0 0.600925 0.592465 0.045311 0.044891
0 0.507823 0.336501 0.041197 0.040892
0 0.035018 0.403675 0.063126 0.063183
0 0.874120 0.613977 0.041285 0.041746
0 0.202244 0.368851 0.042450 0.042634
0 0.699470 0.616059 0.045669 0.044493
0 0.293562 0.665068 0.039512 0.038860
0 0.335199 0.549065 0.052870 0.052898
0 0.465114 0.602674 0.029305 0.029216
0 0.486029 0.585283 0.034740 0.034946
0 0.367565 0.358819 0.026785 0.026887
0 0.643174 0.626349 0.051475 0.050708
0 0.794271 0.567064 0.055311 0.054745
0 0.973013 0.397098 0.025670 0.025420
0 0.732637 0.405602 0.026598 0.026258
0 0.624059 0.899139 0.037552 0.036949
0 0.276460 0.312811 0.031443 0.031387
0 0.617304 0.736051 0.036704 0.036366
0 0.814630 0.324341 0.045008 0.044747
0 0.819177 0.613269 0.052319 0.052389
0 0.492965 0.401674 0.028707 0.028685
0 0.368778 0.690492 0.039034 0.038504
0 0.733570 0.465707 0.028265 0.027033
0 0.805667 0.977823 0.036364 0.037164
0 0.896316 0.262937 0.032045 0.031786
0 0.356856 0.459943 0.046394 0.045193
0 0.503279 0.682214 0.033371 0.032054
0 0.177667 0.764937 0.025647 0.025235
0 0.179357 0.979654 0.048034 0.040693
0 0.955733 0.112756 0.035834 0.036226
0 0.450098 0.311705 0.023584 0.022369
0 0.848391 0.292476 0.028309 0.027883
0 0.437810 0.609615 0.027417 0.028414
0 0.412035 0.267298 0.030809 0.031360
0 0.385494 0.009762 0.037054 0.019147
0 0.548382 0.638516 0.031954 0.031660
0 0.715351 0.310232 0.025706 0.025755
0 0.341477 0.645168 0.041456 0.040054
0 0.400694 0.502374 0.036021 0.036958
0 0.596188 0.411636 0.023185 0.023381
0 0.526500 0.669608 0.036572 0.036367
0 0.436004 0.494771 0.049021 0.050225
0 0.955089 0.036781 0.036923 0.038171
0 0.909492 0.339839 0.027810 0.027609
0 0.879563 0.288580 0.031467 0.031964
0 0.421692 0.624573 0.029312 0.029842
0 0.754535 0.172449 0.038035 0.037858
0 0.425144 0.516039 0.023161 0.022369
0 0.789055 0.625648 0.041956 0.042312
0 0.679053 0.418190 0.022811 0.022796
0 0.464657 0.697779 0.070645 0.069839
0 0.639805 0.843703 0.024868 0.025203
0 0.459575 0.085727 0.027991 0.027356
0 0.768587 0.648027 0.036216 0.036545
0 0.096908 0.713250 0.029193 0.028727
0 0.815488 0.653126 0.028284 0.028784
0 0.618542 0.532922 0.020486 0.019905
0 0.406755 0.565143 0.023381 0.022870
0 0.479396 0.422639 0.027547 0.027289
0 0.983328 0.053895 0.033343 0.036971
0 0.117571 0.453268 0.036452 0.036016
0 0.593210 0.536123 0.031806 0.032414
0 0.538621 0.316170 0.024824 0.024395
0 0.720130 0.384969 0.029310 0.031140
0 0.455413 0.862901 0.029772 0.030972
0 0.355995 0.497891 0.032277 0.032193
0 0.713266 0.445351 0.027035 0.026245
0 0.271962 0.238785 0.022283 0.022054
0 0.975503 0.553225 0.048374 0.066521
0 0.379490 0.513690 0.026989 0.028738
0 0.471055 0.659312 0.027013 0.025687
0 0.311453 0.989712 0.050747 0.020082
0 0.484815 0.520749 0.043046 0.043823
0 0.191723 0.783232 0.025215 0.025449
0 0.124736 0.211715 0.036027 0.036144
0 0.577653 0.558497 0.025086 0.024742
0 0.282194 0.953089 0.031595 0.032155
0 0.712169 0.258381 0.036732 0.033577
0 0.605385 0.277071 0.031886 0.032744
0 0.667589 0.475226 0.023121 0.023202
0 0.531579 0.782259 0.020666 0.020859
0 0.453576 0.363406 0.032278 0.035136
0 0.707600 0.904566 0.034872 0.035052
0 0.187729 0.336182 0.028340 0.027864
0 0.570086 0.230482 0.027629 0.028305
0 0.660881 0.399639 0.020868 0.020665
0 0.207521 0.060416 0.032830 0.033015
0 0.861062 0.208144 0.023281 0.023387
0 0.780095 0.209552 0.024014 0.024106
0 0.608186 0.199331 0.026843 0.025648
0 0.603219 0.859897 0.029674 0.029729
0 0.743190 0.209406 0.027337 0.028477
0 0.079532 0.673538 0.030158 0.029730
0 0.736444 0.563586 0.037545 0.037627
0 0.983024 0.593719 0.022608 0.022066
0 0.442326 0.640015 0.029127 0.028915
0 0.493210 0.612660 0.028818 0.029307
0 0.650463 0.584267 0.032812 0.032418
0 0.415143 0.761722 0.023744 0.023548
0 0.060046 0.964711 0.031070 0.030109
0 0.185314 0.074427 0.023988 0.024112
0 0.410337 0.702141 0.046496 0.048744
0 0.637698 0.127464 0.022859 0.022807
0 0.436004 0.890575 0.024707 0.024389
0 0.632364 0.272490 0.028668 0.028925
0 0.226373 0.149100 0.036145 0.036557
0 0.660001 0.614596 0.032105 0.038786
0 0.766432 0.633364 0.029538 0.023196
0 0.630868 0.510215 0.047502 0.045647
0 0.901247 0.362611 0.024320 0.025071
0 0.364520 0.749268 0.024328 0.024979
0 0.344034 0.874978 0.040813 0.039087
