0 0.075946 0.689038 0.020800 0.021263
0 0.375481 0.475695 0.021196 0.021153
0 0.226799 0.586283 0.057714 0.058241
0 0.106965 0.455395 0.019385 0.019740
0 0.207311 0.535142 0.024662 0.023740
0 0.082755 0.847477 0.159807 0.167230
0 0.178480 0.510535 0.048632 0.048443
0 0.189148 0.572134 0.035576 0.035992
0 0.126930 0.561451 0.041951 0.041372
0 0.017498 0.369424 0.020572 0.020771
0 0.151601 0.528626 0.039756 0.039701
0 0.169243 0.430631 0.016826 0.017195
0 0.156066 0.574956 0.024947 0.025422
0 0.199453 0.656887 0.122309 0.114135
0 0.178658 0.549656 0.018990 0.018993
0 0.205290 0.468986 0.018695 0.019116
0 0.042288 0.227419 0.018509 0.018135
0 0.074296 0.507454 0.020189 0.021763
