0 0.540677 0.380257 0.335674 0.327302
0 0.206126 0.789978 0.031681 0.030910
0 0.938772 0.212778 0.122457 0.141454
0 0.050504 0.591799 0.027425 0.027119
0 0.020078 0.619178 0.035914 0.035532
0 0.340771 0.632079 0.032207 0.032141
0 0.477638 0.967848 0.029051 0.028306
0 0.011181 0.586151 0.022361 0.029927
0 0.825929 0.806483 0.029496 0.029370
0 0.758834 0.629376 0.028156 0.028441
0 0.249554 0.751680 0.026557 0.026198
0 0.220028 0.903461 0.026725 0.026422
0 0.759049 0.712374 0.027147 0.026797
0 0.865527 0.097811 0.040756 0.039364
0 0.742609 0.792283 0.022459 0.022127
0 0.900649 0.145591 0.032872 0.031082
0 0.815296 0.987727 0.068967 0.024496
0 0.414441 0.939888 0.022346 0.022927
0 0.294889 0.150028 0.474445 0.296696
0 0.142471 0.897186 0.021319 0.021558
0 0.255412 0.970175 0.022825 0.022904
0 0.230039 0.503161 0.022311 0.022499
0 0.369520 0.908587 0.020648 0.020478
0 0.011727 0.275072 0.022085 0.023506
0 0.391083 0.855382 0.020577 0.020694
0 0.928764 0.017423 0.020278 0.020076
0 0.884794 0.132609 0.027479 0.028698
0 0.937056 0.600717 0.037814 0.037652
0 0.722292 0.726728 0.020718 0.020854
0 0.034356 0.262089 0.023066 0.022910
0 0.332720 0.967970 0.025221 0.023492
0 0.903340 0.866398 0.046862 0.046615
0 0.011560 0.344763 0.022736 0.038366
