0 0.311334 0.435137 0.175410 0.170243
0 0.472072 0.812117 0.136386 0.136225
0 0.875719 0.262655 0.028221 0.028268
0 0.476644 0.955544 0.052774 0.052525
0 0.328854 0.336989 0.035156 0.035185
0 0.406728 0.343956 0.040647 0.040008
0 0.851141 0.712736 0.034252 0.034357
0 0.841942 0.186052 0.037906 0.037946
0 0.939935 0.034552 0.053851 0.053634
0 0.561452 0.372547 0.076039 0.076516
0 0.272839 0.700833 0.070771 0.073007
0 0.644775 0.268040 0.033176 0.033659
0 0.971122 0.751547 0.023765 0.023694
0 0.154123 0.068771 0.022387 0.022885
0 0.547691 0.250433 0.026381 0.026572
0 0.937313 0.183984 0.021380 0.021292
0 0.650589 0.482295 0.020965 0.020962
0 0.575706 0.142325 0.047398 0.047669
0 0.080691 0.449519 0.037638 0.037186
0 0.913048 0.823505 0.022804 0.023452
0 0.491426 0.446296 0.043161 0.042656
0 0.097366 0.989083 0.073993 0.021835
0 0.271098 0.223352 0.043758 0.043384
0 0.913931 0.117839 0.031607 0.031436
0 0.973071 0.780448 0.022675 0.023143
0 0.869459 0.151521 0.024228 0.023786
0 0.921879 0.685060 0.020850 0.020912
0 0.805080 0.526355 0.044313 0.044788
0 0.378733 0.945755 0.101188 0.097191
0 0.093210 0.956723 0.040990 0.039790
0 0.951206 0.217183 0.025843 0.025440
0 0.532679 0.158626 0.028374 0.029258
0 0.064500 0.132777 0.019991 0.019187
0 0.370914 0.985656 0.080118 0.028689
