0 0.794744 0.095348 0.042421 0.042208
0 0.735280 0.435849 0.052078 0.051389
0 0.568235 0.335159 0.054649 0.054772
0 0.136241 0.023019 0.083085 0.045925
0 0.503461 0.688235 0.038483 0.038267
0 0.622574 0.226551 0.034174 0.034219
0 0.332247 0.453714 0.033704 0.033414
0 0.642497 0.081166 0.035628 0.035784
0 0.531160 0.076251 0.042795 0.042405
0 0.174775 0.086863 0.062192 0.060551
0 0.575257 0.397700 0.030170 0.030071
0 0.142287 0.510694 0.031924 0.032074
0 0.509704 0.242885 0.028864 0.028847
0 0.324124 0.784196 0.046090 0.044669
0 0.832156 0.684686 0.024500 0.024140
0 0.570759 0.612244 0.028462 0.028978
0 0.923628 0.986299 0.025103 0.024372
0 0.063258 0.242487 0.032902 0.033393
0 0.277113 0.692192 0.032957 0.032866
0 0.989537 0.014650 0.020926 0.025963
0 0.551541 0.051874 0.029032 0.029110
0 0.771046 0.487806 0.031119 0.030582
0 0.751901 0.594986 0.024129 0.024157
0 0.127866 0.242646 0.036492 0.036135
0 0.867688 0.598110 0.021675 0.021945
0 0.914704 0.545433 0.024453 0.024434
0 0.854768 0.674345 0.023640 0.024046
0 0.312025 0.751077 0.040284 0.040970
0 0.325271 0.618068 0.025316 0.025214
0 0.644415 0.704428 0.037922 0.038132
0 0.987027 0.963156 0.022809 0.023904
0 0.371739 0.332652 0.022715 0.022556
0 0.207130 0.784507 0.033777 0.034117
0 0.262493 0.429346 0.029602 0.028605
0 0.299877 0.390454 0.024574 0.023949
0 0.923266 0.658985 0.023259 0.023531
0 0.305459 0.715485 0.047575 0.046543
0 0.902840 0.992432 0.027150 0.015135
