0 0.126683 0.767947 0.044170 0.042448
0 0.395599 0.593045 0.037556 0.035794
0 0.040578 0.187852 0.046778 0.045871
0 0.590206 0.974079 0.038787 0.036856
0 0.311857 0.620614 0.042276 0.039430
0 0.648185 0.312296 0.030275 0.029278
0 0.776363 0.044729 0.035509 0.034907
0 0.209075 0.507021 0.032716 0.031191
0 0.190241 0.699255 0.035200 0.033264
0 0.596787 0.331529 0.036416 0.036205
0 0.083256 0.589043 0.026551 0.026002
0 0.228005 0.358453 0.122185 0.117207
0 0.176984 0.153701 0.353550 0.307402
0 0.024521 0.138128 0.048716 0.058225
0 0.596370 0.243762 0.027414 0.026343
0 0.425694 0.077889 0.027003 0.025499
0 0.821091 0.350486 0.025368 0.025132
0 0.802364 0.052855 0.025206 0.024530
