0 0.491442 0.759259 0.039738 0.038851
0 0.841463 0.025802 0.068465 0.051603
0 0.784334 0.975550 0.042747 0.041253
0 0.666029 0.730148 0.031559 0.031603
0 0.674645 0.528559 0.031063 0.030175
0 0.269519 0.837693 0.044856 0.042560
0 0.341285 0.037650 0.034983 0.034444
0 0.526637 0.863672 0.035680 0.035335
0 0.038124 0.776223 0.030255 0.030173
0 0.498781 0.872180 0.032672 0.032997
0 0.071114 0.712136 0.054982 0.054457
0 0.230337 0.722713 0.047074 0.045053
0 0.542935 0.615596 0.025893 0.024902
0 0.595036 0.441292 0.025309 0.025029
0 0.569055 0.600820 0.024452 0.024101
0 0.615713 0.959661 0.036067 0.035833
0 0.729053 0.261141 0.023088 0.022763
0 0.647086 0.484968 0.022917 0.022812
0 0.610242 0.156702 0.028383 0.027854
0 0.393030 0.042629 0.021958 0.021685
0 0.234161 0.650322 0.023407 0.023347
0 0.606085 0.257901 0.023261 0.022672
0 0.284585 0.672142 0.024039 0.023623
0 0.877107 0.853004 0.021479 0.021402
0 0.375619 0.180222 0.022874 0.022942
0 0.349837 0.941536 0.038343 0.037876
