0 0.107743 0.236543 0.040477 0.040471
0 0.029584 0.206275 0.035710 0.035192
0 0.300662 0.789096 0.032497 0.032329
0 0.707008 0.548515 0.039596 0.039402
0 0.179384 0.967305 0.025628 0.025098
0 0.826633 0.495911 0.048046 0.048180
0 0.148933 0.385076 0.033479 0.032744
0 0.290593 0.309223 0.024934 0.025012
0 0.252747 0.884717 0.037111 0.037074
0 0.450157 0.684108 0.291077 0.303130
0 0.749603 0.830184 0.037573 0.037365
0 0.078680 0.318419 0.023272 0.023320
0 0.477038 0.460405 0.028125 0.028360
0 0.484005 0.119444 0.021265 0.021475
0 0.519676 0.865271 0.271478 0.269459
0 0.411863 0.333072 0.022077 0.022074
0 0.455474 0.306114 0.034320 0.034830
0 0.152421 0.337373 0.026598 0.026893
0 0.076571 0.517891 0.068021 0.068066
0 0.086178 0.929240 0.024160 0.024358
0 0.201420 0.887587 0.033591 0.033074
0 0.783085 0.511901 0.025642 0.025484
0 0.324792 0.335159 0.021046 0.021275
0 0.731395 0.742188 0.023354 0.023431
0 0.799218 0.015602 0.025529 0.025283
0 0.780990 0.327600 0.094369 0.092030
0 0.465829 0.253540 0.034300 0.034408
0 0.208699 0.056874 0.138844 0.113749
0 0.169097 0.066462 0.023990 0.024184
0 0.352006 0.438229 0.062893 0.062199
0 0.403538 0.519944 0.023474 0.023326
0 0.899454 0.504268 0.029952 0.029272
0 0.070507 0.578498 0.123940 0.126784
0 0.700231 0.490563 0.021089 0.021486
0 0.438641 0.374676 0.022685 0.022608
0 0.898959 0.927794 0.027232 0.026832
0 0.899767 0.772210 0.054640 0.053712
0 0.300624 0.934469 0.022069 0.022368
0 0.343467 0.073944 0.022335 0.022874
0 0.386271 0.011294 0.037496 0.022588
0 0.453896 0.342896 0.028778 0.028589
0 0.180203 0.578395 0.178178 0.181164
0 0.317876 0.953159 0.020429 0.020581
0 0.126531 0.482111 0.054699 0.055351
0 0.010570 0.585173 0.019960 0.020945
0 0.834372 0.715836 0.020787 0.020691
0 0.110203 0.007979 0.021683 0.015958
0 0.746304 0.864417 0.021343 0.020797
0 0.434072 0.135453 0.020821 0.020675
0 0.745560 0.798588 0.021158 0.021016
0 0.679047 0.735866 0.032092 0.032153
0 0.018037 0.882536 0.025621 0.025494
0 0.188981 0.502222 0.029542 0.031032
0 0.167354 0.496041 0.037982 0.039591
0 0.802594 0.578646 0.025869 0.025621
0 0.074205 0.372731 0.096353 0.098053
0 0.784690 0.185598 0.021264 0.020952
0 0.753320 0.140378 0.020103 0.020213
0 0.403872 0.425179 0.021671 0.021861
0 0.600761 0.397033 0.029095 0.029055
0 0.181876 0.704845 0.074548 0.075044
0 0.197487 0.055316 0.024110 0.024563
0 0.256636 0.713131 0.037913 0.038208
0 0.287744 0.222040 0.019244 0.019503
0 0.611080 0.088925 0.033323 0.034657
0 0.905898 0.833824 0.020052 0.019877
0 0.793460 0.064004 0.071037 0.071222
0 0.789303 0.339515 0.027440 0.029894
0 0.280552 0.932049 0.018184 0.018268
0 0.846543 0.418729 0.102291 0.104170
0 0.670812 0.043527 0.018284 0.018195
0 0.831864 0.979757 0.019901 0.019973
