0 0.760972 0.174789 0.041133 0.031461
0 0.868805 0.413893 0.064372 0.051153
0 0.201187 0.616354 0.039121 0.031788
0 0.771208 0.420375 0.127398 0.094753
0 0.881391 0.167318 0.077220 0.055886
0 0.685803 0.178904 0.102165 0.063710
0 0.543903 0.928556 0.064369 0.058043
0 0.649718 0.723653 0.066709 0.053358
0 0.598381 0.147742 0.068348 0.047613
0 0.786361 0.806415 0.062016 0.046239
0 0.387567 0.545548 0.775133 0.806904
0 0.665694 0.950562 0.049870 0.039276
0 0.933093 0.072953 0.087794 0.069843
0 0.794064 0.952777 0.288718 0.094447
