0 0.735894 0.449553 0.030322 0.030499
0 0.920544 0.480207 0.103088 0.100645
0 0.671813 0.532115 0.025493 0.025445
0 0.971682 0.677033 0.026729 0.026654
0 0.901066 0.849101 0.027933 0.027997
0 0.892838 0.917064 0.040573 0.040667
0 0.932375 0.867135 0.038189 0.037586
0 0.351127 0.583469 0.027942 0.028728
0 0.956031 0.252540 0.022157 0.022375
0 0.853963 0.367494 0.064126 0.065477
0 0.584947 0.589358 0.055743 0.055094
0 0.815247 0.937367 0.029870 0.030022
0 0.887031 0.651052 0.026505 0.026410
0 0.031266 0.532435 0.046171 0.045321
0 0.889039 0.555397 0.075441 0.076709
0 0.823493 0.217595 0.038721 0.038640
0 0.806631 0.974780 0.040072 0.040412
0 0.513804 0.538077 0.025593 0.025831
0 0.292031 0.464868 0.025443 0.025769
0 0.642952 0.169866 0.023303 0.023571
0 0.645700 0.898636 0.030197 0.030287
0 0.973100 0.703428 0.024725 0.025031
0 0.039953 0.427131 0.022089 0.022027
0 0.264077 0.231509 0.452369 0.452337
0 0.847971 0.944209 0.027516 0.027597
0 0.661691 0.761635 0.024489 0.024460
0 0.779639 0.125688 0.022740 0.022973
0 0.990009 0.887320 0.019982 0.035819
0 0.919971 0.700759 0.052521 0.053775
0 0.932323 0.985110 0.027580 0.026913
0 0.262684 0.825031 0.022166 0.022255
0 0.826173 0.911013 0.026915 0.025324
0 0.780006 0.380400 0.022963 0.023257
0 0.942066 0.899916 0.023933 0.023569
0 0.378598 0.915959 0.025486 0.025625
0 0.828534 0.900499 0.028169 0.027816
0 0.809273 0.685686 0.029890 0.029145
0 0.444861 0.836759 0.021667 0.021646
0 0.527962 0.605851 0.020312 0.020387
0 0.642392 0.803416 0.020229 0.020423
0 0.458757 0.659279 0.021041 0.021137
0 0.412762 0.447688 0.028889 0.028683
0 0.811512 0.789380 0.022289 0.022057
0 0.191212 0.886338 0.021299 0.021334
0 0.943232 0.931589 0.019780 0.020081
0 0.755619 0.682301 0.025175 0.025014
0 0.315374 0.787850 0.020103 0.020162
0 0.649644 0.428609 0.031728 0.031896
0 0.611476 0.717439 0.035121 0.035071
0 0.327486 0.595525 0.023733 0.023883
0 0.950645 0.058356 0.019418 0.019159
0 0.743838 0.503204 0.045554 0.045960
0 0.692089 0.752914 0.021359 0.021873
0 0.901574 0.875969 0.020878 0.021584
0 0.513654 0.049756 0.019638 0.019594
0 0.315183 0.809072 0.020083 0.020150
0 0.982186 0.058584 0.018788 0.018994
0 0.837087 0.657284 0.050676 0.050151
0 0.918014 0.947771 0.019517 0.019772
0 0.630518 0.632329 0.076507 0.076540
0 0.040085 0.672033 0.022506 0.022436
0 0.047390 0.782776 0.020441 0.020316
0 0.899130 0.295590 0.036859 0.037206
0 0.773587 0.533888 0.021719 0.021772
0 0.667824 0.157742 0.019051 0.019122
0 0.752535 0.631129 0.105475 0.103821
0 0.858672 0.747025 0.018740 0.018547
0 0.358879 0.027914 0.024877 0.024542
0 0.646819 0.006401 0.023059 0.012551
0 0.680332 0.885770 0.028802 0.028332
0 0.208498 0.854258 0.019306 0.019717
0 0.445863 0.389416 0.021164 0.021060
0 0.042399 0.993793 0.020277 0.012201
0 0.871293 0.969987 0.018153 0.018167
