0 0.444119 0.042144 0.052331 0.050319
0 0.217777 0.599160 0.046358 0.044718
0 0.384652 0.253578 0.039011 0.037844
0 0.712865 0.052903 0.034365 0.033269
0 0.102571 0.458990 0.052718 0.052267
0 0.430363 0.676286 0.042400 0.039599
0 0.802959 0.041822 0.030135 0.028595
0 0.017464 0.897826 0.034766 0.043213
0 0.445354 0.585623 0.029128 0.028282
0 0.030219 0.958917 0.059158 0.082166
0 0.345021 0.605719 0.027487 0.027018
0 0.121493 0.228284 0.035317 0.034633
0 0.078206 0.985406 0.057744 0.029048
0 0.058595 0.932418 0.029760 0.029584
0 0.917792 0.981606 0.022718 0.022884
0 0.413799 0.568301 0.024986 0.025352
0 0.035274 0.760906 0.020641 0.020193
0 0.948275 0.113327 0.023827 0.024039
0 0.029999 0.612661 0.020210 0.020068
