0 0.423800 0.215708 0.028383 0.028150
0 0.042907 0.736735 0.027089 0.026679
0 0.308123 0.243091 0.042010 0.041701
0 0.243664 0.739519 0.023930 0.023865
0 0.223449 0.647709 0.026552 0.026419
0 0.507371 0.450893 0.021593 0.021533
0 0.282894 0.505966 0.042073 0.041509
0 0.496482 0.330380 0.047614 0.047250
0 0.554235 0.523625 0.025059 0.025161
0 0.350103 0.426125 0.043092 0.042659
0 0.151692 0.974955 0.027511 0.027592
0 0.432376 0.806564 0.028511 0.028284
0 0.479468 0.378210 0.038634 0.038065
0 0.312057 0.429728 0.030851 0.030637
0 0.578942 0.425881 0.022109 0.022306
0 0.195402 0.420284 0.021724 0.021385
0 0.595121 0.446324 0.027903 0.031326
0 0.572742 0.813963 0.020352 0.020474
0 0.444211 0.980841 0.036571 0.035924
0 0.178709 0.843572 0.021593 0.021373
0 0.036758 0.260498 0.027650 0.027345
0 0.065134 0.651788 0.025684 0.025988
0 0.427002 0.361779 0.020783 0.020590
0 0.280918 0.696039 0.021353 0.021041
0 0.041160 0.884647 0.029253 0.029328
0 0.092800 0.678766 0.019929 0.019938
0 0.384268 0.097416 0.023166 0.023545
0 0.418879 0.638989 0.022023 0.022191
0 0.279318 0.345006 0.023993 0.023834
0 0.277671 0.486966 0.023092 0.021536
0 0.545549 0.433003 0.018077 0.018177
0 0.468285 0.398051 0.020198 0.020188
0 0.272719 0.540231 0.019719 0.019777
0 0.120524 0.874775 0.024737 0.024214
0 0.364744 0.947501 0.023907 0.024092
0 0.039268 0.616245 0.022693 0.022612
0 0.477501 0.441643 0.022416 0.021896
0 0.396047 0.374565 0.018261 0.018246
0 0.281507 0.624869 0.019593 0.019584
0 0.036063 0.933234 0.018010 0.017960
0 0.163286 0.583998 0.019183 0.019555
0 0.405116 0.803566 0.019983 0.019705
0 0.418890 0.072265 0.182491 0.144529
0 0.350919 0.021979 0.023685 0.023875
