0 0.293306 0.420812 0.039966 0.039809
0 0.462305 0.624399 0.044028 0.044103
0 0.343174 0.704620 0.027508 0.027821
0 0.022861 0.859523 0.025832 0.025583
0 0.935974 0.086507 0.039979 0.040279
0 0.265183 0.850404 0.024372 0.024408
0 0.056502 0.012694 0.034929 0.025389
0 0.691464 0.274613 0.031598 0.031313
0 0.902920 0.273260 0.048920 0.049803
0 0.726959 0.140771 0.079761 0.079182
0 0.057932 0.257478 0.031984 0.033200
0 0.911269 0.656798 0.177461 0.326586
0 0.749546 0.825037 0.026387 0.026789
0 0.091254 0.585242 0.024354 0.024874
0 0.612066 0.957865 0.025603 0.025765
0 0.328631 0.680623 0.026383 0.026167
0 0.625204 0.784029 0.022731 0.022617
0 0.007106 0.921683 0.014037 0.031875
0 0.358004 0.079765 0.035305 0.035038
0 0.030906 0.956988 0.020766 0.020747
0 0.397118 0.440842 0.022898 0.023397
0 0.929593 0.561023 0.021339 0.021542
0 0.534727 0.857708 0.024224 0.024199
0 0.224692 0.684971 0.025507 0.025766
0 0.380170 0.015714 0.024673 0.025588
0 0.014587 0.396883 0.020612 0.020356
0 0.640835 0.241030 0.126244 0.124003
0 0.413053 0.138086 0.032182 0.032493
0 0.364281 0.056385 0.031755 0.032229
0 0.022507 0.357793 0.020868 0.021011
0 0.400797 0.529040 0.023823 0.023568
0 0.244014 0.351832 0.024191 0.024525
0 0.022547 0.673994 0.023465 0.022993
0 0.047519 0.228152 0.020366 0.020366
0 0.284758 0.773776 0.020239 0.020004
0 0.014646 0.184125 0.019085 0.018877
0 0.160165 0.803654 0.023790 0.024287
0 0.701434 0.970194 0.027259 0.026943
0 0.153496 0.989171 0.023571 0.020844
0 0.831071 0.158026 0.111010 0.109287
0 0.820120 0.234791 0.210741 0.212667
