0 0.815431 0.355713 0.284656 0.282761
0 0.315719 0.670499 0.212382 0.196370
0 0.394651 0.062274 0.158856 0.124549
0 0.489886 0.444801 0.041600 0.039393
0 0.516767 0.817546 0.102358 0.095312
0 0.650314 0.806184 0.063001 0.062617
0 0.843590 0.635562 0.060215 0.058584
0 0.807055 0.819777 0.054418 0.053183
0 0.111682 0.370512 0.051607 0.050302
0 0.410816 0.593886 0.042185 0.041173
0 0.818410 0.529374 0.073903 0.070578
0 0.384771 0.180349 0.060070 0.058112
0 0.377685 0.749541 0.039240 0.038029
0 0.231182 0.106491 0.036742 0.036102
0 0.246650 0.183964 0.025188 0.024970
0 0.929962 0.098481 0.063748 0.060838
0 0.307471 0.537233 0.047547 0.046999
0 0.768017 0.090337 0.035706 0.034781
0 0.831088 0.139292 0.031131 0.030003
0 0.337674 0.143320 0.034326 0.033591
0 0.449941 0.132248 0.127987 0.126351
0 0.774207 0.615765 0.030172 0.029546
0 0.618863 0.124821 0.025101 0.025532
0 0.427085 0.910474 0.054603 0.052813
0 0.256490 0.051489 0.033534 0.033141
0 0.164574 0.087771 0.029411 0.029123
0 0.016206 0.487724 0.032413 0.039586
0 0.906346 0.825117 0.072145 0.068541
0 0.179761 0.625869 0.091886 0.088946
0 0.295630 0.445363 0.037555 0.036397
0 0.429104 0.831546 0.054997 0.051832
0 0.352045 0.823737 0.136011 0.130966
0 0.451721 0.861728 0.052101 0.052319
0 0.319780 0.468682 0.029090 0.028739
0 0.778122 0.762739 0.051239 0.051542
0 0.012290 0.395142 0.024580 0.031710
0 0.087764 0.969922 0.058370 0.054843
0 0.207660 0.314194 0.044827 0.044499
0 0.855944 0.105561 0.024226 0.024297
0 0.597586 0.877543 0.026768 0.026216
0 0.266240 0.087962 0.047171 0.047736
0 0.321108 0.125033 0.022700 0.022898
0 0.167217 0.672224 0.028506 0.028587
0 0.142585 0.521803 0.032469 0.032053
0 0.896796 0.781118 0.035612 0.035234
0 0.643491 0.840295 0.023119 0.022421
0 0.617969 0.985488 0.038026 0.028174
0 0.517227 0.924256 0.044263 0.042846
0 0.941878 0.259325 0.036731 0.035054
0 0.718835 0.087273 0.032590 0.031371
0 0.691070 0.807285 0.022957 0.022403
0 0.578062 0.412817 0.024742 0.024168
0 0.010514 0.455534 0.020300 0.022863
0 0.655382 0.276012 0.026617 0.026178
0 0.564938 0.369201 0.523439 0.507557
0 0.717478 0.914851 0.073250 0.070112
0 0.281382 0.300094 0.123193 0.121675
0 0.381825 0.933726 0.028636 0.027438
0 0.165669 0.746406 0.331207 0.377584
0 0.406142 0.951851 0.040000 0.040933
0 0.846833 0.814532 0.035028 0.034838
0 0.842772 0.907041 0.029199 0.027986
0 0.032789 0.965044 0.046759 0.043757
0 0.863945 0.771561 0.029555 0.028148
0 0.560076 0.902721 0.025403 0.024658
0 0.825176 0.753061 0.042224 0.041618
0 0.366850 0.918977 0.026620 0.025795
0 0.098472 0.433971 0.027777 0.027362
0 0.533097 0.677868 0.032899 0.030931
0 0.045424 0.354090 0.061230 0.058398
0 0.149660 0.704354 0.025069 0.024363
0 0.983582 0.982085 0.032837 0.035667
0 0.784636 0.962146 0.087633 0.074867
0 0.620122 0.296303 0.022474 0.022505
0 0.053344 0.991544 0.062246 0.015353
0 0.607362 0.144049 0.021678 0.021455
0 0.726219 0.006061 0.027176 0.012122
0 0.705224 0.892285 0.024278 0.024202
0 0.212827 0.441930 0.021400 0.021282
0 0.988678 0.709545 0.022039 0.062489
0 0.654846 0.939660 0.022937 0.022254
0 0.264386 0.915417 0.022092 0.022107
0 0.529724 0.075428 0.019832 0.019795
0 0.140587 0.836184 0.026504 0.026343
0 0.101733 0.246363 0.060648 0.058791
0 0.979809 0.963839 0.040200 0.072322
0 0.010782 0.991314 0.021189 0.017373
0 0.881589 0.561339 0.026133 0.025540
