0 0.896384 0.200480 0.202927 0.203854
0 0.386054 0.300248 0.029751 0.029595
0 0.727638 0.856030 0.108296 0.108040
0 0.586856 0.137186 0.093429 0.093223
0 0.199188 0.948069 0.023320 0.022960
0 0.854465 0.645528 0.027399 0.027029
0 0.159153 0.585364 0.047625 0.047549
0 0.413349 0.780237 0.133632 0.136921
0 0.332450 0.863856 0.099259 0.099503
0 0.892842 0.671620 0.037117 0.037392
0 0.146382 0.789762 0.028138 0.028217
0 0.247950 0.539083 0.066677 0.066448
0 0.811391 0.585976 0.032937 0.032943
0 0.338344 0.216924 0.031803 0.031609
0 0.124762 0.829550 0.042868 0.042467
0 0.907055 0.556942 0.043553 0.043152
0 0.916066 0.784236 0.028073 0.028186
0 0.548664 0.555134 0.042604 0.042469
0 0.287581 0.958467 0.062638 0.063664
0 0.055085 0.809806 0.026163 0.025996
0 0.033126 0.197912 0.032096 0.031600
0 0.686760 0.904347 0.031238 0.031433
0 0.041838 0.332477 0.032572 0.033374
0 0.429924 0.232255 0.051579 0.051007
0 0.277797 0.231684 0.041178 0.041753
0 0.943993 0.701410 0.023126 0.023318
0 0.098519 0.161843 0.057667 0.057662
0 0.073380 0.033172 0.105724 0.066065
0 0.190067 0.362098 0.060436 0.060274
0 0.574469 0.599206 0.059123 0.059113
0 0.161083 0.267682 0.049644 0.048919
0 0.936773 0.391512 0.044670 0.043403
0 0.147257 0.738649 0.028117 0.027609
0 0.617143 0.960442 0.022319 0.022731
0 0.702648 0.041319 0.029611 0.029191
0 0.466173 0.971907 0.031317 0.031294
0 0.210947 0.472004 0.039048 0.039475
0 0.383627 0.162021 0.143320 0.142395
0 0.789166 0.906451 0.026370 0.026439
0 0.637128 0.616298 0.025503 0.025544
0 0.706873 0.693182 0.111647 0.110276
0 0.770232 0.942605 0.030627 0.030145
0 0.463965 0.853764 0.044418 0.044633
0 0.893440 0.735287 0.020584 0.020895
0 0.911434 0.412933 0.037045 0.036872
0 0.864823 0.434793 0.025535 0.026115
0 0.130122 0.416475 0.028581 0.028421
0 0.165611 0.546244 0.022433 0.022450
0 0.575174 0.687114 0.123034 0.121284
0 0.657853 0.919706 0.038981 0.038767
0 0.985095 0.723308 0.029810 0.036341
0 0.022708 0.161586 0.045416 0.065551
0 0.431726 0.714939 0.024802 0.024434
0 0.304223 0.396742 0.021988 0.022222
0 0.663017 0.327652 0.041482 0.041515
0 0.109766 0.922467 0.026093 0.026438
0 0.200047 0.910469 0.021213 0.021489
0 0.908986 0.945555 0.021193 0.021786
0 0.339852 0.769065 0.029036 0.029779
0 0.222583 0.220921 0.021201 0.021243
0 0.779753 0.363319 0.022148 0.022750
0 0.991165 0.450881 0.017671 0.029553
0 0.058281 0.159252 0.025644 0.025771
0 0.537369 0.781197 0.064610 0.065595
0 0.919522 0.324768 0.020121 0.019900
0 0.854118 0.919175 0.019706 0.020252
0 0.827834 0.526000 0.029774 0.029996
0 0.907035 0.911455 0.095521 0.100700
0 0.133511 0.199007 0.041457 0.041111
0 0.359787 0.298166 0.023563 0.023750
0 0.009121 0.295819 0.018031 0.075247
0 0.931195 0.671750 0.021365 0.021555
0 0.055817 0.953168 0.110031 0.093664
0 0.299951 0.058206 0.165608 0.116412
0 0.868267 0.091167 0.024432 0.023532
0 0.782849 0.989635 0.024791 0.020729
0 0.597271 0.549400 0.054303 0.053939
0 0.941571 0.281018 0.023851 0.024548
0 0.116668 0.526344 0.019968 0.019751
0 0.425032 0.203947 0.021499 0.021484
0 0.625881 0.294085 0.020508 0.020520
0 0.307799 0.641361 0.138992 0.135643
0 0.005502 0.756911 0.011004 0.039145
0 0.246088 0.835969 0.022827 0.022634
0 0.064361 0.634122 0.037948 0.037764
0 0.163836 0.922910 0.027749 0.028631
0 0.858721 0.848492 0.020171 0.020367
0 0.960515 0.975234 0.019118 0.019421
0 0.595345 0.987668 0.057567 0.024663
0 0.170774 0.408963 0.021073 0.021714
0 0.468948 0.744145 0.020747 0.020956
0 0.920424 0.043679 0.021675 0.020965
0 0.600987 0.442312 0.063791 0.063294
0 0.265258 0.740904 0.113165 0.114894
0 0.674506 0.803849 0.036497 0.037153
0 0.156529 0.927057 0.043639 0.042751
