0 0.752905 0.361777 0.274196 0.249605
0 0.384799 0.652515 0.222991 0.193136
0 0.093150 0.844003 0.165866 0.146443
0 0.856048 0.496257 0.041291 0.039539
0 0.595152 0.558181 0.176100 0.160224
0 0.954698 0.810479 0.031407 0.030377
0 0.723646 0.365579 0.034866 0.033013
0 0.548353 0.127299 0.255744 0.231291
0 0.446035 0.296577 0.091881 0.082428
0 0.582735 0.489390 0.063707 0.057609
0 0.293341 0.378705 0.060765 0.057905
0 0.031012 0.337918 0.062023 0.063314
0 0.564367 0.335526 0.031448 0.031679
0 0.353604 0.906686 0.036608 0.033056
0 0.607941 0.208224 0.090022 0.081434
0 0.533235 0.853577 0.031470 0.029729
0 0.628258 0.746005 0.025955 0.025498
0 0.674718 0.450249 0.070179 0.064323
0 0.423975 0.522231 0.039439 0.037328
0 0.822412 0.916440 0.061824 0.060721
0 0.576791 0.712672 0.029465 0.028564
0 0.373396 0.555150 0.101664 0.086406
0 0.563316 0.854273 0.027883 0.026362
0 0.875302 0.584150 0.022676 0.022233
0 0.269048 0.720717 0.048530 0.046104
0 0.468259 0.927490 0.031350 0.030369
0 0.868145 0.183423 0.023509 0.023076
0 0.513423 0.353717 0.027327 0.025702
0 0.872556 0.828230 0.024859 0.024016
0 0.062671 0.934724 0.035542 0.034150
0 0.044845 0.724687 0.089691 0.213909
0 0.374805 0.876499 0.027723 0.027506
0 0.592793 0.315185 0.028835 0.027944
0 0.606273 0.383728 0.025976 0.025704
0 0.620077 0.645511 0.026288 0.025771
0 0.023068 0.531947 0.046072 0.059696
0 0.227250 0.524123 0.044677 0.039195
0 0.831142 0.060591 0.337715 0.120219
0 0.587208 0.675841 0.025395 0.024879
0 0.241623 0.813541 0.139767 0.127814
0 0.355770 0.970321 0.121782 0.059358
0 0.316155 0.452309 0.143402 0.134481
0 0.943035 0.303549 0.113930 0.246943
0 0.490274 0.801332 0.024716 0.023766
0 0.730307 0.393791 0.027301 0.026890
0 0.967333 0.330380 0.021762 0.020317
0 0.491045 0.908078 0.025267 0.025157
