0 0.278913 0.604440 0.039604 0.039022
0 0.472849 0.332229 0.035552 0.035717
0 0.454735 0.042448 0.049959 0.049810
0 0.538705 0.222149 0.166037 0.163587
0 0.449482 0.167518 0.029280 0.028681
0 0.307390 0.792149 0.034909 0.034234
0 0.062546 0.404098 0.038614 0.038488
0 0.291301 0.933483 0.024805 0.024936
0 0.690132 0.583970 0.295714 0.298543
0 0.174445 0.421880 0.118208 0.117699
0 0.372178 0.701373 0.073454 0.074223
0 0.099735 0.773290 0.040853 0.041218
0 0.115834 0.353949 0.029046 0.029239
0 0.455953 0.388261 0.059264 0.058988
0 0.906096 0.494991 0.046961 0.046608
0 0.225638 0.093333 0.031837 0.032033
0 0.908167 0.043227 0.041275 0.041263
0 0.672076 0.125558 0.038556 0.038479
0 0.810836 0.648083 0.045981 0.046416
0 0.363393 0.097925 0.043313 0.043266
0 0.335566 0.483920 0.021969 0.021730
0 0.898950 0.636568 0.021828 0.021918
0 0.440537 0.236303 0.025585 0.025877
0 0.202722 0.906582 0.021598 0.021705
0 0.260255 0.007207 0.032744 0.014279
0 0.082393 0.155707 0.022112 0.022047
0 0.888505 0.548184 0.036197 0.035935
0 0.206447 0.303912 0.066720 0.066282
0 0.373488 0.906739 0.163152 0.165822
0 0.350905 0.987345 0.023149 0.022852
0 0.166137 0.540152 0.077152 0.076211
0 0.819286 0.161476 0.025972 0.025655
0 0.342441 0.326504 0.049384 0.049038
0 0.966760 0.423759 0.033980 0.034541
0 0.989140 0.401769 0.021720 0.030061
0 0.107153 0.133340 0.213713 0.265706
0 0.225945 0.150149 0.031832 0.031689
0 0.970889 0.267061 0.029921 0.029807
0 0.465327 0.437508 0.023245 0.022885
0 0.249819 0.672965 0.037976 0.037756
0 0.976189 0.983980 0.042155 0.032039
0 0.336152 0.839143 0.047512 0.047280
0 0.894008 0.206558 0.039122 0.039363
0 0.882997 0.019726 0.103313 0.039374
0 0.982843 0.758706 0.030267 0.031021
0 0.869620 0.737229 0.169745 0.167882
0 0.608121 0.121230 0.036665 0.036461
0 0.193913 0.877799 0.029758 0.029105
0 0.719505 0.354977 0.025027 0.024978
0 0.820200 0.207312 0.029095 0.029215
0 0.197410 0.796756 0.029714 0.030070
0 0.018371 0.080275 0.022166 0.022012
0 0.270771 0.971919 0.029391 0.028695
0 0.327065 0.401412 0.026041 0.026230
0 0.738938 0.443475 0.035982 0.036756
0 0.398026 0.481837 0.023680 0.023825
0 0.419016 0.286233 0.019401 0.019387
0 0.700153 0.607749 0.028891 0.028418
0 0.788550 0.097795 0.030757 0.031581
0 0.583051 0.105023 0.028084 0.027892
0 0.622289 0.298918 0.022344 0.022480
0 0.955685 0.052566 0.024264 0.024832
0 0.014389 0.694145 0.019670 0.019430
0 0.776646 0.204881 0.021580 0.021899
0 0.087169 0.672084 0.110097 0.108887
0 0.663420 0.259951 0.020441 0.020420
0 0.101134 0.633875 0.023204 0.021181
0 0.009900 0.663125 0.019578 0.025200
0 0.721810 0.077249 0.023801 0.024022
0 0.069180 0.526394 0.024831 0.024978
0 0.325334 0.433669 0.019470 0.019076
0 0.525109 0.198490 0.020355 0.020657
0 0.993657 0.368875 0.012687 0.024078
0 0.977619 0.482030 0.019413 0.019428
0 0.067691 0.913947 0.019556 0.019381
0 0.976103 0.586167 0.021361 0.021131
0 0.835996 0.875861 0.047457 0.047584
0 0.921371 0.264011 0.023657 0.024278
0 0.905725 0.839660 0.022492 0.022464
0 0.758025 0.091270 0.023896 0.024351
0 0.878303 0.060805 0.021408 0.021676
0 0.252209 0.531785 0.021774 0.021817
0 0.053564 0.766746 0.028227 0.028488
0 0.419242 0.993058 0.035482 0.013885
0 0.478518 0.483756 0.025290 0.025337
0 0.797040 0.278667 0.020375 0.020497
0 0.677913 0.057597 0.026779 0.026497
0 0.440087 0.211279 0.020464 0.020389
0 0.700509 0.869114 0.464730 0.261772
0 0.576122 0.975143 0.020461 0.020726
0 0.652642 0.524692 0.027659 0.027967
0 0.705352 0.095651 0.022039 0.022141
0 0.436710 0.415724 0.019662 0.018625
0 0.601451 0.268963 0.024186 0.023790
0 0.852505 0.965987 0.034417 0.034048
0 0.926121 0.329569 0.022349 0.022783
0 0.991785 0.616240 0.016268 0.026587
0 0.961945 0.043874 0.021912 0.021175
0 0.360892 0.351455 0.022750 0.022431
0 0.107894 0.132372 0.021266 0.019620
0 0.042810 0.164789 0.018359 0.018258
0 0.361324 0.636636 0.022024 0.022190
0 0.964198 0.241856 0.019487 0.019779
0 0.417622 0.200601 0.020165 0.019998
0 0.992464 0.322015 0.015073 0.025617
0 0.676291 0.515465 0.019238 0.019417
0 0.565228 0.658316 0.019026 0.019220
0 0.889071 0.354249 0.021524 0.021358
0 0.545453 0.347941 0.018862 0.018678
0 0.830439 0.552192 0.020613 0.020137
0 0.395579 0.830555 0.030361 0.030415
