0 0.601204 0.317855 0.133578 0.135485
0 0.213017 0.540600 0.025741 0.025599
0 0.092391 0.935888 0.046730 0.046240
0 0.785388 0.650763 0.076818 0.077187
0 0.858308 0.158907 0.078719 0.079046
0 0.774601 0.421904 0.030757 0.030112
0 0.623301 0.535574 0.055416 0.055292
0 0.885131 0.758092 0.035107 0.034906
0 0.657075 0.592467 0.094975 0.094927
0 0.123774 0.895563 0.051507 0.051526
0 0.718235 0.283510 0.023228 0.023079
0 0.837757 0.214706 0.031685 0.031671
0 0.406076 0.949274 0.054749 0.054244
0 0.665437 0.951476 0.026439 0.026666
0 0.285134 0.426889 0.046153 0.046010
0 0.055315 0.833476 0.044401 0.044260
0 0.461832 0.759784 0.039395 0.038602
0 0.456081 0.722401 0.031216 0.031119
0 0.553015 0.736985 0.021712 0.022117
0 0.538645 0.195246 0.036555 0.036384
0 0.958542 0.351300 0.082037 0.107449
0 0.328775 0.885198 0.021972 0.022375
0 0.520308 0.689531 0.036646 0.037011
0 0.492738 0.464723 0.023529 0.023108
0 0.592134 0.691284 0.190228 0.189210
0 0.476849 0.262493 0.042065 0.042813
0 0.727217 0.778105 0.045947 0.046250
0 0.845578 0.938246 0.022628 0.023079
0 0.229687 0.225148 0.215407 0.215437
0 0.625167 0.078485 0.035446 0.036346
0 0.355274 0.089449 0.218349 0.177507
0 0.437020 0.499929 0.047285 0.046552
0 0.975512 0.124972 0.033293 0.031931
0 0.898493 0.291885 0.039613 0.039387
0 0.393265 0.233559 0.100330 0.098896
0 0.776358 0.010039 0.040792 0.020078
0 0.670478 0.033599 0.122240 0.066911
0 0.980531 0.009108 0.033805 0.018216
0 0.677440 0.171780 0.028457 0.028637
0 0.465928 0.308968 0.038387 0.038464
0 0.262815 0.384250 0.047449 0.046685
0 0.794415 0.759366 0.020541 0.020628
0 0.254146 0.895838 0.053090 0.052453
0 0.348388 0.193955 0.029757 0.030323
0 0.105756 0.773108 0.024249 0.024371
0 0.666596 0.708077 0.072644 0.073059
0 0.620892 0.124734 0.027438 0.027252
0 0.487319 0.324824 0.020670 0.020697
0 0.783193 0.938984 0.022551 0.022644
0 0.557560 0.104353 0.023435 0.023375
0 0.345587 0.250965 0.030975 0.031646
0 0.445090 0.236067 0.028504 0.029126
0 0.876683 0.635162 0.023714 0.024287
0 0.552275 0.780632 0.039989 0.039928
0 0.543858 0.237568 0.083038 0.082276
0 0.956445 0.636428 0.033917 0.033300
0 0.558441 0.030723 0.045437 0.045606
0 0.300354 0.989291 0.019927 0.019958
0 0.830765 0.006227 0.040601 0.012454
0 0.761825 0.069912 0.021924 0.022050
0 0.571669 0.519750 0.020803 0.020253
0 0.708405 0.242614 0.022051 0.021817
0 0.433136 0.027854 0.023470 0.023318
0 0.109492 0.466867 0.022024 0.021392
0 0.911021 0.034603 0.019847 0.019809
0 0.078800 0.572904 0.025031 0.024939
0 0.271938 0.046042 0.026726 0.026252
0 0.957465 0.227016 0.046416 0.047354
0 0.188651 0.929674 0.025269 0.025042
0 0.521910 0.275541 0.022709 0.022670
0 0.540673 0.509391 0.029919 0.030089
0 0.689575 0.790516 0.048027 0.047204
0 0.838661 0.852817 0.019343 0.019564
0 0.594062 0.794211 0.036529 0.036674
0 0.930306 0.537867 0.139389 0.195567
0 0.407917 0.701990 0.552883 0.482144
0 0.738061 0.574251 0.190779 0.194371
0 0.133169 0.088185 0.168493 0.160678
0 0.337777 0.987982 0.028486 0.024037
0 0.490183 0.366878 0.045463 0.046123
0 0.058493 0.721972 0.116866 0.211901
0 0.658961 0.924231 0.020184 0.020002
