0 0.143336 0.479126 0.168151 0.170513
0 0.942491 0.721822 0.034016 0.034469
0 0.700631 0.321452 0.040329 0.040367
0 0.291585 0.893872 0.194409 0.184323
0 0.485657 0.945961 0.123245 0.108079
0 0.476116 0.612616 0.024345 0.024273
0 0.439988 0.022976 0.041710 0.041555
0 0.398868 0.664659 0.080146 0.080174
0 0.048129 0.776121 0.021584 0.022123
0 0.057897 0.210161 0.114094 0.196594
0 0.334954 0.347689 0.021334 0.021387
0 0.953164 0.621342 0.093492 0.113566
0 0.102150 0.806700 0.031974 0.033102
0 0.157756 0.330217 0.022436 0.022159
0 0.582437 0.872757 0.062731 0.063706
0 0.788246 0.700620 0.021704 0.021868
0 0.161424 0.802507 0.037616 0.037737
0 0.502327 0.843588 0.108080 0.106400
0 0.321874 0.626608 0.103371 0.105235
0 0.624006 0.963432 0.086834 0.073136
0 0.448269 0.299031 0.023888 0.024231
0 0.981613 0.058016 0.032499 0.033281
0 0.670794 0.106028 0.336864 0.212056
0 0.024073 0.575157 0.018948 0.018748
0 0.120770 0.369919 0.088217 0.090303
0 0.969096 0.692667 0.025645 0.025279
0 0.326630 0.533058 0.032131 0.032353
0 0.042022 0.419040 0.084044 0.092197
0 0.635714 0.332003 0.023266 0.022672
0 0.051198 0.976402 0.082252 0.047196
0 0.862168 0.567017 0.087171 0.085083
0 0.815058 0.258104 0.021541 0.021282
0 0.694292 0.440241 0.021224 0.021301
0 0.766694 0.706089 0.019306 0.019417
0 0.780306 0.592788 0.019603 0.019806
0 0.743614 0.907033 0.019510 0.019518
0 0.162094 0.309409 0.019982 0.020843
0 0.430382 0.594757 0.061949 0.061869
0 0.786566 0.829785 0.022695 0.022721
0 0.962126 0.940044 0.019377 0.019249
0 0.988378 0.761563 0.022929 0.074619
0 0.883565 0.131629 0.232871 0.254811
0 0.005549 0.664969 0.010847 0.029264
0 0.572350 0.948813 0.048557 0.048085
0 0.840185 0.757267 0.042496 0.042733
