0 0.118536 0.083484 0.182905 0.165724
0 0.817850 0.680214 0.034749 0.034162
0 0.246408 0.263667 0.140618 0.137182
0 0.966070 0.154336 0.044118 0.042427
0 0.524376 0.679251 0.046618 0.045749
0 0.809811 0.929878 0.024763 0.024881
0 0.026081 0.524036 0.027721 0.027292
0 0.639883 0.545277 0.028975 0.028899
0 0.069523 0.331917 0.041119 0.040979
0 0.492664 0.075521 0.030760 0.030393
0 0.549229 0.589115 0.027573 0.027167
0 0.972501 0.007394 0.029429 0.014659
0 0.458492 0.780225 0.055169 0.054838
0 0.751138 0.744483 0.043575 0.042897
0 0.693406 0.650777 0.024259 0.024442
0 0.844503 0.557194 0.028984 0.028993
0 0.616786 0.272087 0.020910 0.020928
0 0.879790 0.238616 0.038702 0.038549
0 0.994107 0.070135 0.011709 0.032050
0 0.434621 0.024765 0.025133 0.025131
