0 0.373884 0.239142 0.052702 0.050888
0 0.092781 0.959953 0.087769 0.072083
0 0.838052 0.889651 0.033554 0.032467
0 0.498098 0.343204 0.091539 0.083342
0 0.724531 0.021559 0.082984 0.043025
0 0.865965 0.048730 0.046164 0.040085
0 0.454366 0.138807 0.076009 0.071326
0 0.215646 0.669738 0.041747 0.041337
0 0.796738 0.071878 0.042735 0.038676
0 0.041536 0.848500 0.054871 0.050257
0 0.031719 0.409886 0.029303 0.028745
0 0.044172 0.709250 0.029008 0.028795
0 0.438740 0.458674 0.077357 0.071394
0 0.127353 0.748657 0.044160 0.042288
0 0.294120 0.049867 0.025309 0.025091
0 0.505320 0.894694 0.033337 0.029825
0 0.110258 0.651084 0.048858 0.047423
0 0.352806 0.921323 0.037328 0.035158
0 0.560493 0.194213 0.081450 0.075246
0 0.174443 0.968712 0.074497 0.061778
0 0.586480 0.863762 0.029625 0.027500
0 0.143584 0.912607 0.068105 0.062830
0 0.024894 0.712422 0.049566 0.071061
0 0.566119 0.410486 0.089451 0.074512
0 0.657215 0.054452 0.025934 0.025110
0 0.792741 0.183028 0.093493 0.083559
0 0.225031 0.805326 0.040468 0.037470
0 0.022976 0.771397 0.042089 0.040643
0 0.248110 0.154859 0.053192 0.052606
0 0.832654 0.439955 0.115726 0.108947
0 0.223222 0.139611 0.064399 0.063883
0 0.674759 0.095461 0.068095 0.060437
0 0.844368 0.096917 0.067977 0.059532
0 0.403719 0.214039 0.021236 0.021244
0 0.858371 0.145934 0.049448 0.044850
0 0.692966 0.561914 0.605126 0.435160
0 0.644143 0.032144 0.080543 0.063663
0 0.976403 0.345599 0.046807 0.051809
0 0.312593 0.312700 0.031997 0.032000
