0 0.774916 0.578823 0.025297 0.025103
0 0.745070 0.777926 0.025529 0.025362
0 0.713481 0.303569 0.036432 0.036679
0 0.572956 0.782342 0.025527 0.026071
0 0.132208 0.816423 0.106329 0.106278
0 0.412120 0.157849 0.046462 0.046119
0 0.516038 0.375071 0.035563 0.035384
0 0.832874 0.133958 0.043587 0.044098
0 0.272300 0.051587 0.036476 0.036485
0 0.616017 0.896912 0.023432 0.023427
0 0.811741 0.746149 0.021629 0.021199
0 0.160874 0.458154 0.321476 0.384963
0 0.825704 0.332207 0.342654 0.339606
0 0.980812 0.138136 0.022491 0.022999
0 0.547446 0.932330 0.021469 0.021410
0 0.644826 0.275981 0.021627 0.021990
0 0.118498 0.946874 0.035576 0.035393
0 0.547171 0.811500 0.019534 0.019596
0 0.028425 0.888848 0.056850 0.122384
0 0.594709 0.960689 0.026166 0.026439
0 0.721019 0.061888 0.069024 0.068814
0 0.574170 0.585380 0.041759 0.041897
0 0.621680 0.260367 0.040980 0.040975
0 0.399968 0.842455 0.244780 0.246677
0 0.846545 0.069735 0.082052 0.081871
0 0.803948 0.613155 0.019079 0.018604
0 0.084411 0.060020 0.071918 0.072833
0 0.450263 0.310869 0.043310 0.044287
0 0.801157 0.028882 0.035130 0.034239
0 0.759018 0.818341 0.018491 0.018486
0 0.782564 0.529192 0.035926 0.034927
0 0.740559 0.722496 0.024021 0.023640
0 0.782105 0.051176 0.019084 0.019004
0 0.541909 0.323652 0.020795 0.021129
