0 0.772841 0.098084 0.032009 0.032514
0 0.872002 0.972060 0.030999 0.031428
0 0.206790 0.288287 0.044801 0.044048
0 0.909610 0.603216 0.022801 0.022981
0 0.464477 0.837824 0.022383 0.023095
0 0.885777 0.716037 0.022905 0.023173
0 0.310540 0.798898 0.023141 0.023320
0 0.061254 0.276077 0.021548 0.021625
0 0.955037 0.813219 0.030878 0.029617
0 0.036146 0.670714 0.021231 0.020744
0 0.840233 0.613274 0.021141 0.021478
0 0.665722 0.752840 0.024332 0.024368
0 0.637201 0.188216 0.020221 0.020424
0 0.273517 0.341409 0.021083 0.020986
