0 0.092321 0.926244 0.029331 0.029682
0 0.074927 0.601257 0.023749 0.024212
0 0.247450 0.622344 0.040045 0.039762
0 0.029493 0.390525 0.023721 0.023568
0 0.113810 0.365275 0.029157 0.029159
0 0.374422 0.810652 0.031919 0.030939
0 0.300522 0.486919 0.029066 0.028845
0 0.253139 0.579935 0.026870 0.026717
0 0.132990 0.421899 0.021459 0.021719
0 0.113422 0.331362 0.031495 0.031461
0 0.322463 0.430471 0.022290 0.022618
0 0.286331 0.610721 0.029941 0.029138
0 0.157374 0.326488 0.028138 0.028679
0 0.079530 0.341276 0.022903 0.023214
0 0.022565 0.574373 0.021984 0.022228
0 0.482303 0.828497 0.029399 0.029992
0 0.133221 0.272023 0.024700 0.026002
0 0.459519 0.554460 0.023243 0.023327
0 0.031613 0.175309 0.026555 0.026232
0 0.155874 0.222643 0.040394 0.039240
0 0.330547 0.648991 0.029291 0.029188
0 0.312349 0.684951 0.023419 0.023785
0 0.092273 0.177682 0.035966 0.034644
0 0.566413 0.826072 0.030289 0.030389
0 0.065961 0.154366 0.027463 0.027493
0 0.013081 0.299705 0.023475 0.023483
0 0.216672 0.247436 0.021890 0.021856
0 0.065921 0.978774 0.047502 0.042452
0 0.066736 0.394442 0.018536 0.018447
0 0.286667 0.323212 0.019630 0.019780
0 0.464156 0.105800 0.024422 0.024469
0 0.446154 0.615630 0.034882 0.034837
0 0.056081 0.269713 0.023766 0.023135
0 0.073106 0.427613 0.020793 0.020805
0 0.486413 0.608747 0.025040 0.025163
0 0.224090 0.360940 0.018105 0.018509
0 0.586465 0.413525 0.021210 0.021055
0 0.416488 0.605917 0.025776 0.025629
0 0.486652 0.963085 0.023539 0.022783
0 0.194822 0.134043 0.054826 0.053310
0 0.114985 0.253114 0.035545 0.035173
0 0.008347 0.810245 0.016695 0.017967
0 0.510219 0.480667 0.023334 0.023075
0 0.219504 0.493153 0.020438 0.020517
0 0.145362 0.815495 0.032600 0.033130
0 0.105252 0.303385 0.017330 0.017345
0 0.212718 0.054633 0.018682 0.018868
