0 0.482760 0.781233 0.212417 0.198248
0 0.211094 0.088089 0.059494 0.058445
0 0.609309 0.277895 0.041770 0.040828
0 0.322206 0.946011 0.043951 0.041808
0 0.022100 0.490509 0.043902 0.058837
0 0.160972 0.831550 0.032872 0.031936
0 0.826329 0.523511 0.069167 0.065400
0 0.559659 0.967361 0.051215 0.047140
0 0.520009 0.317719 0.029958 0.029735
0 0.012666 0.888878 0.025163 0.029562
0 0.264989 0.759397 0.030339 0.029985
0 0.148404 0.991574 0.024259 0.016760
0 0.652309 0.308506 0.032337 0.030618
0 0.257973 0.485550 0.027743 0.027156
0 0.107604 0.993413 0.026087 0.012992
0 0.640555 0.388231 0.024523 0.024195
