0 0.665759 0.735590 0.113838 0.091946
0 0.379998 0.443809 0.058063 0.045891
0 0.929053 0.055702 0.057872 0.049483
0 0.495151 0.184915 0.068782 0.057253
0 0.766651 0.801063 0.058747 0.046327
0 0.644447 0.068084 0.088290 0.075763
0 0.512284 0.906542 0.064507 0.049125
0 0.843167 0.013009 0.042902 0.026019
0 0.745292 0.068017 0.044993 0.037942
0 0.481975 0.498480 0.065873 0.053486
0 0.579970 0.102656 0.053063 0.044805
0 0.611388 0.017934 0.094201 0.035713
0 0.540631 0.866281 0.044223 0.036856
0 0.155568 0.884860 0.036502 0.033314
0 0.243036 0.366159 0.038040 0.033616
0 0.370314 0.597253 0.037917 0.030904
0 0.820274 0.791515 0.036535 0.028477
0 0.040160 0.318120 0.033338 0.028964
0 0.987503 0.504842 0.024993 0.035293
0 0.921465 0.120234 0.041127 0.036550
0 0.266321 0.689727 0.034758 0.032349
0 0.429624 0.776561 0.036790 0.029805
0 0.573171 0.169218 0.035689 0.029857
0 0.196931 0.596159 0.172858 0.141631
0 0.447949 0.527363 0.037257 0.029663
0 0.211833 0.453954 0.029428 0.027148
0 0.963451 0.555894 0.034108 0.028703
0 0.408347 0.357432 0.039598 0.030869
0 0.277565 0.886243 0.219125 0.175887
0 0.530557 0.972206 0.035192 0.027738
0 0.588081 0.670270 0.095789 0.080188
0 0.978264 0.843242 0.043450 0.051125
0 0.154119 0.289367 0.085654 0.073815
0 0.731208 0.268570 0.030183 0.026034
0 0.168730 0.668799 0.089367 0.080845
0 0.030242 0.632789 0.028961 0.025440
0 0.399881 0.056278 0.041572 0.041909
