0 0.537318 0.464298 0.055645 0.055654
0 0.198990 0.367244 0.081420 0.079681
0 0.964519 0.706026 0.030059 0.030691
0 0.373142 0.645128 0.034426 0.034711
0 0.389881 0.180222 0.034267 0.033990
0 0.209157 0.754057 0.028994 0.029020
0 0.345454 0.382075 0.071610 0.070875
0 0.057556 0.618692 0.030049 0.030047
0 0.007105 0.648541 0.014210 0.023614
0 0.325270 0.824896 0.038081 0.038093
0 0.391247 0.219349 0.029146 0.029274
0 0.302535 0.285103 0.074629 0.075754
0 0.234311 0.870924 0.026004 0.025536
0 0.546832 0.190077 0.071588 0.073593
0 0.015887 0.200819 0.020388 0.019888
0 0.492779 0.324428 0.021723 0.022102
0 0.744194 0.491385 0.021623 0.021938
0 0.104222 0.709076 0.043861 0.043819
0 0.413256 0.411915 0.070400 0.069679
0 0.550647 0.011012 0.025538 0.021652
0 0.503980 0.519425 0.024375 0.023739
