0 0.538392 0.613338 0.035214 0.034906
0 0.954599 0.630189 0.047679 0.046060
0 0.762992 0.475322 0.062340 0.061648
0 0.492216 0.471872 0.031351 0.030862
0 0.156598 0.296066 0.029555 0.029168
0 0.950637 0.804916 0.048290 0.046798
0 0.710473 0.464965 0.035959 0.036583
0 0.907972 0.874756 0.051657 0.050265
0 0.986467 0.738743 0.027067 0.040309
0 0.847547 0.517381 0.033822 0.033401
0 0.220614 0.829910 0.025846 0.025955
0 0.632531 0.030089 0.031327 0.030106
0 0.093624 0.205220 0.057357 0.058894
0 0.145000 0.406785 0.027941 0.027345
0 0.989182 0.568743 0.021382 0.039292
0 0.452977 0.493226 0.025690 0.025558
0 0.956216 0.840597 0.039028 0.036619
0 0.728955 0.513066 0.044581 0.045112
0 0.768765 0.634888 0.024423 0.024326
0 0.504280 0.970756 0.072316 0.058489
0 0.865398 0.019177 0.028660 0.029280
