0 0.291232 0.365461 0.053671 0.044738
0 0.752559 0.708468 0.053437 0.040803
0 0.620599 0.628931 0.048607 0.038105
0 0.902617 0.147508 0.033147 0.029995
0 0.023201 0.550724 0.046180 0.039743
0 0.224395 0.562821 0.048799 0.043285
0 0.451828 0.941710 0.052336 0.039776
0 0.765004 0.946433 0.043253 0.033649
0 0.349808 0.553240 0.026423 0.023824
0 0.783588 0.329445 0.044984 0.035329
0 0.650865 0.573140 0.026918 0.023647
0 0.820336 0.037037 0.114079 0.074075
0 0.017664 0.522102 0.033992 0.029176
0 0.661266 0.608362 0.029855 0.024573
0 0.114942 0.533742 0.025567 0.022793
0 0.972921 0.363202 0.054158 0.062018
0 0.946738 0.005462 0.031927 0.010813
