0 0.906923 0.913609 0.023044 0.023279
0 0.139672 0.741058 0.053791 0.054119
0 0.696863 0.652420 0.276581 0.293081
0 0.159134 0.113137 0.027685 0.027632
0 0.293824 0.069352 0.041879 0.041865
0 0.067765 0.187859 0.021232 0.021186
0 0.308671 0.183262 0.063778 0.064306
0 0.381103 0.192027 0.034699 0.034777
0 0.099878 0.857071 0.022528 0.022477
0 0.564357 0.944176 0.068186 0.070416
0 0.106668 0.768009 0.032083 0.032761
0 0.104769 0.882317 0.019583 0.019543
0 0.078949 0.911976 0.037877 0.036367
0 0.839801 0.848109 0.050430 0.051181
0 0.315905 0.452269 0.054101 0.053046
0 0.178453 0.321649 0.066807 0.067726
0 0.253454 0.109168 0.035697 0.034954
0 0.277683 0.223328 0.030942 0.032196
0 0.024551 0.307369 0.034882 0.034226
0 0.980083 0.884269 0.036493 0.036200
0 0.976389 0.974529 0.043126 0.044040
0 0.930350 0.949250 0.060655 0.060784
0 0.135422 0.028138 0.057768 0.055341
0 0.147892 0.237802 0.046016 0.046173
0 0.792982 0.085040 0.237763 0.169621
0 0.864530 0.252436 0.079390 0.081924
0 0.543418 0.631322 0.060700 0.062327
0 0.075868 0.429661 0.110664 0.107512
0 0.537275 0.688751 0.069744 0.072196
0 0.722182 0.168009 0.035499 0.036502
0 0.257842 0.063231 0.027715 0.027942
0 0.477730 0.937765 0.039887 0.038577
0 0.262386 0.786289 0.093971 0.092989
0 0.398318 0.065180 0.054866 0.055274
0 0.821807 0.178768 0.048635 0.049949
0 0.432098 0.704144 0.097002 0.097837
0 0.744426 0.149648 0.037814 0.036320
0 0.058873 0.954201 0.045281 0.044901
0 0.595663 0.532672 0.056575 0.055868
0 0.591304 0.398469 0.113361 0.111792
0 0.019343 0.469595 0.038297 0.048197
0 0.951564 0.869799 0.024850 0.025476
0 0.469338 0.244874 0.073292 0.072865
0 0.330657 0.241430 0.045650 0.045712
0 0.091208 0.530464 0.132577 0.139324
0 0.543381 0.884179 0.053165 0.053933
0 0.597969 0.500392 0.079905 0.084088
0 0.956656 0.769980 0.033632 0.035804
0 0.293455 0.728164 0.084669 0.084680
0 0.062248 0.494691 0.051546 0.051628
0 0.125268 0.922840 0.025751 0.023979
0 0.646499 0.450130 0.036912 0.036915
0 0.223193 0.974079 0.065201 0.050348
0 0.224813 0.961954 0.044647 0.044353
0 0.063537 0.090058 0.124947 0.180116
0 0.538047 0.233129 0.056755 0.058349
0 0.326820 0.749735 0.027658 0.028739
