0 0.770023 0.887698 0.096948 0.088058
0 0.449064 0.513189 0.077416 0.070479
0 0.342885 0.767066 0.215502 0.194624
0 0.506876 0.447364 0.084653 0.078635
0 0.317116 0.160595 0.043739 0.042424
0 0.587870 0.450054 0.040907 0.038726
0 0.097212 0.649220 0.051473 0.050086
0 0.080891 0.126837 0.055587 0.052713
0 0.156791 0.224804 0.035238 0.032910
0 0.196476 0.736583 0.063154 0.061586
0 0.151976 0.750087 0.048638 0.047183
0 0.289895 0.622382 0.034730 0.032991
0 0.194370 0.786282 0.050856 0.050814
0 0.245365 0.346966 0.050988 0.046339
0 0.180846 0.370124 0.044324 0.043717
0 0.099977 0.537254 0.038154 0.036855
0 0.073012 0.266599 0.061268 0.055176
0 0.618444 0.507497 0.031803 0.031227
0 0.384957 0.265959 0.031116 0.030508
0 0.783650 0.526908 0.027682 0.027138
0 0.191940 0.280417 0.039071 0.035983
0 0.906883 0.396426 0.070318 0.061652
0 0.157087 0.057849 0.042858 0.040562
0 0.454930 0.728282 0.042711 0.042199
0 0.385601 0.628636 0.028860 0.028645
0 0.328713 0.613074 0.034821 0.033215
0 0.675258 0.539316 0.033776 0.032834
0 0.173887 0.573697 0.027030 0.026451
0 0.281163 0.233387 0.028655 0.027252
0 0.748306 0.690940 0.044881 0.040578
0 0.183584 0.408143 0.034701 0.032676
0 0.378650 0.117710 0.029081 0.027208
0 0.644458 0.726256 0.041901 0.039727
0 0.010207 0.712485 0.020022 0.050793
0 0.904322 0.491639 0.032554 0.030896
0 0.829423 0.747546 0.038823 0.035360
0 0.531932 0.526645 0.028918 0.028174
0 0.968164 0.766907 0.032185 0.032472
0 0.862080 0.742697 0.037064 0.032939
0 0.528786 0.681046 0.033501 0.031369
0 0.779432 0.303535 0.050771 0.045678
0 0.568524 0.105060 0.026907 0.025990
0 0.455350 0.610166 0.061120 0.060322
0 0.424906 0.405838 0.028013 0.026312
0 0.224868 0.198844 0.027223 0.026564
0 0.935955 0.763192 0.041654 0.040885
0 0.897664 0.034248 0.195200 0.068273
0 0.586216 0.127159 0.026856 0.026166
0 0.312756 0.530466 0.024474 0.024353
0 0.522740 0.625402 0.031829 0.029930
0 0.524089 0.573961 0.024416 0.023554
0 0.251246 0.151823 0.026406 0.025799
0 0.943543 0.313932 0.041377 0.039075
0 0.832924 0.202209 0.100878 0.094158
0 0.911618 0.786082 0.039366 0.039345
0 0.072726 0.774632 0.029635 0.028947
0 0.377150 0.291279 0.025355 0.024340
0 0.916791 0.268685 0.031624 0.029777
0 0.842588 0.103304 0.122451 0.110372
0 0.016574 0.953079 0.031584 0.031512
0 0.273407 0.388741 0.025035 0.024320
0 0.016811 0.410559 0.033621 0.036994
0 0.462510 0.917462 0.023942 0.022568
0 0.231991 0.505640 0.025101 0.024651
0 0.943609 0.940924 0.024330 0.024010
0 0.433841 0.651363 0.067445 0.067239
0 0.104202 0.090535 0.032039 0.030681
0 0.656170 0.662854 0.027902 0.026444
0 0.100081 0.984479 0.079096 0.031042
0 0.281647 0.510040 0.022655 0.023013
0 0.892939 0.992288 0.040962 0.014969
0 0.325341 0.492575 0.021463 0.021885
0 0.975849 0.251744 0.047494 0.224477
0 0.580114 0.793513 0.022940 0.022475
0 0.927421 0.779097 0.056299 0.054619
0 0.777522 0.707859 0.024085 0.023553
0 0.098101 0.195213 0.021866 0.021674
0 0.931924 0.716013 0.021790 0.021275
