0 0.538245 0.539676 0.197193 0.190582
0 0.897058 0.364014 0.205040 0.235809
0 0.886613 0.917120 0.165191 0.161461
0 0.958626 0.733988 0.082749 0.088845
0 0.071262 0.956419 0.096977 0.087163
0 0.448654 0.451903 0.110057 0.108984
0 0.769749 0.860960 0.035241 0.034723
0 0.461166 0.211592 0.040001 0.039594
0 0.164350 0.581926 0.040808 0.040844
0 0.079381 0.101305 0.046247 0.045131
0 0.487471 0.050190 0.029698 0.029617
0 0.399110 0.500325 0.031400 0.031524
0 0.065556 0.284094 0.029971 0.029610
0 0.070427 0.528231 0.026808 0.027132
0 0.877483 0.059578 0.223557 0.119156
0 0.078776 0.444888 0.024469 0.024118
0 0.413267 0.969559 0.032799 0.032598
0 0.020480 0.285847 0.036940 0.035280
0 0.114087 0.040253 0.057310 0.057101
0 0.826120 0.239946 0.032984 0.031991
0 0.444947 0.111895 0.024953 0.025368
0 0.365858 0.676735 0.030206 0.030069
0 0.837234 0.671035 0.027246 0.027557
0 0.379466 0.071713 0.034453 0.034230
0 0.702675 0.808098 0.025644 0.025754
0 0.025587 0.136807 0.031483 0.031485
0 0.845404 0.476389 0.027332 0.026553
0 0.769393 0.532553 0.025447 0.025322
0 0.815609 0.858863 0.023373 0.023035
0 0.118218 0.914179 0.043395 0.043767
0 0.364524 0.182523 0.026795 0.027029
0 0.066905 0.795320 0.059454 0.058751
0 0.040113 0.740713 0.080188 0.086751
0 0.557203 0.939977 0.028494 0.028526
0 0.960482 0.165729 0.058894 0.057207
0 0.638604 0.398713 0.026297 0.025974
0 0.636766 0.276404 0.100687 0.095008
0 0.665722 0.075533 0.073460 0.075293
0 0.737151 0.292973 0.026714 0.026347
0 0.216966 0.288440 0.174192 0.181947
0 0.059519 0.356235 0.021528 0.021634
0 0.797833 0.957748 0.185094 0.084504
0 0.317489 0.212279 0.023658 0.023467
0 0.194998 0.438539 0.123295 0.122570
0 0.102342 0.179240 0.026801 0.025983
0 0.816290 0.521128 0.023162 0.023631
0 0.529371 0.013791 0.037958 0.027582
0 0.088122 0.273648 0.025823 0.026940
0 0.133635 0.345285 0.078948 0.079659
0 0.792965 0.697230 0.022043 0.021602
0 0.710783 0.121213 0.048700 0.047670
0 0.300875 0.829014 0.087101 0.085641
0 0.805132 0.989696 0.025505 0.020607
0 0.829318 0.611689 0.028252 0.028294
0 0.988945 0.517911 0.022038 0.034309
0 0.873780 0.201820 0.021172 0.021074
0 0.387169 0.560982 0.021637 0.021528
0 0.008823 0.616780 0.017645 0.019197
0 0.408238 0.718746 0.022228 0.022433
0 0.301905 0.892349 0.065299 0.065864
0 0.671053 0.964673 0.021486 0.021257
