0 0.179168 0.398480 0.211486 0.196999
0 0.683109 0.798731 0.245705 0.225524
0 0.845454 0.537359 0.059139 0.055178
0 0.183024 0.552682 0.179971 0.167057
0 0.109270 0.706275 0.039745 0.037322
0 0.159337 0.038163 0.086224 0.076325
0 0.066245 0.441550 0.034580 0.032845
0 0.237109 0.877299 0.075138 0.069037
0 0.580961 0.926909 0.080780 0.075518
0 0.400803 0.358809 0.081226 0.076846
0 0.931186 0.518805 0.036994 0.035283
0 0.199422 0.653276 0.027680 0.026641
0 0.043783 0.678792 0.049960 0.048142
0 0.221115 0.076029 0.049209 0.045162
0 0.011958 0.089916 0.023917 0.054471
0 0.528282 0.760843 0.106536 0.102459
0 0.780616 0.389666 0.028169 0.027521
0 0.220584 0.730951 0.025896 0.025182
0 0.119650 0.011084 0.076768 0.022167
0 0.011323 0.659717 0.022161 0.058653
0 0.028438 0.437285 0.028026 0.027060
0 0.660125 0.921047 0.059600 0.054103
0 0.745448 0.967931 0.111370 0.064081
0 0.171237 0.503305 0.057593 0.053554
0 0.053924 0.118135 0.043645 0.040041
0 0.335282 0.852611 0.025036 0.024243
0 0.013115 0.977930 0.026229 0.028896
0 0.869914 0.105981 0.064922 0.059836
0 0.222949 0.503698 0.029397 0.028998
0 0.570398 0.042496 0.060600 0.055292
0 0.680628 0.696376 0.074016 0.071582
0 0.422624 0.280988 0.047415 0.044549
0 0.043113 0.216773 0.086226 0.120799
0 0.094641 0.964531 0.025268 0.023381
0 0.818668 0.062577 0.111094 0.100913
0 0.513960 0.917364 0.034760 0.033408
