0 0.601180 0.337878 0.153246 0.154236
0 0.623770 0.829782 0.027371 0.026607
0 0.607561 0.065475 0.026293 0.026365
0 0.335169 0.605469 0.026029 0.025985
0 0.430315 0.886548 0.022750 0.022284
0 0.139195 0.118126 0.030764 0.030891
0 0.511621 0.748621 0.023979 0.023895
0 0.439410 0.767621 0.024314 0.024406
0 0.510439 0.840636 0.025032 0.024869
0 0.330819 0.673243 0.088731 0.087934
0 0.964117 0.720863 0.028865 0.029039
0 0.205920 0.927712 0.047228 0.046866
0 0.806664 0.500967 0.248932 0.250874
0 0.642853 0.575275 0.021844 0.022413
0 0.800340 0.372864 0.022666 0.022865
0 0.206698 0.860220 0.030476 0.030126
0 0.053532 0.807479 0.052091 0.051242
0 0.495773 0.882460 0.020978 0.020458
0 0.446509 0.532619 0.051759 0.050494
0 0.474956 0.174378 0.025421 0.025602
0 0.023725 0.734806 0.036134 0.035239
0 0.546270 0.091048 0.021163 0.021257
0 0.734685 0.620931 0.041786 0.042069
0 0.195567 0.373701 0.021333 0.021417
0 0.139536 0.669544 0.027477 0.028132
0 0.691481 0.879446 0.062796 0.062527
0 0.692364 0.817569 0.043592 0.043456
0 0.313301 0.151919 0.042388 0.042795
0 0.898727 0.553399 0.050484 0.049753
0 0.745455 0.737828 0.050906 0.051220
0 0.222498 0.565555 0.148266 0.148386
0 0.768651 0.576845 0.047811 0.047259
0 0.447194 0.837231 0.022037 0.022003
0 0.346647 0.453620 0.024691 0.024756
0 0.487513 0.126245 0.021031 0.020857
0 0.710938 0.712243 0.036940 0.036834
0 0.982266 0.201807 0.021240 0.021032
0 0.523774 0.161638 0.020577 0.020525
0 0.626831 0.914859 0.021613 0.021743
0 0.489911 0.424494 0.029540 0.029729
0 0.674030 0.926241 0.023156 0.023193
0 0.177626 0.246503 0.022100 0.022226
0 0.007265 0.673119 0.014497 0.023386
0 0.069871 0.619112 0.024391 0.024244
0 0.720810 0.853306 0.033316 0.034016
0 0.090034 0.018352 0.036311 0.034754
0 0.559849 0.157283 0.018887 0.018884
0 0.693236 0.945652 0.019971 0.019737
0 0.112414 0.073532 0.224828 0.147035
0 0.302988 0.089238 0.032376 0.032384
0 0.880882 0.650605 0.020089 0.019243
0 0.025891 0.703698 0.018872 0.018742
0 0.968355 0.935204 0.063290 0.129592
0 0.126577 0.939998 0.019249 0.019149
0 0.562840 0.780920 0.047573 0.047224
0 0.263872 0.169507 0.072000 0.073371
0 0.321854 0.440798 0.019623 0.019617
0 0.426535 0.640561 0.018902 0.018787
0 0.596591 0.667852 0.077727 0.075556
0 0.961018 0.580552 0.077471 0.248669
0 0.489359 0.828846 0.018296 0.017622
0 0.482790 0.698444 0.018202 0.018569
0 0.904501 0.635137 0.093235 0.098005
0 0.008179 0.842261 0.016358 0.019977
0 0.208896 0.175319 0.058925 0.058352
0 0.300466 0.460790 0.021789 0.022144
0 0.391633 0.343231 0.151147 0.151782
0 0.595041 0.801049 0.018813 0.019064
0 0.337901 0.286098 0.020554 0.021482
