0 0.728609 0.899442 0.023846 0.024074
0 0.847160 0.557520 0.058690 0.058322
0 0.700149 0.936961 0.023125 0.023099
0 0.839438 0.218212 0.024824 0.024955
0 0.532183 0.754916 0.039922 0.039493
0 0.300162 0.464638 0.070493 0.068749
0 0.303653 0.106894 0.026851 0.026382
0 0.501511 0.872044 0.037079 0.037141
0 0.908295 0.405389 0.039507 0.039648
0 0.720552 0.559606 0.031970 0.031852
0 0.302771 0.172034 0.031527 0.031463
0 0.739180 0.363390 0.085101 0.085606
0 0.066498 0.410381 0.032469 0.032018
0 0.142672 0.297759 0.023971 0.024113
0 0.503667 0.605929 0.032162 0.032098
0 0.429756 0.059400 0.028898 0.029004
0 0.780051 0.266374 0.068689 0.068646
0 0.144336 0.568139 0.032325 0.032348
0 0.441137 0.843881 0.025371 0.025153
0 0.767438 0.705737 0.035034 0.034639
0 0.882970 0.341971 0.059410 0.059905
0 0.732768 0.085492 0.022566 0.022649
0 0.651909 0.039719 0.053329 0.052864
0 0.870762 0.296653 0.032227 0.032213
0 0.962442 0.171227 0.030800 0.031093
0 0.614341 0.257785 0.038087 0.038214
0 0.763617 0.544787 0.051627 0.051753
0 0.148425 0.680057 0.042821 0.042992
0 0.276395 0.319293 0.056332 0.055868
0 0.595524 0.093558 0.046805 0.046562
0 0.480373 0.465228 0.027082 0.026851
0 0.272513 0.076937 0.022818 0.022240
0 0.691482 0.022156 0.033338 0.033251
0 0.027199 0.692609 0.052547 0.054576
0 0.345858 0.086422 0.028563 0.028206
0 0.471098 0.613208 0.030445 0.030163
0 0.548714 0.836251 0.020256 0.020154
0 0.377712 0.500276 0.068720 0.068458
0 0.324671 0.915705 0.024470 0.024623
0 0.887006 0.043699 0.175549 0.087398
0 0.309965 0.672151 0.024418 0.024021
0 0.321859 0.622188 0.023699 0.024016
0 0.087450 0.931426 0.114271 0.111937
0 0.563915 0.699943 0.064206 0.065054
0 0.145280 0.333798 0.026453 0.026391
0 0.399189 0.843481 0.020653 0.020614
0 0.557691 0.479473 0.032510 0.033193
0 0.403616 0.218114 0.051261 0.051066
0 0.221828 0.487649 0.062533 0.063033
0 0.754644 0.206269 0.037260 0.036266
0 0.531032 0.886120 0.027452 0.026950
0 0.351123 0.877165 0.050983 0.050755
0 0.536777 0.638647 0.022979 0.022851
0 0.511144 0.056171 0.043240 0.043453
0 0.585801 0.432273 0.027306 0.027001
0 0.452147 0.104475 0.024635 0.024973
0 0.693416 0.876512 0.021326 0.021663
0 0.182876 0.930959 0.039292 0.039531
0 0.362420 0.905362 0.035744 0.034637
0 0.442008 0.528865 0.034176 0.033286
0 0.626922 0.756255 0.027208 0.028262
0 0.369460 0.852980 0.037794 0.039502
0 0.409398 0.298609 0.024285 0.024667
0 0.104776 0.015775 0.023388 0.024092
0 0.716453 0.285350 0.074063 0.071918
0 0.020155 0.819338 0.040247 0.062758
0 0.057434 0.573203 0.020609 0.020909
0 0.834872 0.803469 0.066581 0.065561
0 0.354567 0.008581 0.019931 0.017162
0 0.865966 0.937431 0.020385 0.020337
0 0.886258 0.499828 0.020476 0.020450
0 0.469886 0.776367 0.024938 0.024600
0 0.585158 0.732626 0.027667 0.026564
0 0.955918 0.698182 0.058507 0.058178
0 0.152485 0.969476 0.174350 0.061048
0 0.973507 0.320994 0.018460 0.018582
0 0.529463 0.079792 0.043016 0.043138
0 0.328356 0.983419 0.020165 0.020711
0 0.599124 0.746566 0.020480 0.020486
0 0.511094 0.642335 0.022865 0.022982
0 0.678331 0.337395 0.089830 0.090135
0 0.872527 0.898582 0.018387 0.018438
0 0.816270 0.183454 0.075559 0.073485
0 0.115192 0.792616 0.024008 0.024039
0 0.209812 0.808745 0.018872 0.018605
0 0.582916 0.051381 0.030154 0.030081
0 0.628900 0.689008 0.046898 0.047274
0 0.779175 0.599057 0.025789 0.025237
0 0.961334 0.291033 0.028415 0.028597
0 0.813156 0.307720 0.020527 0.020080
0 0.536789 0.660016 0.022129 0.022496
0 0.674227 0.536937 0.205654 0.218060
0 0.977847 0.976612 0.044306 0.045605
0 0.971120 0.520937 0.020143 0.019765
0 0.262029 0.428537 0.018078 0.018091
0 0.789593 0.142140 0.047096 0.047718
0 0.078215 0.841320 0.070278 0.070945
0 0.910507 0.559771 0.024706 0.024618
0 0.470125 0.833727 0.023710 0.023559
0 0.743494 0.294889 0.042123 0.044537
0 0.815866 0.769746 0.048406 0.046367
