0 0.972202 0.786202 0.047250 0.046739
0 0.840893 0.971052 0.044370 0.043452
0 0.533524 0.130122 0.045008 0.045203
0 0.612950 0.328383 0.029578 0.029034
0 0.612939 0.889698 0.028298 0.028412
0 0.914092 0.982171 0.031995 0.031643
0 0.388497 0.761723 0.027719 0.027810
0 0.474750 0.873152 0.028148 0.027968
0 0.882851 0.970423 0.035044 0.034009
0 0.527938 0.597960 0.026350 0.025716
0 0.365144 0.623833 0.028111 0.028045
0 0.832203 0.781682 0.026589 0.026892
0 0.041734 0.110985 0.083469 0.130679
0 0.509053 0.361297 0.036337 0.037134
0 0.599577 0.097513 0.065064 0.056655
0 0.389201 0.863279 0.024791 0.024724
0 0.155359 0.613203 0.022494 0.022910
0 0.832040 0.931850 0.026194 0.025614
0 0.870050 0.864636 0.022028 0.022241
