0 0.536229 0.401479 0.061238 0.046494
0 0.337986 0.573432 0.046656 0.037746
0 0.920420 0.836912 0.050311 0.042294
0 0.117538 0.637355 0.235075 0.284442
0 0.929232 0.197631 0.039596 0.033271
0 0.792796 0.782273 0.048568 0.037566
0 0.508764 0.073810 0.060693 0.049870
0 0.948170 0.048922 0.103660 0.097075
0 0.333286 0.409807 0.224798 0.192534
0 0.282885 0.651909 0.035686 0.027851
0 0.970392 0.069690 0.059217 0.057520
0 0.977581 0.273055 0.038339 0.032321
0 0.849415 0.479336 0.034855 0.027000
0 0.750804 0.765096 0.044287 0.032708
0 0.832007 0.299175 0.038717 0.033632
0 0.704387 0.477145 0.046926 0.036336
0 0.208707 0.733471 0.054687 0.045081
0 0.986207 0.650439 0.027586 0.029763
0 0.727283 0.741529 0.033298 0.028105
0 0.713672 0.469839 0.036162 0.027878
0 0.927270 0.679442 0.035610 0.027979
