0 0.675107 0.611187 0.053844 0.051772
0 0.285304 0.717556 0.047335 0.045261
0 0.669499 0.813000 0.031842 0.030851
0 0.947254 0.287807 0.043192 0.043155
0 0.713783 0.733723 0.039487 0.038684
0 0.319214 0.642297 0.028618 0.029226
0 0.669075 0.535765 0.023717 0.023608
0 0.706178 0.903902 0.026968 0.026421
0 0.510010 0.895679 0.035869 0.034550
0 0.155269 0.562172 0.023573 0.022716
0 0.676394 0.690555 0.024311 0.023934
0 0.728148 0.518517 0.022988 0.022406
0 0.941163 0.316116 0.032173 0.032822
0 0.527757 0.486273 0.022927 0.023130
0 0.800272 0.701418 0.024382 0.024038
0 0.956686 0.165068 0.024563 0.024799
