0 0.451025 0.414719 0.039337 0.039001
0 0.056382 0.725694 0.066346 0.065832
0 0.437913 0.446128 0.026901 0.026777
0 0.162400 0.278356 0.052360 0.052292
0 0.166777 0.234181 0.039615 0.039543
0 0.033308 0.662949 0.044451 0.044302
0 0.523763 0.218863 0.029521 0.029773
0 0.244293 0.093681 0.028878 0.028985
0 0.792532 0.036552 0.043484 0.042773
0 0.659951 0.527110 0.045242 0.045052
0 0.727375 0.129012 0.024903 0.025820
0 0.949193 0.301832 0.032431 0.032195
0 0.017651 0.618666 0.035104 0.050496
0 0.437090 0.789489 0.031319 0.028517
0 0.010884 0.688374 0.021768 0.028972
0 0.623717 0.611537 0.029413 0.029523
0 0.353430 0.377723 0.028149 0.028201
0 0.608028 0.717549 0.031041 0.030666
0 0.426526 0.706955 0.024510 0.024471
0 0.258772 0.415065 0.039226 0.039302
0 0.785333 0.790999 0.028857 0.024380
0 0.015301 0.334363 0.030601 0.035327
0 0.577738 0.009139 0.024531 0.017823
0 0.596227 0.649470 0.023585 0.023734
0 0.303499 0.061394 0.018636 0.018852
0 0.885314 0.185065 0.037013 0.036099
0 0.736927 0.387432 0.038811 0.038085
0 0.635030 0.183966 0.033635 0.033844
0 0.712541 0.079933 0.023419 0.023474
0 0.974604 0.133126 0.026444 0.026834
0 0.431027 0.189553 0.025168 0.025072
0 0.817006 0.371040 0.024079 0.024300
0 0.493687 0.784141 0.024353 0.023395
0 0.598290 0.160523 0.022894 0.022539
0 0.985382 0.156735 0.024679 0.024367
0 0.641693 0.700574 0.039098 0.038849
