0 0.800673 0.611095 0.202401 0.191910
0 0.660268 0.492058 0.028051 0.027835
0 0.236693 0.751075 0.024653 0.024762
0 0.166196 0.499537 0.166543 0.167201
0 0.846561 0.734579 0.028758 0.028595
0 0.291423 0.580638 0.028541 0.027616
0 0.383902 0.231845 0.089121 0.089764
0 0.136476 0.845514 0.029214 0.029367
0 0.028262 0.954308 0.036384 0.036115
0 0.428539 0.423682 0.060133 0.059780
0 0.575556 0.163638 0.033373 0.033154
0 0.349134 0.297373 0.035917 0.036364
0 0.730709 0.140755 0.111722 0.111337
0 0.294201 0.545388 0.073525 0.073636
0 0.907845 0.663962 0.041936 0.042271
0 0.601596 0.040945 0.040999 0.039825
0 0.632981 0.215143 0.057014 0.057589
0 0.063446 0.402996 0.030615 0.030588
0 0.254232 0.710432 0.025702 0.025434
0 0.666166 0.178103 0.094223 0.092509
0 0.755089 0.232977 0.028922 0.028727
0 0.252880 0.057433 0.046192 0.046148
0 0.015273 0.389115 0.029880 0.034257
0 0.260819 0.294650 0.035977 0.035190
0 0.462909 0.226649 0.033575 0.034071
0 0.549324 0.319568 0.048018 0.048169
0 0.320615 0.187706 0.071942 0.071988
0 0.850023 0.109026 0.089993 0.089273
0 0.717566 0.058974 0.025440 0.025256
0 0.827153 0.815046 0.037866 0.037523
0 0.481547 0.383952 0.054304 0.053793
0 0.112269 0.577887 0.051169 0.051194
0 0.055182 0.427028 0.022550 0.022272
0 0.010479 0.338328 0.020514 0.021828
0 0.102763 0.014179 0.023792 0.024077
0 0.855422 0.015660 0.027019 0.026637
0 0.984299 0.749415 0.027360 0.026988
0 0.027141 0.847651 0.023727 0.023818
0 0.426859 0.038565 0.085674 0.077105
0 0.937926 0.145252 0.064547 0.063771
0 0.180233 0.788855 0.022533 0.022371
0 0.544662 0.761020 0.021377 0.021619
0 0.819353 0.324880 0.023981 0.023436
0 0.568152 0.586472 0.023578 0.023718
0 0.042494 0.107022 0.084988 0.114136
0 0.586688 0.200042 0.021897 0.021724
0 0.238122 0.185336 0.030917 0.030589
0 0.926683 0.786671 0.022977 0.022571
0 0.771420 0.802435 0.070683 0.070949
0 0.407962 0.456028 0.021546 0.021745
0 0.562957 0.874362 0.019916 0.019919
0 0.240482 0.993023 0.036857 0.013954
0 0.490953 0.107179 0.022709 0.022784
0 0.758232 0.907833 0.047142 0.046122
0 0.508706 0.137279 0.079177 0.078649
0 0.352270 0.520942 0.051007 0.050568
0 0.232781 0.104605 0.049156 0.049212
0 0.310515 0.063033 0.117176 0.111713
0 0.835432 0.527929 0.024570 0.024341
0 0.967460 0.734555 0.019704 0.019289
0 0.559793 0.373717 0.075132 0.074167
0 0.631264 0.699735 0.081211 0.081866
0 0.911209 0.187411 0.021749 0.021833
0 0.988986 0.434916 0.021974 0.067167
0 0.011550 0.188489 0.022795 0.069820
0 0.211164 0.963308 0.060024 0.061408
0 0.805238 0.403594 0.020580 0.020412
0 0.716061 0.947860 0.031398 0.031545
0 0.632058 0.891224 0.022231 0.022167
0 0.669395 0.658000 0.081856 0.080633
0 0.812400 0.847406 0.050266 0.051760
0 0.465968 0.876913 0.018601 0.018523
0 0.390231 0.835882 0.084732 0.087246
0 0.905034 0.831475 0.037278 0.037371
0 0.274352 0.480876 0.088873 0.086651
0 0.072628 0.613894 0.053161 0.052544
0 0.493679 0.847492 0.019141 0.018720
0 0.382028 0.643716 0.026127 0.026308
0 0.309230 0.242410 0.032551 0.032912
0 0.454492 0.163705 0.019592 0.019522
0 0.032226 0.065129 0.027202 0.027419
0 0.565491 0.272393 0.019295 0.019153
0 0.982358 0.588744 0.020295 0.020573
0 0.125228 0.359059 0.250457 0.419588
0 0.571765 0.933708 0.087500 0.089761
0 0.251665 0.907209 0.280826 0.185582
0 0.735015 0.732507 0.092673 0.091008
0 0.968520 0.809814 0.058058 0.060898
0 0.610580 0.784553 0.079503 0.076620
0 0.894076 0.110620 0.036071 0.039003
0 0.819349 0.918946 0.030256 0.030570
0 0.802658 0.211531 0.031154 0.031335
0 0.611529 0.969909 0.074990 0.060000
