0 0.697202 0.943284 0.119902 0.113117
0 0.674469 0.392845 0.188720 0.185726
0 0.494158 0.571695 0.210594 0.213237
0 0.878856 0.515078 0.138329 0.139692
0 0.597215 0.278052 0.026250 0.025964
0 0.939250 0.220516 0.028617 0.029027
0 0.316163 0.381608 0.023191 0.023784
0 0.901000 0.112019 0.040749 0.040948
0 0.853019 0.326633 0.069692 0.069536
0 0.390969 0.660911 0.028996 0.029164
0 0.196596 0.383222 0.113327 0.115104
0 0.692956 0.272036 0.031516 0.031321
0 0.300876 0.304563 0.030290 0.030064
0 0.747223 0.694737 0.029514 0.029216
0 0.966299 0.414033 0.034873 0.035293
0 0.852974 0.106789 0.060187 0.060901
0 0.876019 0.160099 0.025145 0.024823
0 0.741005 0.864155 0.062028 0.063143
0 0.580468 0.470694 0.026190 0.026295
0 0.835415 0.178524 0.037227 0.037124
0 0.920700 0.748812 0.025226 0.024975
0 0.090516 0.589968 0.065254 0.065553
0 0.382205 0.526862 0.040044 0.040360
0 0.765187 0.315008 0.039108 0.039118
0 0.549634 0.967202 0.027213 0.027096
0 0.641578 0.606598 0.187569 0.186583
0 0.889711 0.610249 0.028866 0.028835
0 0.118971 0.816166 0.052542 0.052337
0 0.351686 0.793482 0.034280 0.034544
0 0.749281 0.212192 0.059932 0.059637
0 0.986579 0.773040 0.024299 0.024395
0 0.776791 0.009780 0.036241 0.019463
0 0.791717 0.161952 0.027011 0.027361
0 0.840930 0.681606 0.025172 0.025019
0 0.425098 0.379260 0.213995 0.216775
0 0.660927 0.146842 0.068380 0.068581
0 0.323751 0.695841 0.031555 0.030795
0 0.411555 0.157214 0.028646 0.028514
0 0.697179 0.552600 0.030368 0.031340
0 0.809183 0.062938 0.041723 0.041945
0 0.544710 0.264475 0.050587 0.050294
0 0.195876 0.645731 0.029166 0.029026
0 0.783497 0.193048 0.025175 0.025497
0 0.911407 0.326459 0.089496 0.091835
0 0.861864 0.193231 0.023695 0.023422
0 0.215164 0.022766 0.033114 0.033065
0 0.055896 0.468416 0.027120 0.026817
0 0.623972 0.041652 0.170058 0.082978
0 0.050636 0.965594 0.037043 0.037207
0 0.046194 0.324984 0.031205 0.031448
0 0.623776 0.177103 0.028744 0.028466
0 0.085378 0.072895 0.032187 0.034036
0 0.195712 0.763292 0.169093 0.172192
0 0.794537 0.772555 0.025223 0.025056
0 0.722907 0.496764 0.023691 0.024064
0 0.573644 0.435363 0.032730 0.032725
0 0.615647 0.874635 0.038487 0.038201
0 0.790228 0.525745 0.025862 0.026004
0 0.624949 0.602288 0.021663 0.021592
0 0.546085 0.351531 0.078408 0.078742
0 0.495640 0.087928 0.029220 0.029384
0 0.487223 0.840465 0.042324 0.042243
0 0.078280 0.097015 0.038374 0.037579
0 0.391975 0.133524 0.033413 0.032984
0 0.711692 0.454839 0.064978 0.065792
0 0.522788 0.392822 0.028593 0.029241
0 0.631934 0.719565 0.021329 0.021474
0 0.804328 0.482557 0.030392 0.030651
0 0.326137 0.946124 0.352500 0.107082
0 0.013705 0.772972 0.027300 0.055607
0 0.274287 0.561872 0.027064 0.027134
0 0.983916 0.073781 0.025760 0.025207
0 0.966909 0.273352 0.040834 0.040937
0 0.119351 0.390652 0.025293 0.026098
0 0.889759 0.235452 0.044101 0.044698
0 0.471787 0.300421 0.059959 0.060382
0 0.274837 0.681370 0.020547 0.020874
0 0.741350 0.030471 0.050961 0.052028
0 0.912299 0.917676 0.019656 0.019648
0 0.777530 0.424418 0.020420 0.020395
0 0.387554 0.561178 0.021173 0.021254
0 0.586348 0.061999 0.054970 0.054856
0 0.850196 0.876115 0.022323 0.022587
0 0.981878 0.924595 0.034420 0.034549
0 0.463779 0.337381 0.094704 0.095414
0 0.876670 0.495113 0.019918 0.019693
0 0.647550 0.165598 0.024862 0.024258
0 0.900093 0.440853 0.065456 0.066691
0 0.422047 0.466469 0.045079 0.045372
0 0.950667 0.990291 0.018821 0.018488
0 0.130543 0.682531 0.020272 0.020354
0 0.033622 0.488959 0.027847 0.028265
0 0.420570 0.305248 0.020581 0.020380
0 0.099253 0.642869 0.020773 0.021089
0 0.989691 0.524032 0.020619 0.024996
0 0.535588 0.806187 0.021794 0.021913
0 0.978744 0.094575 0.022430 0.022690
0 0.106020 0.092103 0.206109 0.184207
0 0.360790 0.630021 0.033246 0.033063
0 0.166217 0.159506 0.044246 0.043907
0 0.777447 0.361376 0.029978 0.029983
0 0.408207 0.696559 0.019687 0.019540
0 0.905923 0.652391 0.059120 0.059385
0 0.119179 0.027577 0.017879 0.018155
0 0.278469 0.718181 0.027032 0.027172
0 0.006848 0.869649 0.013695 0.053995
0 0.666596 0.515597 0.036914 0.037120
0 0.135654 0.287210 0.078540 0.076290
0 0.512734 0.366354 0.023561 0.023723
0 0.813034 0.636871 0.018808 0.018628
0 0.933771 0.417589 0.017753 0.017712
0 0.202211 0.258283 0.020347 0.020402
0 0.242772 0.436252 0.019183 0.019360
0 0.107946 0.254218 0.162790 0.165972
0 0.194879 0.494430 0.026162 0.024746
0 0.303493 0.442166 0.055898 0.056001
0 0.240445 0.659751 0.050046 0.048420
0 0.048453 0.689124 0.018343 0.018491
0 0.064319 0.432578 0.018170 0.017926
0 0.865304 0.900014 0.269393 0.199971
0 0.070686 0.536886 0.018617 0.018929
0 0.984203 0.674478 0.031288 0.034271
0 0.417033 0.111057 0.046064 0.044822
0 0.325989 0.492351 0.019017 0.019179
0 0.249077 0.514365 0.144093 0.149953
0 0.019816 0.993774 0.024837 0.012453
