0 0.259159 0.220871 0.112834 0.110193
0 0.345393 0.668069 0.068589 0.069763
0 0.067031 0.274153 0.127421 0.124855
0 0.248542 0.324268 0.045869 0.045875
0 0.196858 0.284392 0.039998 0.040009
0 0.393323 0.917245 0.031622 0.030962
0 0.110574 0.762576 0.025173 0.025480
0 0.138584 0.902947 0.027442 0.027370
0 0.147300 0.355403 0.027671 0.027278
0 0.691331 0.902873 0.036286 0.036033
0 0.119328 0.963562 0.024414 0.024749
0 0.655561 0.141091 0.027087 0.026866
0 0.842847 0.686512 0.029663 0.029478
0 0.151342 0.828252 0.025188 0.025023
0 0.578184 0.523537 0.028305 0.027440
0 0.668981 0.538975 0.039069 0.038135
0 0.651939 0.639051 0.028292 0.028076
0 0.604444 0.471393 0.043195 0.042921
0 0.842554 0.127855 0.024977 0.024949
0 0.965264 0.353340 0.037284 0.037297
0 0.596137 0.026958 0.027376 0.026984
0 0.606503 0.634548 0.028906 0.028687
0 0.175802 0.750003 0.021501 0.021486
0 0.617606 0.375887 0.022589 0.022590
0 0.332925 0.951122 0.020785 0.020723
0 0.097297 0.115846 0.024283 0.024007
0 0.179942 0.428599 0.026747 0.027267
0 0.737737 0.136765 0.023331 0.023124
0 0.143731 0.170508 0.042125 0.041577
0 0.847733 0.021026 0.034020 0.033174
0 0.362211 0.155440 0.020234 0.019926
